 $INPUT
 IMODEL	=             1
 N	=           120
 MINSTP	=             0
 VEOS	=  1.000000000000000
 ILOOP	=             1
 STATIC	=   F
 FRACT	=  3.0000000000000001E-03
 SHINE	=  0.3000000000000000
 SHAVE	=  9.9999999999999995E-08
 POUT	=  5000000.000000000
 AMETH	=             2
 CMETH	=             1
 NOBOND	=             1
 TBEG	=  5.0000000000000004E-06
 TIMEF	=  20.00000000000000
 DTIMEO	=  5.0000000000000003E-02
 STEPO	=  0.5000000000000000
 LCORR	=   T
 LSTART	=   F
 MAXSTP	=         10000
 SPK	=  18.00000000000000
 STARL	=  0.0000000000000000E+00
 DIST	=  5.200000000000000
 ALB	=  0.3500000000000000
 TEFFS	=  5770.000000000000
 LCONV	=   T
 LTRANS	=   T
 LPOUT	=   F
 LFILL	=   F
 LCONT	=   T
 LBURN	=   T
 MAG	=  'O '
 GAM	=  '7X'
 MASS	=  218.8120000000000
 YHEA	=  0.2500000000000000
 YDI	=  2.0000000000000002E-05
 HB	=  1.000000000000000
 $end
 
 
 Gam,Mass,Yhe,Ydi,Dist,starl,alb=  7X 218.812   0.250 0.200E-04 0.520E+01 0.000E+00 0.350E+00
  I  Time(Gyrs) Teff        Lumin      Rad(Gcm)  Tc         Rhoc       S      Ratio  Yd         Yl


   5 0.5912E-06 0.4585E+04 0.1158E+01 0.1186E+03 0.5316E+06 0.2100E+00 17.986 0.0003 0.2000E-04 0.1000E+01
  10 0.1350E-05 0.4583E+04 0.1136E+01 0.1176E+03 0.5357E+06 0.2150E+00 17.966 0.0003 0.2000E-04 0.1000E+01
  15 0.2132E-05 0.4581E+04 0.1114E+01 0.1165E+03 0.5399E+06 0.2201E+00 17.946 0.0004 0.2000E-04 0.1000E+01
  20 0.2936E-05 0.4578E+04 0.1092E+01 0.1155E+03 0.5441E+06 0.2253E+00 17.927 0.0004 0.2000E-04 0.1000E+01
  25 0.3766E-05 0.4575E+04 0.1070E+01 0.1145E+03 0.5484E+06 0.2306E+00 17.907 0.0005 0.2000E-04 0.1000E+01
  30 0.4622E-05 0.4565E+04 0.1042E+01 0.1136E+03 0.5527E+06 0.2361E+00 17.887 0.0006 0.2000E-04 0.1000E+01
  33 0.0000E+00 0.4558E+04 0.1029E+01 0.1131E+03 0.5546E+06 0.2385E+00 17.878 0.0006 0.2000E-04 0.1000E+01
  35 0.3575E-06 0.4552E+04 0.1016E+01 0.1127E+03 0.5563E+06 0.2408E+00 17.870 0.0007 0.2000E-04 0.1000E+01
  40 0.1278E-05 0.4536E+04 0.9853E+00 0.1118E+03 0.5607E+06 0.2465E+00 17.850 0.0008 0.2000E-04 0.1000E+01
  45 0.2236E-05 0.4521E+04 0.9554E+00 0.1108E+03 0.5651E+06 0.2524E+00 17.830 0.0010 0.2000E-04 0.1000E+01
  50 0.3232E-05 0.4506E+04 0.9263E+00 0.1098E+03 0.5695E+06 0.2584E+00 17.810 0.0011 0.2000E-04 0.1000E+01
  55 0.4267E-05 0.4490E+04 0.8981E+00 0.1089E+03 0.5740E+06 0.2646E+00 17.790 0.0013 0.2000E-04 0.1000E+01
  60 0.5342E-05 0.4475E+04 0.8707E+00 0.1080E+03 0.5785E+06 0.2709E+00 17.770 0.0016 0.2000E-04 0.1000E+01
  65 0.6459E-05 0.4460E+04 0.8441E+00 0.1070E+03 0.5831E+06 0.2773E+00 17.750 0.0019 0.2000E-04 0.1000E+01
  70 0.7620E-05 0.4445E+04 0.8184E+00 0.1061E+03 0.5876E+06 0.2839E+00 17.730 0.0022 0.2000E-04 0.1000E+01
  75 0.8826E-05 0.4429E+04 0.7935E+00 0.1052E+03 0.5922E+06 0.2906E+00 17.710 0.0026 0.2000E-04 0.1000E+01
  80 0.1008E-04 0.4414E+04 0.7693E+00 0.1043E+03 0.5968E+06 0.2975E+00 17.690 0.0030 0.2000E-04 0.1000E+01
  85 0.1139E-04 0.4399E+04 0.7458E+00 0.1034E+03 0.6014E+06 0.3045E+00 17.670 0.0035 0.2000E-04 0.1000E+01
  90 0.1275E-04 0.4383E+04 0.7230E+00 0.1025E+03 0.6060E+06 0.3117E+00 17.650 0.0042 0.2000E-04 0.1000E+01
  95 0.1416E-04 0.4368E+04 0.7008E+00 0.1017E+03 0.6107E+06 0.3191E+00 17.630 0.0049 0.2000E-04 0.1000E+01
 100 0.1563E-04 0.4353E+04 0.6794E+00 0.1008E+03 0.6154E+06 0.3266E+00 17.610 0.0057 0.2000E-04 0.1000E+01
 105 0.1716E-04 0.4338E+04 0.6586E+00 0.9995E+02 0.6201E+06 0.3343E+00 17.590 0.0067 0.2000E-04 0.1000E+01
 110 0.1875E-04 0.4323E+04 0.6385E+00 0.9910E+02 0.6248E+06 0.3422E+00 17.570 0.0079 0.2000E-04 0.1000E+01
 115 0.2041E-04 0.4308E+04 0.6191E+00 0.9826E+02 0.6295E+06 0.3502E+00 17.550 0.0093 0.1999E-04 0.1000E+01
 120 0.2213E-04 0.4293E+04 0.6003E+00 0.9742E+02 0.6343E+06 0.3585E+00 17.530 0.0108 0.1999E-04 0.1000E+01
 125 0.2394E-04 0.4278E+04 0.5819E+00 0.9660E+02 0.6391E+06 0.3669E+00 17.510 0.0127 0.1999E-04 0.1000E+01
 130 0.2581E-04 0.4263E+04 0.5640E+00 0.9578E+02 0.6439E+06 0.3756E+00 17.490 0.0149 0.1999E-04 0.1000E+01
 135 0.2777E-04 0.4247E+04 0.5465E+00 0.9496E+02 0.6488E+06 0.3844E+00 17.470 0.0174 0.1999E-04 0.1000E+01
 140 0.2981E-04 0.4232E+04 0.5294E+00 0.9416E+02 0.6537E+06 0.3934E+00 17.450 0.0203 0.1999E-04 0.1000E+01
 145 0.3194E-04 0.4216E+04 0.5129E+00 0.9337E+02 0.6586E+06 0.4026E+00 17.430 0.0237 0.1998E-04 0.1000E+01
 150 0.3416E-04 0.4200E+04 0.4968E+00 0.9258E+02 0.6635E+06 0.4121E+00 17.410 0.0277 0.1998E-04 0.1000E+01
 155 0.3649E-04 0.4185E+04 0.4812E+00 0.9180E+02 0.6685E+06 0.4217E+00 17.390 0.0324 0.1998E-04 0.1000E+01
 160 0.3892E-04 0.4169E+04 0.4662E+00 0.9103E+02 0.6735E+06 0.4316E+00 17.370 0.0378 0.1997E-04 0.1000E+01
 165 0.4146E-04 0.4153E+04 0.4516E+00 0.9026E+02 0.6785E+06 0.4416E+00 17.350 0.0440 0.1997E-04 0.1000E+01
 170 0.4412E-04 0.4138E+04 0.4374E+00 0.8951E+02 0.6835E+06 0.4519E+00 17.330 0.0513 0.1996E-04 0.1000E+01
 175 0.4690E-04 0.4122E+04 0.4237E+00 0.8876E+02 0.6885E+06 0.4624E+00 17.310 0.0597 0.1996E-04 0.1000E+01
 180 0.4983E-04 0.4107E+04 0.4104E+00 0.8802E+02 0.6935E+06 0.4731E+00 17.290 0.0694 0.1995E-04 0.1000E+01
 185 0.5290E-04 0.4091E+04 0.3975E+00 0.8729E+02 0.6985E+06 0.4840E+00 17.270 0.0807 0.1994E-04 0.1000E+01
 190 0.5614E-04 0.4078E+04 0.3860E+00 0.8656E+02 0.7036E+06 0.4952E+00 17.250 0.0935 0.1993E-04 0.1000E+01
 195 0.5954E-04 0.4065E+04 0.3748E+00 0.8584E+02 0.7086E+06 0.5066E+00 17.230 0.1082 0.1991E-04 0.1000E+01
 200 0.6314E-04 0.4052E+04 0.3640E+00 0.8513E+02 0.7136E+06 0.5183E+00 17.210 0.1252 0.1990E-04 0.1000E+01
 205 0.6696E-04 0.4039E+04 0.3534E+00 0.8443E+02 0.7187E+06 0.5302E+00 17.190 0.1448 0.1988E-04 0.1000E+01
 210 0.7102E-04 0.4026E+04 0.3431E+00 0.8373E+02 0.7238E+06 0.5423E+00 17.170 0.1672 0.1985E-04 0.1000E+01
 215 0.7536E-04 0.4013E+04 0.3331E+00 0.8304E+02 0.7289E+06 0.5547E+00 17.150 0.1930 0.1983E-04 0.1000E+01
 220 0.8002E-04 0.4000E+04 0.3232E+00 0.8236E+02 0.7340E+06 0.5674E+00 17.130 0.2226 0.1979E-04 0.1000E+01
 225 0.8505E-04 0.3986E+04 0.3136E+00 0.8168E+02 0.7391E+06 0.5803E+00 17.110 0.2566 0.1975E-04 0.1000E+01
 230 0.9053E-04 0.3972E+04 0.3042E+00 0.8101E+02 0.7442E+06 0.5935E+00 17.090 0.2954 0.1971E-04 0.1000E+01
 235 0.9657E-04 0.3958E+04 0.2951E+00 0.8035E+02 0.7493E+06 0.6070E+00 17.070 0.3397 0.1965E-04 0.1000E+01
 240 0.1033E-03 0.3944E+04 0.2862E+00 0.7969E+02 0.7545E+06 0.6207E+00 17.050 0.3901 0.1957E-04 0.1000E+01
 245 0.1110E-03 0.3930E+04 0.2776E+00 0.7905E+02 0.7597E+06 0.6347E+00 17.030 0.4473 0.1948E-04 0.1000E+01
 250 0.1198E-03 0.3916E+04 0.2693E+00 0.7841E+02 0.7649E+06 0.6490E+00 17.010 0.5118 0.1936E-04 0.1000E+01
 255 0.1304E-03 0.3902E+04 0.2613E+00 0.7778E+02 0.7701E+06 0.6635E+00 16.990 0.5838 0.1920E-04 0.1000E+01
 260 0.1435E-03 0.3889E+04 0.2535E+00 0.7715E+02 0.7753E+06 0.6783E+00 16.971 0.6631 0.1898E-04 0.1000E+01
 265 0.1590E-03 0.3876E+04 0.2467E+00 0.7660E+02 0.7800E+06 0.6918E+00 16.953 0.7395 0.1870E-04 0.1000E+01
 270 0.1733E-03 0.3868E+04 0.2421E+00 0.7621E+02 0.7833E+06 0.7016E+00 16.941 0.7947 0.1842E-04 0.1000E+01
 275 0.1869E-03 0.3863E+04 0.2390E+00 0.7593E+02 0.7858E+06 0.7088E+00 16.931 0.8338 0.1814E-04 0.1000E+01
 280 0.1998E-03 0.3859E+04 0.2366E+00 0.7571E+02 0.7877E+06 0.7145E+00 16.924 0.8624 0.1787E-04 0.1000E+01
 285 0.2123E-03 0.3855E+04 0.2347E+00 0.7553E+02 0.7893E+06 0.7191E+00 16.919 0.8834 0.1760E-04 0.1000E+01
 290 0.2244E-03 0.3853E+04 0.2332E+00 0.7538E+02 0.7905E+06 0.7229E+00 16.914 0.8988 0.1734E-04 0.1000E+01
 295 0.2362E-03 0.3851E+04 0.2319E+00 0.7526E+02 0.7916E+06 0.7262E+00 16.910 0.9101 0.1708E-04 0.1000E+01
 300 0.2478E-03 0.3849E+04 0.2308E+00 0.7515E+02 0.7926E+06 0.7290E+00 16.906 0.9183 0.1683E-04 0.1000E+01
 305 0.2592E-03 0.3847E+04 0.2297E+00 0.7506E+02 0.7934E+06 0.7316E+00 16.903 0.9244 0.1657E-04 0.1000E+01
 310 0.2704E-03 0.3845E+04 0.2288E+00 0.7497E+02 0.7942E+06 0.7340E+00 16.900 0.9288 0.1633E-04 0.1000E+01
 315 0.2814E-03 0.3844E+04 0.2280E+00 0.7489E+02 0.7949E+06 0.7362E+00 16.897 0.9319 0.1608E-04 0.1000E+01
 320 0.2923E-03 0.3842E+04 0.2271E+00 0.7481E+02 0.7956E+06 0.7383E+00 16.895 0.9342 0.1584E-04 0.1000E+01
 325 0.3030E-03 0.3841E+04 0.2264E+00 0.7474E+02 0.7963E+06 0.7403E+00 16.893 0.9356 0.1561E-04 0.1000E+01
 330 0.3136E-03 0.3839E+04 0.2256E+00 0.7466E+02 0.7969E+06 0.7423E+00 16.890 0.9366 0.1538E-04 0.1000E+01
 335 0.3240E-03 0.3838E+04 0.2249E+00 0.7460E+02 0.7975E+06 0.7441E+00 16.888 0.9371 0.1515E-04 0.1000E+01
 340 0.3343E-03 0.3837E+04 0.2242E+00 0.7453E+02 0.7982E+06 0.7460E+00 16.886 0.9374 0.1492E-04 0.1000E+01
 345 0.3445E-03 0.3836E+04 0.2235E+00 0.7446E+02 0.7988E+06 0.7478E+00 16.883 0.9373 0.1470E-04 0.1000E+01
 350 0.3546E-03 0.3834E+04 0.2228E+00 0.7440E+02 0.7993E+06 0.7497E+00 16.881 0.9371 0.1448E-04 0.1000E+01
 355 0.3646E-03 0.3833E+04 0.2222E+00 0.7433E+02 0.7999E+06 0.7514E+00 16.879 0.9368 0.1426E-04 0.1000E+01
 360 0.3744E-03 0.3832E+04 0.2215E+00 0.7427E+02 0.8005E+06 0.7532E+00 16.877 0.9363 0.1405E-04 0.1000E+01
 365 0.3841E-03 0.3831E+04 0.2208E+00 0.7420E+02 0.8011E+06 0.7550E+00 16.875 0.9357 0.1384E-04 0.1000E+01
 370 0.3938E-03 0.3830E+04 0.2202E+00 0.7414E+02 0.8017E+06 0.7568E+00 16.873 0.9350 0.1364E-04 0.1000E+01
 375 0.4033E-03 0.3828E+04 0.2195E+00 0.7408E+02 0.8022E+06 0.7586E+00 16.871 0.9343 0.1343E-04 0.1000E+01
 380 0.4127E-03 0.3827E+04 0.2189E+00 0.7402E+02 0.8028E+06 0.7603E+00 16.869 0.9335 0.1323E-04 0.1000E+01
 385 0.4220E-03 0.3826E+04 0.2183E+00 0.7395E+02 0.8034E+06 0.7621E+00 16.867 0.9328 0.1303E-04 0.1000E+01
 390 0.4312E-03 0.3825E+04 0.2176E+00 0.7389E+02 0.8039E+06 0.7638E+00 16.864 0.9319 0.1284E-04 0.1000E+01
 395 0.4403E-03 0.3823E+04 0.2170E+00 0.7383E+02 0.8045E+06 0.7656E+00 16.862 0.9311 0.1265E-04 0.1000E+01
 400 0.4493E-03 0.3822E+04 0.2163E+00 0.7377E+02 0.8050E+06 0.7674E+00 16.860 0.9302 0.1246E-04 0.1000E+01
 405 0.4582E-03 0.3821E+04 0.2157E+00 0.7371E+02 0.8056E+06 0.7691E+00 16.858 0.9293 0.1227E-04 0.1000E+01
 410 0.4670E-03 0.3820E+04 0.2150E+00 0.7365E+02 0.8062E+06 0.7709E+00 16.856 0.9284 0.1209E-04 0.1000E+01
 415 0.4757E-03 0.3819E+04 0.2144E+00 0.7358E+02 0.8067E+06 0.7726E+00 16.854 0.9274 0.1191E-04 0.1000E+01
 420 0.4843E-03 0.3817E+04 0.2138E+00 0.7352E+02 0.8073E+06 0.7744E+00 16.852 0.9264 0.1173E-04 0.1000E+01
 425 0.4928E-03 0.3816E+04 0.2131E+00 0.7346E+02 0.8079E+06 0.7762E+00 16.850 0.9254 0.1156E-04 0.1000E+01
 430 0.5012E-03 0.3815E+04 0.2125E+00 0.7340E+02 0.8084E+06 0.7779E+00 16.848 0.9244 0.1139E-04 0.1000E+01
 435 0.5095E-03 0.3814E+04 0.2119E+00 0.7334E+02 0.8090E+06 0.7797E+00 16.846 0.9234 0.1122E-04 0.1000E+01
 440 0.5178E-03 0.3812E+04 0.2113E+00 0.7328E+02 0.8095E+06 0.7815E+00 16.844 0.9224 0.1105E-04 0.1000E+01
 445 0.5259E-03 0.3811E+04 0.2107E+00 0.7322E+02 0.8101E+06 0.7832E+00 16.842 0.9213 0.1089E-04 0.1000E+01
 450 0.5340E-03 0.3810E+04 0.2100E+00 0.7316E+02 0.8106E+06 0.7850E+00 16.840 0.9202 0.1072E-04 0.1000E+01
 455 0.5420E-03 0.3809E+04 0.2094E+00 0.7310E+02 0.8112E+06 0.7868E+00 16.838 0.9191 0.1056E-04 0.1000E+01
 460 0.5498E-03 0.3807E+04 0.2088E+00 0.7304E+02 0.8118E+06 0.7886E+00 16.836 0.9180 0.1041E-04 0.1000E+01
 465 0.5576E-03 0.3806E+04 0.2082E+00 0.7298E+02 0.8123E+06 0.7903E+00 16.834 0.9169 0.1025E-04 0.1000E+01
 470 0.5654E-03 0.3805E+04 0.2076E+00 0.7292E+02 0.8129E+06 0.7921E+00 16.832 0.9158 0.1010E-04 0.1000E+01
 475 0.5730E-03 0.3804E+04 0.2070E+00 0.7286E+02 0.8134E+06 0.7939E+00 16.830 0.9146 0.9947E-05 0.1000E+01
 480 0.5805E-03 0.3803E+04 0.2064E+00 0.7280E+02 0.8140E+06 0.7957E+00 16.828 0.9134 0.9799E-05 0.1000E+01
 485 0.5880E-03 0.3801E+04 0.2058E+00 0.7275E+02 0.8145E+06 0.7975E+00 16.826 0.9123 0.9653E-05 0.1000E+01
 490 0.5954E-03 0.3800E+04 0.2052E+00 0.7269E+02 0.8151E+06 0.7993E+00 16.824 0.9111 0.9509E-05 0.1000E+01
 495 0.6027E-03 0.3799E+04 0.2046E+00 0.7263E+02 0.8157E+06 0.8011E+00 16.822 0.9099 0.9367E-05 0.1000E+01
 500 0.6099E-03 0.3798E+04 0.2040E+00 0.7257E+02 0.8162E+06 0.8028E+00 16.820 0.9086 0.9228E-05 0.1000E+01
 505 0.6171E-03 0.3796E+04 0.2034E+00 0.7251E+02 0.8168E+06 0.8046E+00 16.818 0.9074 0.9090E-05 0.1000E+01
 510 0.6242E-03 0.3795E+04 0.2028E+00 0.7245E+02 0.8173E+06 0.8064E+00 16.816 0.9062 0.8955E-05 0.1000E+01
 515 0.6312E-03 0.3794E+04 0.2022E+00 0.7239E+02 0.8179E+06 0.8082E+00 16.814 0.9049 0.8821E-05 0.1000E+01
 520 0.6381E-03 0.3793E+04 0.2017E+00 0.7233E+02 0.8184E+06 0.8100E+00 16.812 0.9036 0.8690E-05 0.1000E+01
 525 0.6450E-03 0.3792E+04 0.2011E+00 0.7228E+02 0.8190E+06 0.8118E+00 16.810 0.9024 0.8560E-05 0.1000E+01
 530 0.6517E-03 0.3790E+04 0.2005E+00 0.7222E+02 0.8195E+06 0.8136E+00 16.808 0.9011 0.8433E-05 0.1000E+01
 535 0.6584E-03 0.3789E+04 0.1999E+00 0.7216E+02 0.8201E+06 0.8154E+00 16.806 0.8997 0.8307E-05 0.1000E+01
 540 0.6651E-03 0.3788E+04 0.1993E+00 0.7210E+02 0.8207E+06 0.8172E+00 16.804 0.8984 0.8183E-05 0.1000E+01
 545 0.6716E-03 0.3787E+04 0.1988E+00 0.7204E+02 0.8212E+06 0.8191E+00 16.802 0.8970 0.8061E-05 0.1000E+01
 550 0.6781E-03 0.3786E+04 0.1982E+00 0.7199E+02 0.8218E+06 0.8209E+00 16.800 0.8957 0.7941E-05 0.1000E+01
 555 0.6846E-03 0.3784E+04 0.1976E+00 0.7193E+02 0.8223E+06 0.8227E+00 16.798 0.8943 0.7823E-05 0.1000E+01
 560 0.6909E-03 0.3783E+04 0.1971E+00 0.7187E+02 0.8229E+06 0.8245E+00 16.796 0.8929 0.7706E-05 0.1000E+01
 565 0.6972E-03 0.3782E+04 0.1965E+00 0.7182E+02 0.8234E+06 0.8263E+00 16.794 0.8915 0.7591E-05 0.1000E+01
 570 0.7034E-03 0.3781E+04 0.1959E+00 0.7176E+02 0.8240E+06 0.8281E+00 16.792 0.8901 0.7478E-05 0.1000E+01
 575 0.7096E-03 0.3780E+04 0.1954E+00 0.7170E+02 0.8245E+06 0.8299E+00 16.790 0.8887 0.7367E-05 0.1000E+01
 580 0.7157E-03 0.3778E+04 0.1948E+00 0.7164E+02 0.8251E+06 0.8318E+00 16.788 0.8872 0.7257E-05 0.1000E+01
 585 0.7217E-03 0.3777E+04 0.1943E+00 0.7159E+02 0.8256E+06 0.8336E+00 16.786 0.8858 0.7149E-05 0.1000E+01
 590 0.7277E-03 0.3776E+04 0.1937E+00 0.7153E+02 0.8262E+06 0.8354E+00 16.784 0.8843 0.7042E-05 0.1000E+01
 595 0.7336E-03 0.3775E+04 0.1932E+00 0.7147E+02 0.8267E+06 0.8372E+00 16.782 0.8828 0.6937E-05 0.1000E+01
 600 0.7395E-03 0.3774E+04 0.1926E+00 0.7142E+02 0.8273E+06 0.8391E+00 16.780 0.8813 0.6834E-05 0.1000E+01
 605 0.7452E-03 0.3772E+04 0.1921E+00 0.7136E+02 0.8278E+06 0.8409E+00 16.778 0.8798 0.6732E-05 0.1000E+01
 610 0.7510E-03 0.3771E+04 0.1915E+00 0.7131E+02 0.8284E+06 0.8427E+00 16.776 0.8782 0.6632E-05 0.1000E+01
 615 0.7566E-03 0.3770E+04 0.1910E+00 0.7125E+02 0.8289E+06 0.8445E+00 16.774 0.8767 0.6533E-05 0.1000E+01
 620 0.7622E-03 0.3769E+04 0.1905E+00 0.7119E+02 0.8295E+06 0.8464E+00 16.772 0.8751 0.6436E-05 0.1000E+01
 625 0.7678E-03 0.3768E+04 0.1899E+00 0.7114E+02 0.8300E+06 0.8482E+00 16.770 0.8735 0.6340E-05 0.1000E+01
 630 0.7733E-03 0.3766E+04 0.1894E+00 0.7108E+02 0.8306E+06 0.8500E+00 16.768 0.8719 0.6245E-05 0.1000E+01
 635 0.7787E-03 0.3765E+04 0.1888E+00 0.7103E+02 0.8311E+06 0.8519E+00 16.766 0.8703 0.6152E-05 0.1000E+01
 640 0.7841E-03 0.3764E+04 0.1883E+00 0.7097E+02 0.8317E+06 0.8537E+00 16.764 0.8687 0.6060E-05 0.1000E+01
 645 0.7894E-03 0.3763E+04 0.1878E+00 0.7092E+02 0.8322E+06 0.8556E+00 16.762 0.8671 0.5970E-05 0.1000E+01
 650 0.7947E-03 0.3762E+04 0.1873E+00 0.7086E+02 0.8328E+06 0.8574E+00 16.760 0.8654 0.5881E-05 0.1000E+01
 655 0.7999E-03 0.3761E+04 0.1867E+00 0.7081E+02 0.8333E+06 0.8592E+00 16.759 0.8637 0.5793E-05 0.1000E+01
 660 0.8051E-03 0.3759E+04 0.1862E+00 0.7075E+02 0.8338E+06 0.8611E+00 16.757 0.8620 0.5707E-05 0.1000E+01
 665 0.8102E-03 0.3758E+04 0.1857E+00 0.7070E+02 0.8344E+06 0.8629E+00 16.755 0.8603 0.5622E-05 0.1000E+01
 670 0.8152E-03 0.3757E+04 0.1852E+00 0.7064E+02 0.8349E+06 0.8648E+00 16.753 0.8586 0.5538E-05 0.1000E+01
 675 0.8202E-03 0.3756E+04 0.1847E+00 0.7059E+02 0.8355E+06 0.8666E+00 16.751 0.8569 0.5456E-05 0.1000E+01
 680 0.8252E-03 0.3755E+04 0.1841E+00 0.7053E+02 0.8360E+06 0.8685E+00 16.749 0.8551 0.5374E-05 0.1000E+01
 685 0.8301E-03 0.3754E+04 0.1836E+00 0.7048E+02 0.8365E+06 0.8703E+00 16.747 0.8534 0.5294E-05 0.1000E+01
 690 0.8350E-03 0.3752E+04 0.1831E+00 0.7043E+02 0.8371E+06 0.8722E+00 16.745 0.8516 0.5215E-05 0.1000E+01
 695 0.8398E-03 0.3751E+04 0.1826E+00 0.7037E+02 0.8376E+06 0.8740E+00 16.743 0.8498 0.5138E-05 0.1000E+01
 700 0.8445E-03 0.3750E+04 0.1821E+00 0.7032E+02 0.8381E+06 0.8759E+00 16.741 0.8480 0.5061E-05 0.1000E+01
 705 0.8492E-03 0.3749E+04 0.1816E+00 0.7026E+02 0.8387E+06 0.8778E+00 16.739 0.8462 0.4986E-05 0.1000E+01
 710 0.8539E-03 0.3748E+04 0.1811E+00 0.7021E+02 0.8392E+06 0.8796E+00 16.737 0.8443 0.4911E-05 0.1000E+01
 715 0.8585E-03 0.3747E+04 0.1806E+00 0.7016E+02 0.8398E+06 0.8815E+00 16.736 0.8425 0.4838E-05 0.1000E+01
 720 0.8631E-03 0.3745E+04 0.1801E+00 0.7010E+02 0.8403E+06 0.8833E+00 16.734 0.8406 0.4766E-05 0.1000E+01
 725 0.8676E-03 0.3744E+04 0.1796E+00 0.7005E+02 0.8408E+06 0.8852E+00 16.732 0.8387 0.4695E-05 0.1000E+01
 730 0.8721E-03 0.3743E+04 0.1791E+00 0.7000E+02 0.8414E+06 0.8870E+00 16.730 0.8368 0.4625E-05 0.1000E+01
 735 0.8765E-03 0.3742E+04 0.1786E+00 0.6995E+02 0.8419E+06 0.8889E+00 16.728 0.8349 0.4556E-05 0.1000E+01
 740 0.8809E-03 0.3741E+04 0.1782E+00 0.6989E+02 0.8424E+06 0.8908E+00 16.726 0.8330 0.4488E-05 0.1000E+01
 745 0.8853E-03 0.3740E+04 0.1777E+00 0.6984E+02 0.8430E+06 0.8926E+00 16.724 0.8310 0.4421E-05 0.1000E+01
 750 0.8896E-03 0.3739E+04 0.1772E+00 0.6979E+02 0.8435E+06 0.8945E+00 16.722 0.8290 0.4356E-05 0.1000E+01
 755 0.8938E-03 0.3737E+04 0.1767E+00 0.6974E+02 0.8440E+06 0.8964E+00 16.720 0.8270 0.4291E-05 0.1000E+01
 760 0.8981E-03 0.3736E+04 0.1762E+00 0.6968E+02 0.8445E+06 0.8982E+00 16.719 0.8250 0.4227E-05 0.1000E+01
 765 0.9022E-03 0.3735E+04 0.1757E+00 0.6963E+02 0.8451E+06 0.9001E+00 16.717 0.8230 0.4164E-05 0.1000E+01
 770 0.9064E-03 0.3734E+04 0.1753E+00 0.6958E+02 0.8456E+06 0.9019E+00 16.715 0.8210 0.4102E-05 0.1000E+01
 775 0.9105E-03 0.3733E+04 0.1748E+00 0.6953E+02 0.8461E+06 0.9038E+00 16.713 0.8190 0.4041E-05 0.1000E+01
 780 0.9145E-03 0.3732E+04 0.1743E+00 0.6948E+02 0.8467E+06 0.9057E+00 16.711 0.8169 0.3980E-05 0.1000E+01
 785 0.9185E-03 0.3731E+04 0.1739E+00 0.6943E+02 0.8472E+06 0.9075E+00 16.709 0.8148 0.3921E-05 0.1000E+01
 790 0.9225E-03 0.3729E+04 0.1734E+00 0.6937E+02 0.8477E+06 0.9094E+00 16.707 0.8127 0.3863E-05 0.1000E+01
 795 0.9265E-03 0.3728E+04 0.1729E+00 0.6932E+02 0.8482E+06 0.9113E+00 16.706 0.8106 0.3805E-05 0.1000E+01
 800 0.9304E-03 0.3727E+04 0.1725E+00 0.6927E+02 0.8488E+06 0.9131E+00 16.704 0.8085 0.3748E-05 0.1000E+01
 805 0.9342E-03 0.3726E+04 0.1720E+00 0.6922E+02 0.8493E+06 0.9150E+00 16.702 0.8064 0.3692E-05 0.1000E+01
 810 0.9381E-03 0.3725E+04 0.1715E+00 0.6917E+02 0.8498E+06 0.9169E+00 16.700 0.8042 0.3637E-05 0.1000E+01
 815 0.9418E-03 0.3724E+04 0.1711E+00 0.6912E+02 0.8503E+06 0.9187E+00 16.698 0.8021 0.3583E-05 0.1000E+01
 820 0.9456E-03 0.3723E+04 0.1706E+00 0.6907E+02 0.8509E+06 0.9206E+00 16.696 0.7999 0.3530E-05 0.1000E+01
 825 0.9493E-03 0.3722E+04 0.1702E+00 0.6902E+02 0.8514E+06 0.9225E+00 16.695 0.7977 0.3477E-05 0.1000E+01
 830 0.9530E-03 0.3720E+04 0.1697E+00 0.6897E+02 0.8519E+06 0.9243E+00 16.693 0.7955 0.3425E-05 0.1000E+01
 835 0.9566E-03 0.3719E+04 0.1693E+00 0.6892E+02 0.8524E+06 0.9262E+00 16.691 0.7933 0.3374E-05 0.1000E+01
 840 0.9603E-03 0.3718E+04 0.1688E+00 0.6887E+02 0.8529E+06 0.9281E+00 16.689 0.7910 0.3324E-05 0.1000E+01
 845 0.9638E-03 0.3717E+04 0.1684E+00 0.6882E+02 0.8534E+06 0.9299E+00 16.687 0.7888 0.3275E-05 0.1000E+01
 850 0.9674E-03 0.3716E+04 0.1680E+00 0.6877E+02 0.8540E+06 0.9318E+00 16.686 0.7865 0.3226E-05 0.1000E+01
 855 0.9709E-03 0.3715E+04 0.1675E+00 0.6872E+02 0.8545E+06 0.9337E+00 16.684 0.7842 0.3178E-05 0.1000E+01
 860 0.9744E-03 0.3714E+04 0.1671E+00 0.6867E+02 0.8550E+06 0.9355E+00 16.682 0.7819 0.3130E-05 0.1000E+01
 865 0.9778E-03 0.3713E+04 0.1666E+00 0.6862E+02 0.8555E+06 0.9374E+00 16.680 0.7796 0.3084E-05 0.1000E+01
 870 0.9812E-03 0.3712E+04 0.1662E+00 0.6857E+02 0.8560E+06 0.9393E+00 16.678 0.7773 0.3038E-05 0.1000E+01
 875 0.9846E-03 0.3711E+04 0.1658E+00 0.6853E+02 0.8565E+06 0.9411E+00 16.677 0.7749 0.2992E-05 0.1000E+01
 880 0.9880E-03 0.3709E+04 0.1653E+00 0.6848E+02 0.8571E+06 0.9430E+00 16.675 0.7726 0.2948E-05 0.1000E+01
 885 0.9913E-03 0.3708E+04 0.1649E+00 0.6843E+02 0.8576E+06 0.9448E+00 16.673 0.7702 0.2904E-05 0.1000E+01
 890 0.9946E-03 0.3707E+04 0.1645E+00 0.6838E+02 0.8581E+06 0.9467E+00 16.671 0.7678 0.2861E-05 0.1000E+01
 895 0.9978E-03 0.3706E+04 0.1641E+00 0.6833E+02 0.8586E+06 0.9486E+00 16.670 0.7654 0.2818E-05 0.1000E+01
 900 0.1001E-02 0.3705E+04 0.1636E+00 0.6828E+02 0.8591E+06 0.9504E+00 16.668 0.7630 0.2776E-05 0.1000E+01
 905 0.1004E-02 0.3704E+04 0.1632E+00 0.6824E+02 0.8596E+06 0.9523E+00 16.666 0.7606 0.2735E-05 0.1000E+01
 910 0.1007E-02 0.3703E+04 0.1628E+00 0.6819E+02 0.8601E+06 0.9541E+00 16.664 0.7582 0.2694E-05 0.1000E+01
 915 0.1011E-02 0.3702E+04 0.1624E+00 0.6814E+02 0.8607E+06 0.9560E+00 16.663 0.7557 0.2654E-05 0.1000E+01
 920 0.1014E-02 0.3701E+04 0.1620E+00 0.6809E+02 0.8612E+06 0.9578E+00 16.661 0.7533 0.2614E-05 0.1000E+01
 925 0.1017E-02 0.3700E+04 0.1616E+00 0.6805E+02 0.8617E+06 0.9597E+00 16.659 0.7508 0.2575E-05 0.1000E+01
 930 0.1020E-02 0.3699E+04 0.1612E+00 0.6800E+02 0.8622E+06 0.9615E+00 16.657 0.7483 0.2537E-05 0.1000E+01
 935 0.1023E-02 0.3698E+04 0.1607E+00 0.6795E+02 0.8627E+06 0.9634E+00 16.656 0.7458 0.2499E-05 0.1000E+01
 940 0.1026E-02 0.3697E+04 0.1603E+00 0.6790E+02 0.8632E+06 0.9652E+00 16.654 0.7433 0.2462E-05 0.1000E+01
 945 0.1029E-02 0.3695E+04 0.1599E+00 0.6786E+02 0.8637E+06 0.9671E+00 16.652 0.7408 0.2425E-05 0.1000E+01
 950 0.1032E-02 0.3694E+04 0.1595E+00 0.6781E+02 0.8642E+06 0.9689E+00 16.650 0.7382 0.2389E-05 0.1000E+01
 955 0.1035E-02 0.3693E+04 0.1591E+00 0.6777E+02 0.8647E+06 0.9708E+00 16.649 0.7357 0.2353E-05 0.1000E+01
 960 0.1038E-02 0.3692E+04 0.1587E+00 0.6772E+02 0.8652E+06 0.9726E+00 16.647 0.7331 0.2318E-05 0.1000E+01
 965 0.1040E-02 0.3691E+04 0.1583E+00 0.6767E+02 0.8657E+06 0.9745E+00 16.645 0.7305 0.2284E-05 0.1000E+01
 970 0.1043E-02 0.3690E+04 0.1579E+00 0.6763E+02 0.8662E+06 0.9763E+00 16.644 0.7279 0.2250E-05 0.1000E+01
 975 0.1046E-02 0.3689E+04 0.1575E+00 0.6758E+02 0.8667E+06 0.9781E+00 16.642 0.7253 0.2216E-05 0.1000E+01
 980 0.1049E-02 0.3688E+04 0.1572E+00 0.6754E+02 0.8672E+06 0.9800E+00 16.640 0.7227 0.2183E-05 0.1000E+01
 985 0.1052E-02 0.3687E+04 0.1568E+00 0.6749E+02 0.8677E+06 0.9818E+00 16.638 0.7202 0.2151E-05 0.1000E+01
 990 0.1054E-02 0.3686E+04 0.1564E+00 0.6744E+02 0.8682E+06 0.9836E+00 16.637 0.7176 0.2119E-05 0.1000E+01
 995 0.1057E-02 0.3685E+04 0.1560E+00 0.6740E+02 0.8687E+06 0.9855E+00 16.635 0.7150 0.2087E-05 0.1000E+01
1000 0.1060E-02 0.3684E+04 0.1556E+00 0.6735E+02 0.8692E+06 0.9873E+00 16.633 0.7123 0.2056E-05 0.1000E+01
1005 0.1062E-02 0.3683E+04 0.1552E+00 0.6731E+02 0.8697E+06 0.9891E+00 16.632 0.7097 0.2025E-05 0.1000E+01
1010 0.1065E-02 0.3682E+04 0.1548E+00 0.6727E+02 0.8702E+06 0.9910E+00 16.630 0.7070 0.1995E-05 0.1000E+01
1015 0.1068E-02 0.3680E+04 0.1544E+00 0.6722E+02 0.8707E+06 0.9928E+00 16.628 0.7044 0.1965E-05 0.1000E+01
1020 0.1070E-02 0.3679E+04 0.1540E+00 0.6718E+02 0.8712E+06 0.9946E+00 16.627 0.7017 0.1936E-05 0.1000E+01
1025 0.1073E-02 0.3678E+04 0.1536E+00 0.6713E+02 0.8717E+06 0.9964E+00 16.625 0.6990 0.1907E-05 0.1000E+01
1030 0.1075E-02 0.3677E+04 0.1533E+00 0.6709E+02 0.8722E+06 0.9982E+00 16.623 0.6963 0.1879E-05 0.1000E+01
1035 0.1078E-02 0.3676E+04 0.1529E+00 0.6704E+02 0.8727E+06 0.1000E+01 16.622 0.6936 0.1851E-05 0.1000E+01
1040 0.1080E-02 0.3675E+04 0.1525E+00 0.6700E+02 0.8732E+06 0.1002E+01 16.620 0.6909 0.1823E-05 0.1000E+01
1045 0.1083E-02 0.3674E+04 0.1521E+00 0.6696E+02 0.8737E+06 0.1004E+01 16.618 0.6882 0.1796E-05 0.1000E+01
1050 0.1085E-02 0.3673E+04 0.1518E+00 0.6691E+02 0.8742E+06 0.1005E+01 16.617 0.6854 0.1769E-05 0.1000E+01
1055 0.1088E-02 0.3672E+04 0.1514E+00 0.6687E+02 0.8746E+06 0.1007E+01 16.615 0.6827 0.1743E-05 0.1000E+01
1060 0.1090E-02 0.3671E+04 0.1510E+00 0.6683E+02 0.8751E+06 0.1009E+01 16.614 0.6799 0.1717E-05 0.1000E+01
1065 0.1093E-02 0.3670E+04 0.1507E+00 0.6678E+02 0.8756E+06 0.1011E+01 16.612 0.6771 0.1691E-05 0.1000E+01
1070 0.1095E-02 0.3669E+04 0.1503E+00 0.6674E+02 0.8761E+06 0.1013E+01 16.610 0.6743 0.1666E-05 0.1000E+01
1075 0.1097E-02 0.3668E+04 0.1499E+00 0.6670E+02 0.8766E+06 0.1014E+01 16.609 0.6715 0.1641E-05 0.1000E+01
1080 0.1100E-02 0.3667E+04 0.1496E+00 0.6666E+02 0.8771E+06 0.1016E+01 16.607 0.6687 0.1617E-05 0.1000E+01
1085 0.1102E-02 0.3666E+04 0.1492E+00 0.6661E+02 0.8775E+06 0.1018E+01 16.606 0.6659 0.1593E-05 0.1000E+01
1090 0.1104E-02 0.3665E+04 0.1489E+00 0.6657E+02 0.8780E+06 0.1020E+01 16.604 0.6630 0.1569E-05 0.1000E+01
1095 0.1107E-02 0.3664E+04 0.1485E+00 0.6653E+02 0.8785E+06 0.1022E+01 16.602 0.6602 0.1546E-05 0.1000E+01
1100 0.1109E-02 0.3663E+04 0.1482E+00 0.6649E+02 0.8790E+06 0.1023E+01 16.601 0.6573 0.1523E-05 0.1000E+01
1105 0.1111E-02 0.3662E+04 0.1478E+00 0.6645E+02 0.8795E+06 0.1025E+01 16.599 0.6544 0.1500E-05 0.1000E+01
1110 0.1113E-02 0.3661E+04 0.1475E+00 0.6640E+02 0.8799E+06 0.1027E+01 16.598 0.6515 0.1478E-05 0.1000E+01
1115 0.1116E-02 0.3660E+04 0.1471E+00 0.6636E+02 0.8804E+06 0.1029E+01 16.596 0.6487 0.1456E-05 0.1000E+01
1120 0.1118E-02 0.3659E+04 0.1468E+00 0.6632E+02 0.8809E+06 0.1031E+01 16.594 0.6458 0.1434E-05 0.1000E+01
1125 0.1120E-02 0.3658E+04 0.1465E+00 0.6628E+02 0.8814E+06 0.1032E+01 16.593 0.6428 0.1413E-05 0.1000E+01
1130 0.1122E-02 0.3657E+04 0.1461E+00 0.6624E+02 0.8818E+06 0.1034E+01 16.591 0.6399 0.1392E-05 0.1000E+01
1135 0.1124E-02 0.3656E+04 0.1458E+00 0.6620E+02 0.8823E+06 0.1036E+01 16.590 0.6370 0.1371E-05 0.1000E+01
1140 0.1126E-02 0.3655E+04 0.1455E+00 0.6616E+02 0.8828E+06 0.1038E+01 16.588 0.6341 0.1350E-05 0.1000E+01
1145 0.1129E-02 0.3654E+04 0.1451E+00 0.6612E+02 0.8832E+06 0.1039E+01 16.587 0.6311 0.1330E-05 0.1000E+01
1150 0.1131E-02 0.3653E+04 0.1448E+00 0.6608E+02 0.8837E+06 0.1041E+01 16.585 0.6282 0.1310E-05 0.1000E+01
1155 0.1133E-02 0.3652E+04 0.1445E+00 0.6604E+02 0.8842E+06 0.1043E+01 16.584 0.6253 0.1291E-05 0.1000E+01
1160 0.1135E-02 0.3651E+04 0.1442E+00 0.6600E+02 0.8846E+06 0.1045E+01 16.582 0.6223 0.1272E-05 0.1000E+01
1165 0.1137E-02 0.3650E+04 0.1438E+00 0.6596E+02 0.8851E+06 0.1047E+01 16.581 0.6194 0.1253E-05 0.1000E+01
1170 0.1139E-02 0.3649E+04 0.1435E+00 0.6592E+02 0.8856E+06 0.1048E+01 16.579 0.6164 0.1234E-05 0.1000E+01
1175 0.1141E-02 0.3648E+04 0.1432E+00 0.6588E+02 0.8860E+06 0.1050E+01 16.578 0.6134 0.1216E-05 0.1000E+01
1180 0.1143E-02 0.3647E+04 0.1429E+00 0.6584E+02 0.8865E+06 0.1052E+01 16.576 0.6105 0.1198E-05 0.1000E+01
1185 0.1145E-02 0.3646E+04 0.1426E+00 0.6580E+02 0.8869E+06 0.1054E+01 16.574 0.6075 0.1180E-05 0.1000E+01
1190 0.1147E-02 0.3646E+04 0.1422E+00 0.6576E+02 0.8874E+06 0.1055E+01 16.573 0.6045 0.1162E-05 0.1000E+01
1195 0.1149E-02 0.3645E+04 0.1419E+00 0.6572E+02 0.8878E+06 0.1057E+01 16.571 0.6015 0.1145E-05 0.1000E+01
1200 0.1151E-02 0.3644E+04 0.1416E+00 0.6568E+02 0.8883E+06 0.1059E+01 16.570 0.5985 0.1128E-05 0.1000E+01
1205 0.1153E-02 0.3643E+04 0.1413E+00 0.6564E+02 0.8887E+06 0.1061E+01 16.569 0.5955 0.1111E-05 0.1000E+01
1210 0.1154E-02 0.3642E+04 0.1410E+00 0.6560E+02 0.8892E+06 0.1062E+01 16.567 0.5925 0.1094E-05 0.1000E+01
1215 0.1156E-02 0.3641E+04 0.1407E+00 0.6557E+02 0.8896E+06 0.1064E+01 16.566 0.5895 0.1078E-05 0.1000E+01
1220 0.1158E-02 0.3640E+04 0.1404E+00 0.6553E+02 0.8901E+06 0.1066E+01 16.564 0.5865 0.1062E-05 0.1000E+01
1225 0.1160E-02 0.3639E+04 0.1401E+00 0.6549E+02 0.8905E+06 0.1068E+01 16.563 0.5835 0.1046E-05 0.1000E+01
1230 0.1162E-02 0.3638E+04 0.1398E+00 0.6545E+02 0.8910E+06 0.1069E+01 16.561 0.5805 0.1031E-05 0.1000E+01
1235 0.1164E-02 0.3637E+04 0.1395E+00 0.6541E+02 0.8914E+06 0.1071E+01 16.560 0.5775 0.1015E-05 0.1000E+01
1240 0.1166E-02 0.3636E+04 0.1392E+00 0.6537E+02 0.8919E+06 0.1073E+01 16.558 0.5745 0.1000E-05 0.1000E+01
1245 0.1169E-02 0.3634E+04 0.1385E+00 0.6529E+02 0.8928E+06 0.1077E+01 16.555 0.5679 0.9677E-06 0.1000E+01
1250 0.1182E-02 0.3628E+04 0.1365E+00 0.6503E+02 0.8959E+06 0.1089E+01 16.545 0.5472 0.8708E-06 0.1000E+01
1255 0.1202E-02 0.3618E+04 0.1331E+00 0.6459E+02 0.9012E+06 0.1109E+01 16.528 0.5119 0.7264E-06 0.1000E+01
1260 0.1225E-02 0.3605E+04 0.1291E+00 0.6406E+02 0.9077E+06 0.1136E+01 16.507 0.4663 0.5749E-06 0.1000E+01
1265 0.1247E-02 0.3592E+04 0.1252E+00 0.6353E+02 0.9143E+06 0.1162E+01 16.486 0.4186 0.4485E-06 0.1000E+01
1270 0.1268E-02 0.3580E+04 0.1214E+00 0.6300E+02 0.9209E+06 0.1190E+01 16.465 0.3698 0.3445E-06 0.1000E+01
1275 0.1288E-02 0.3567E+04 0.1178E+00 0.6248E+02 0.9275E+06 0.1217E+01 16.444 0.3206 0.2598E-06 0.1000E+01
1280 0.1308E-02 0.3555E+04 0.1142E+00 0.6197E+02 0.9341E+06 0.1246E+01 16.423 0.2723 0.1919E-06 0.1000E+01
1285 0.1327E-02 0.3542E+04 0.1107E+00 0.6147E+02 0.9409E+06 0.1275E+01 16.402 0.2255 0.1383E-06 0.1000E+01
1290 0.1346E-02 0.3529E+04 0.1074E+00 0.6096E+02 0.9477E+06 0.1305E+01 16.381 0.1813 0.9677E-07 0.1000E+01
1295 0.1364E-02 0.3517E+04 0.1042E+00 0.6047E+02 0.9546E+06 0.1335E+01 16.360 0.1409 0.6545E-07 0.1000E+01
1300 0.1382E-02 0.3505E+04 0.1011E+00 0.5997E+02 0.9614E+06 0.1366E+01 16.339 0.1052 0.4256E-07 0.1000E+01
1305 0.1401E-02 0.3493E+04 0.9812E-01 0.5949E+02 0.9684E+06 0.1398E+01 16.318 0.0750 0.2643E-07 0.1000E+01
1310 0.1419E-02 0.3481E+04 0.9526E-01 0.5901E+02 0.9754E+06 0.1431E+01 16.298 0.0506 0.1554E-07 0.1000E+01
1315 0.1438E-02 0.3470E+04 0.9251E-01 0.5853E+02 0.9824E+06 0.1464E+01 16.277 0.0320 0.8567E-08 0.1000E+01
1320 0.1457E-02 0.3458E+04 0.8979E-01 0.5805E+02 0.9896E+06 0.1498E+01 16.256 0.0188 0.4380E-08 0.1000E+01
1325 0.1476E-02 0.3447E+04 0.8715E-01 0.5759E+02 0.9967E+06 0.1533E+01 16.235 0.0101 0.2051E-08 0.1000E+01
1330 0.1496E-02 0.3435E+04 0.8458E-01 0.5712E+02 0.1004E+07 0.1569E+01 16.214 0.0049 0.8685E-09 0.1000E+01
1335 0.1517E-02 0.3423E+04 0.8211E-01 0.5666E+02 0.1011E+07 0.1605E+01 16.193 0.0021 0.3279E-09 0.1000E+01
1340 0.1539E-02 0.3412E+04 0.7975E-01 0.5620E+02 0.1019E+07 0.1642E+01 16.173 0.0008 0.1088E-09 0.1000E+01
1345 0.1561E-02 0.3401E+04 0.7748E-01 0.5575E+02 0.1026E+07 0.1681E+01 16.152 0.0003 0.3126E-10 0.1000E+01
1350 0.1585E-02 0.3391E+04 0.7529E-01 0.5530E+02 0.1034E+07 0.1720E+01 16.131 0.0001 0.7666E-11 0.1000E+01
1355 0.1609E-02 0.3381E+04 0.7318E-01 0.5485E+02 0.1041E+07 0.1761E+01 16.110 0.0000 0.1585E-11 0.1000E+01
1360 0.1634E-02 0.3371E+04 0.7116E-01 0.5441E+02 0.1049E+07 0.1802E+01 16.089 0.0000 0.2731E-12 0.1000E+01
1365 0.1660E-02 0.3361E+04 0.6921E-01 0.5397E+02 0.1056E+07 0.1844E+01 16.068 0.0000 0.3890E-13 0.1000E+01
1370 0.1686E-02 0.3352E+04 0.6736E-01 0.5353E+02 0.1064E+07 0.1887E+01 16.047 0.0000 0.4616E-14 0.1000E+01
1375 0.1713E-02 0.3342E+04 0.6557E-01 0.5312E+02 0.1072E+07 0.1930E+01 16.027 0.0000 0.4749E-15 0.1000E+01
1380 0.1740E-02 0.3333E+04 0.6387E-01 0.5272E+02 0.1079E+07 0.1973E+01 16.007 0.0000 0.4177E-16 0.1000E+01
1385 0.1768E-02 0.3324E+04 0.6222E-01 0.5231E+02 0.1087E+07 0.2017E+01 15.987 0.0000 0.2978E-17 0.1000E+01
1390 0.1799E-02 0.3315E+04 0.6056E-01 0.5188E+02 0.1095E+07 0.2065E+01 15.966 0.0000 0.1680E-18 0.1000E+01
1395 0.1831E-02 0.3307E+04 0.5898E-01 0.5146E+02 0.1103E+07 0.2114E+01 15.945 0.0000 0.8126E-20 0.1000E+01
1400 0.1864E-02 0.3299E+04 0.5755E-01 0.5106E+02 0.1111E+07 0.2162E+01 15.925 0.0000 0.3458E-21 0.1000E+01
1405 0.1899E-02 0.3292E+04 0.5610E-01 0.5065E+02 0.1119E+07 0.2214E+01 15.904 0.0000 0.1329E-22 0.1000E+01
1410 0.1934E-02 0.3285E+04 0.5470E-01 0.5023E+02 0.1127E+07 0.2267E+01 15.882 0.0000 0.4723E-24 0.1000E+01
1415 0.1971E-02 0.3278E+04 0.5336E-01 0.4982E+02 0.1136E+07 0.2321E+01 15.861 0.0000 0.1590E-25 0.1000E+01
1420 0.2008E-02 0.3271E+04 0.5208E-01 0.4941E+02 0.1145E+07 0.2377E+01 15.840 0.0000 0.5173E-27 0.1000E+01
1425 0.2048E-02 0.3265E+04 0.5082E-01 0.4901E+02 0.1153E+07 0.2434E+01 15.818 0.0000 0.1690E-28 0.1000E+01
1430 0.2088E-02 0.3258E+04 0.4957E-01 0.4861E+02 0.1162E+07 0.2492E+01 15.797 0.0000 0.8584E-30 0.1000E+01
1435 0.2130E-02 0.3251E+04 0.4835E-01 0.4821E+02 0.1171E+07 0.2552E+01 15.776 0.0000 0.2428E-30 0.1000E+01
1440 0.2173E-02 0.3245E+04 0.4719E-01 0.4781E+02 0.1180E+07 0.2614E+01 15.754 0.0000 0.1480E-30 0.1000E+01
1445 0.2218E-02 0.3239E+04 0.4609E-01 0.4742E+02 0.1189E+07 0.2677E+01 15.733 0.0000 0.1097E-30 0.1000E+01
1450 0.2264E-02 0.3234E+04 0.4504E-01 0.4703E+02 0.1198E+07 0.2742E+01 15.711 0.0000 0.8803E-31 0.1000E+01
1455 0.2312E-02 0.3229E+04 0.4403E-01 0.4665E+02 0.1207E+07 0.2809E+01 15.690 0.0000 0.7377E-31 0.1000E+01
1460 0.2361E-02 0.3224E+04 0.4307E-01 0.4626E+02 0.1216E+07 0.2877E+01 15.668 0.0000 0.6347E-31 0.1000E+01
1465 0.2411E-02 0.3220E+04 0.4214E-01 0.4588E+02 0.1225E+07 0.2947E+01 15.647 0.0000 0.5558E-31 0.1000E+01
1470 0.2463E-02 0.3216E+04 0.4125E-01 0.4550E+02 0.1235E+07 0.3019E+01 15.625 0.0000 0.4929E-31 0.1000E+01
1475 0.2517E-02 0.3212E+04 0.4039E-01 0.4513E+02 0.1244E+07 0.3092E+01 15.603 0.0000 0.4412E-31 0.1000E+01
1480 0.2573E-02 0.3209E+04 0.3956E-01 0.4476E+02 0.1253E+07 0.3167E+01 15.582 0.0000 0.3978E-31 0.1000E+01
1485 0.2630E-02 0.3206E+04 0.3877E-01 0.4439E+02 0.1263E+07 0.3243E+01 15.561 0.0000 0.3607E-31 0.1000E+01
1490 0.2688E-02 0.3203E+04 0.3799E-01 0.4403E+02 0.1273E+07 0.3323E+01 15.539 0.0000 0.3286E-31 0.1000E+01
1495 0.2748E-02 0.3200E+04 0.3723E-01 0.4366E+02 0.1282E+07 0.3404E+01 15.517 0.0000 0.3005E-31 0.1000E+01
1500 0.2810E-02 0.3196E+04 0.3646E-01 0.4330E+02 0.1292E+07 0.3488E+01 15.496 0.0000 0.2756E-31 0.1000E+01
1505 0.2874E-02 0.3193E+04 0.3572E-01 0.4294E+02 0.1302E+07 0.3573E+01 15.474 0.0000 0.2534E-31 0.1000E+01
1510 0.2940E-02 0.3191E+04 0.3500E-01 0.4259E+02 0.1312E+07 0.3661E+01 15.452 0.0000 0.2335E-31 0.1000E+01
1515 0.3000E-02 0.3188E+04 0.3440E-01 0.4228E+02 0.1321E+07 0.3741E+01 15.433 0.0000 0.2175E-31 0.1000E+01
1515 0.3000E-02 0.3188E+04 0.3440E-01 0.4228E+02 0.1321E+07 0.3741E+01 15.433 0.0000 0.2175E-31 0.1000E+01
1520 0.3069E-02 0.3186E+04 0.3373E-01 0.4192E+02 0.1331E+07 0.3833E+01 15.411 0.0000 0.2010E-31 0.1000E+01
1525 0.3141E-02 0.3184E+04 0.3309E-01 0.4158E+02 0.1342E+07 0.3927E+01 15.389 0.0000 0.1860E-31 0.1000E+01
1530 0.3214E-02 0.3182E+04 0.3247E-01 0.4123E+02 0.1352E+07 0.4024E+01 15.367 0.0000 0.1724E-31 0.1000E+01
1535 0.3290E-02 0.3181E+04 0.3187E-01 0.4089E+02 0.1362E+07 0.4124E+01 15.345 0.0000 0.1599E-31 0.1000E+01
1540 0.3367E-02 0.3179E+04 0.3129E-01 0.4055E+02 0.1373E+07 0.4226E+01 15.323 0.0000 0.1485E-31 0.1000E+01
1545 0.3447E-02 0.3178E+04 0.3072E-01 0.4021E+02 0.1384E+07 0.4331E+01 15.301 0.0000 0.1380E-31 0.1000E+01
1550 0.3529E-02 0.3177E+04 0.3017E-01 0.3987E+02 0.1394E+07 0.4439E+01 15.279 0.0000 0.1284E-31 0.1000E+01
1555 0.3614E-02 0.3176E+04 0.2962E-01 0.3954E+02 0.1405E+07 0.4548E+01 15.258 0.0000 0.1195E-31 0.1000E+01
1560 0.3700E-02 0.3175E+04 0.2910E-01 0.3922E+02 0.1416E+07 0.4661E+01 15.236 0.0000 0.1113E-31 0.1000E+01
1565 0.3789E-02 0.3174E+04 0.2860E-01 0.3889E+02 0.1427E+07 0.4776E+01 15.214 0.0000 0.1037E-31 0.1000E+01
1570 0.3880E-02 0.3174E+04 0.2812E-01 0.3856E+02 0.1438E+07 0.4895E+01 15.192 0.0000 0.9664E-32 0.1000E+01
1575 0.3974E-02 0.3174E+04 0.2764E-01 0.3824E+02 0.1449E+07 0.5018E+01 15.169 0.0000 0.9014E-32 0.1000E+01
1580 0.4070E-02 0.3174E+04 0.2718E-01 0.3792E+02 0.1460E+07 0.5143E+01 15.147 0.0000 0.8410E-32 0.1000E+01
1585 0.4168E-02 0.3174E+04 0.2674E-01 0.3761E+02 0.1471E+07 0.5269E+01 15.126 0.0000 0.7852E-32 0.1000E+01
1590 0.4269E-02 0.3174E+04 0.2630E-01 0.3730E+02 0.1483E+07 0.5401E+01 15.103 0.0000 0.7334E-32 0.1000E+01
1595 0.4373E-02 0.3174E+04 0.2585E-01 0.3698E+02 0.1494E+07 0.5536E+01 15.081 0.0000 0.6852E-32 0.1000E+01
1600 0.4479E-02 0.3174E+04 0.2541E-01 0.3667E+02 0.1506E+07 0.5676E+01 15.059 0.0000 0.6403E-32 0.1000E+01
1605 0.4589E-02 0.3174E+04 0.2498E-01 0.3636E+02 0.1518E+07 0.5819E+01 15.037 0.0000 0.5984E-32 0.1000E+01
1610 0.4701E-02 0.3174E+04 0.2456E-01 0.3606E+02 0.1530E+07 0.5966E+01 15.014 0.0000 0.5594E-32 0.1000E+01
1615 0.4816E-02 0.3174E+04 0.2415E-01 0.3575E+02 0.1542E+07 0.6117E+01 14.992 0.0000 0.5229E-32 0.1000E+01
1620 0.4935E-02 0.3174E+04 0.2375E-01 0.3545E+02 0.1554E+07 0.6272E+01 14.969 0.0000 0.4890E-32 0.1000E+01
1625 0.5057E-02 0.3174E+04 0.2335E-01 0.3515E+02 0.1566E+07 0.6431E+01 14.947 0.0000 0.4572E-32 0.1000E+01
1630 0.5182E-02 0.3174E+04 0.2297E-01 0.3485E+02 0.1578E+07 0.6595E+01 14.924 0.0000 0.4276E-32 0.1000E+01
1635 0.5311E-02 0.3175E+04 0.2258E-01 0.3455E+02 0.1590E+07 0.6764E+01 14.901 0.0000 0.3999E-32 0.1000E+01
1640 0.5443E-02 0.3175E+04 0.2221E-01 0.3426E+02 0.1603E+07 0.6937E+01 14.879 0.0000 0.3741E-32 0.1000E+01
1645 0.5578E-02 0.3175E+04 0.2184E-01 0.3396E+02 0.1616E+07 0.7116E+01 14.856 0.0000 0.3499E-32 0.1000E+01
1650 0.5718E-02 0.3176E+04 0.2149E-01 0.3367E+02 0.1628E+07 0.7299E+01 14.833 0.0000 0.3274E-32 0.1000E+01
1655 0.5861E-02 0.3176E+04 0.2113E-01 0.3338E+02 0.1641E+07 0.7487E+01 14.810 0.0000 0.3063E-32 0.1000E+01
1660 0.6008E-02 0.3177E+04 0.2078E-01 0.3310E+02 0.1654E+07 0.7681E+01 14.787 0.0000 0.2866E-32 0.1000E+01
1665 0.6159E-02 0.3177E+04 0.2044E-01 0.3281E+02 0.1667E+07 0.7881E+01 14.764 0.0000 0.2682E-32 0.1000E+01
1670 0.6314E-02 0.3178E+04 0.2010E-01 0.3253E+02 0.1681E+07 0.8086E+01 14.741 0.0000 0.2510E-32 0.1000E+01
1675 0.6474E-02 0.3179E+04 0.1977E-01 0.3225E+02 0.1694E+07 0.8297E+01 14.718 0.0000 0.2349E-32 0.1000E+01
1680 0.6637E-02 0.3179E+04 0.1944E-01 0.3197E+02 0.1708E+07 0.8514E+01 14.695 0.0000 0.2198E-32 0.1000E+01
1685 0.6806E-02 0.3180E+04 0.1912E-01 0.3169E+02 0.1721E+07 0.8737E+01 14.672 0.0000 0.2057E-32 0.1000E+01
1690 0.6979E-02 0.3180E+04 0.1881E-01 0.3142E+02 0.1735E+07 0.8967E+01 14.649 0.0000 0.1925E-32 0.1000E+01
1695 0.7157E-02 0.3181E+04 0.1849E-01 0.3114E+02 0.1749E+07 0.9204E+01 14.625 0.0000 0.1802E-32 0.1000E+01
1700 0.7340E-02 0.3182E+04 0.1819E-01 0.3087E+02 0.1763E+07 0.9447E+01 14.602 0.0000 0.1686E-32 0.1000E+01
1705 0.7528E-02 0.3182E+04 0.1789E-01 0.3060E+02 0.1777E+07 0.9698E+01 14.578 0.0000 0.1578E-32 0.1000E+01
1710 0.7721E-02 0.3183E+04 0.1759E-01 0.3033E+02 0.1792E+07 0.9957E+01 14.555 0.0000 0.1476E-32 0.1000E+01
1715 0.7920E-02 0.3184E+04 0.1729E-01 0.3006E+02 0.1806E+07 0.1022E+02 14.531 0.0000 0.1382E-32 0.1000E+01
1720 0.8124E-02 0.3185E+04 0.1701E-01 0.2980E+02 0.1821E+07 0.1050E+02 14.507 0.0000 0.1293E-32 0.1000E+01
1725 0.8335E-02 0.3185E+04 0.1672E-01 0.2953E+02 0.1836E+07 0.1078E+02 14.484 0.0000 0.1210E-32 0.1000E+01
1730 0.8551E-02 0.3186E+04 0.1644E-01 0.2927E+02 0.1851E+07 0.1107E+02 14.460 0.0000 0.1132E-32 0.1000E+01
1735 0.8773E-02 0.3187E+04 0.1617E-01 0.2901E+02 0.1866E+07 0.1137E+02 14.436 0.0000 0.1059E-32 0.1000E+01
1740 0.9001E-02 0.3188E+04 0.1590E-01 0.2875E+02 0.1881E+07 0.1168E+02 14.412 0.0000 0.9912E-33 0.1000E+01
1745 0.9236E-02 0.3189E+04 0.1564E-01 0.2849E+02 0.1897E+07 0.1200E+02 14.388 0.0000 0.9274E-33 0.1000E+01
1750 0.9478E-02 0.3190E+04 0.1538E-01 0.2824E+02 0.1913E+07 0.1233E+02 14.364 0.0000 0.8677E-33 0.1000E+01
1755 0.9726E-02 0.3191E+04 0.1512E-01 0.2799E+02 0.1928E+07 0.1266E+02 14.340 0.0000 0.8118E-33 0.1000E+01
1760 0.9981E-02 0.3192E+04 0.1486E-01 0.2773E+02 0.1944E+07 0.1301E+02 14.316 0.0000 0.7596E-33 0.1000E+01
1765 0.1024E-01 0.3192E+04 0.1461E-01 0.2748E+02 0.1961E+07 0.1337E+02 14.291 0.0000 0.7107E-33 0.1000E+01
1770 0.1051E-01 0.3193E+04 0.1437E-01 0.2724E+02 0.1977E+07 0.1374E+02 14.267 0.0000 0.6650E-33 0.1000E+01
1775 0.1079E-01 0.3194E+04 0.1412E-01 0.2699E+02 0.1993E+07 0.1412E+02 14.243 0.0000 0.6222E-33 0.1000E+01
1780 0.1107E-01 0.3195E+04 0.1388E-01 0.2675E+02 0.2010E+07 0.1451E+02 14.218 0.0000 0.5821E-33 0.1000E+01
1785 0.1137E-01 0.3196E+04 0.1365E-01 0.2650E+02 0.2027E+07 0.1491E+02 14.194 0.0000 0.5446E-33 0.1000E+01
1790 0.1167E-01 0.3197E+04 0.1341E-01 0.2626E+02 0.2044E+07 0.1533E+02 14.169 0.0000 0.5096E-33 0.1000E+01
1795 0.1198E-01 0.3198E+04 0.1318E-01 0.2602E+02 0.2061E+07 0.1576E+02 14.145 0.0000 0.4768E-33 0.9999E+00
1800 0.1230E-01 0.3198E+04 0.1296E-01 0.2579E+02 0.2078E+07 0.1620E+02 14.120 0.0000 0.4461E-33 0.9999E+00
1805 0.1262E-01 0.3199E+04 0.1273E-01 0.2555E+02 0.2096E+07 0.1665E+02 14.095 0.0000 0.4173E-33 0.9999E+00
1810 0.1296E-01 0.3200E+04 0.1251E-01 0.2532E+02 0.2113E+07 0.1712E+02 14.071 0.0000 0.3905E-33 0.9999E+00
1815 0.1330E-01 0.3201E+04 0.1229E-01 0.2508E+02 0.2131E+07 0.1760E+02 14.046 0.0000 0.3654E-33 0.9999E+00
1820 0.1366E-01 0.3201E+04 0.1208E-01 0.2485E+02 0.2149E+07 0.1810E+02 14.021 0.0000 0.3418E-33 0.9998E+00
1825 0.1402E-01 0.3202E+04 0.1187E-01 0.2462E+02 0.2167E+07 0.1861E+02 13.996 0.0000 0.3198E-33 0.9998E+00
1830 0.1440E-01 0.3203E+04 0.1166E-01 0.2440E+02 0.2186E+07 0.1913E+02 13.971 0.0000 0.2992E-33 0.9997E+00
1835 0.1479E-01 0.3203E+04 0.1146E-01 0.2417E+02 0.2204E+07 0.1967E+02 13.946 0.0000 0.2800E-33 0.9996E+00
1840 0.1519E-01 0.3204E+04 0.1126E-01 0.2395E+02 0.2223E+07 0.2023E+02 13.921 0.0000 0.2620E-33 0.9995E+00
1845 0.1559E-01 0.3205E+04 0.1106E-01 0.2373E+02 0.2241E+07 0.2080E+02 13.896 0.0000 0.2451E-33 0.9994E+00
1850 0.1602E-01 0.3205E+04 0.1087E-01 0.2351E+02 0.2260E+07 0.2139E+02 13.871 0.0001 0.2294E-33 0.9992E+00
1855 0.1645E-01 0.3206E+04 0.1067E-01 0.2329E+02 0.2279E+07 0.2200E+02 13.846 0.0001 0.2146E-33 0.9990E+00
1860 0.1689E-01 0.3206E+04 0.1048E-01 0.2308E+02 0.2298E+07 0.2262E+02 13.821 0.0001 0.2009E-33 0.9988E+00
1865 0.1735E-01 0.3207E+04 0.1030E-01 0.2286E+02 0.2318E+07 0.2326E+02 13.796 0.0001 0.1880E-33 0.9985E+00
1870 0.1782E-01 0.3207E+04 0.1011E-01 0.2265E+02 0.2337E+07 0.2393E+02 13.770 0.0001 0.1759E-33 0.9981E+00
1875 0.1831E-01 0.3208E+04 0.9927E-02 0.2244E+02 0.2357E+07 0.2461E+02 13.745 0.0001 0.1647E-33 0.9976E+00
1880 0.1881E-01 0.3208E+04 0.9746E-02 0.2223E+02 0.2376E+07 0.2531E+02 13.719 0.0001 0.1541E-33 0.9970E+00
1885 0.1932E-01 0.3208E+04 0.9568E-02 0.2202E+02 0.2396E+07 0.2603E+02 13.694 0.0001 0.1443E-33 0.9962E+00
1890 0.1985E-01 0.3208E+04 0.9391E-02 0.2182E+02 0.2416E+07 0.2678E+02 13.668 0.0001 0.1350E-33 0.9952E+00
1895 0.2039E-01 0.3208E+04 0.9218E-02 0.2161E+02 0.2436E+07 0.2754E+02 13.643 0.0002 0.1265E-33 0.9940E+00
1900 0.2087E-01 0.3208E+04 0.9071E-02 0.2144E+02 0.2453E+07 0.2820E+02 13.621 0.0002 0.1196E-33 0.9928E+00
1905 0.2127E-01 0.3208E+04 0.8950E-02 0.2130E+02 0.2468E+07 0.2877E+02 13.603 0.0002 0.1142E-33 0.9916E+00
1910 0.2162E-01 0.3208E+04 0.8848E-02 0.2118E+02 0.2480E+07 0.2926E+02 13.588 0.0002 0.1097E-33 0.9904E+00
1915 0.2194E-01 0.3208E+04 0.8759E-02 0.2107E+02 0.2491E+07 0.2971E+02 13.574 0.0002 0.1059E-33 0.9892E+00
1920 0.2223E-01 0.3208E+04 0.8680E-02 0.2098E+02 0.2501E+07 0.3012E+02 13.562 0.0002 0.1027E-33 0.9880E+00
1925 0.2249E-01 0.3208E+04 0.8611E-02 0.2089E+02 0.2510E+07 0.3048E+02 13.551 0.0002 0.9980E-34 0.9869E+00
1930 0.2273E-01 0.3208E+04 0.8547E-02 0.2082E+02 0.2518E+07 0.3082E+02 13.540 0.0002 0.9727E-34 0.9857E+00
1935 0.2295E-01 0.3208E+04 0.8490E-02 0.2075E+02 0.2525E+07 0.3113E+02 13.531 0.0002 0.9500E-34 0.9846E+00
1940 0.2316E-01 0.3208E+04 0.8436E-02 0.2068E+02 0.2532E+07 0.3143E+02 13.523 0.0003 0.9295E-34 0.9835E+00
1945 0.2336E-01 0.3208E+04 0.8387E-02 0.2062E+02 0.2538E+07 0.3170E+02 13.515 0.0003 0.9109E-34 0.9824E+00
1950 0.2354E-01 0.3208E+04 0.8341E-02 0.2056E+02 0.2544E+07 0.3196E+02 13.507 0.0003 0.8938E-34 0.9813E+00
1955 0.2372E-01 0.3208E+04 0.8298E-02 0.2051E+02 0.2550E+07 0.3221E+02 13.500 0.0003 0.8780E-34 0.9803E+00
1960 0.2388E-01 0.3208E+04 0.8258E-02 0.2046E+02 0.2555E+07 0.3244E+02 13.494 0.0003 0.8634E-34 0.9792E+00
1965 0.2404E-01 0.3208E+04 0.8220E-02 0.2042E+02 0.2561E+07 0.3266E+02 13.487 0.0003 0.8499E-34 0.9782E+00
1970 0.2419E-01 0.3208E+04 0.8184E-02 0.2037E+02 0.2565E+07 0.3287E+02 13.481 0.0003 0.8372E-34 0.9772E+00
1975 0.2434E-01 0.3208E+04 0.8150E-02 0.2033E+02 0.2570E+07 0.3308E+02 13.476 0.0003 0.8254E-34 0.9761E+00
1980 0.2448E-01 0.3208E+04 0.8118E-02 0.2029E+02 0.2574E+07 0.3327E+02 13.470 0.0003 0.8142E-34 0.9751E+00
1985 0.2461E-01 0.3208E+04 0.8087E-02 0.2025E+02 0.2578E+07 0.3346E+02 13.465 0.0003 0.8037E-34 0.9742E+00
1990 0.2474E-01 0.3208E+04 0.8057E-02 0.2022E+02 0.2582E+07 0.3364E+02 13.460 0.0003 0.7938E-34 0.9732E+00
1995 0.2486E-01 0.3208E+04 0.8029E-02 0.2018E+02 0.2586E+07 0.3381E+02 13.455 0.0003 0.7844E-34 0.9722E+00
2000 0.2498E-01 0.3208E+04 0.8002E-02 0.2015E+02 0.2590E+07 0.3398E+02 13.451 0.0004 0.7755E-34 0.9713E+00
2005 0.2510E-01 0.3208E+04 0.7976E-02 0.2011E+02 0.2594E+07 0.3414E+02 13.446 0.0004 0.7670E-34 0.9703E+00
2010 0.2521E-01 0.3208E+04 0.7952E-02 0.2008E+02 0.2597E+07 0.3430E+02 13.442 0.0004 0.7589E-34 0.9694E+00
2015 0.2532E-01 0.3207E+04 0.7928E-02 0.2005E+02 0.2600E+07 0.3445E+02 13.438 0.0004 0.7512E-34 0.9685E+00
2020 0.2543E-01 0.3207E+04 0.7905E-02 0.2003E+02 0.2603E+07 0.3460E+02 13.434 0.0004 0.7438E-34 0.9676E+00
2025 0.2553E-01 0.3207E+04 0.7882E-02 0.2000E+02 0.2607E+07 0.3475E+02 13.430 0.0004 0.7367E-34 0.9667E+00
2030 0.2563E-01 0.3207E+04 0.7861E-02 0.1997E+02 0.2610E+07 0.3488E+02 13.427 0.0004 0.7299E-34 0.9658E+00
2035 0.2573E-01 0.3207E+04 0.7840E-02 0.1994E+02 0.2613E+07 0.3502E+02 13.423 0.0004 0.7234E-34 0.9649E+00
2040 0.2582E-01 0.3207E+04 0.7820E-02 0.1992E+02 0.2615E+07 0.3515E+02 13.420 0.0004 0.7171E-34 0.9640E+00
2045 0.2591E-01 0.3207E+04 0.7800E-02 0.1989E+02 0.2618E+07 0.3528E+02 13.416 0.0004 0.7111E-34 0.9632E+00
2050 0.2600E-01 0.3207E+04 0.7781E-02 0.1987E+02 0.2621E+07 0.3541E+02 13.413 0.0004 0.7053E-34 0.9623E+00
2055 0.2609E-01 0.3207E+04 0.7763E-02 0.1985E+02 0.2623E+07 0.3553E+02 13.410 0.0004 0.6997E-34 0.9615E+00
2060 0.2618E-01 0.3207E+04 0.7745E-02 0.1983E+02 0.2626E+07 0.3565E+02 13.407 0.0004 0.6943E-34 0.9607E+00
2065 0.2626E-01 0.3207E+04 0.7728E-02 0.1980E+02 0.2628E+07 0.3577E+02 13.404 0.0004 0.6890E-34 0.9599E+00
2070 0.2634E-01 0.3207E+04 0.7711E-02 0.1978E+02 0.2631E+07 0.3588E+02 13.401 0.0004 0.6840E-34 0.9590E+00
2075 0.2642E-01 0.3207E+04 0.7694E-02 0.1976E+02 0.2633E+07 0.3600E+02 13.398 0.0004 0.6791E-34 0.9582E+00
2080 0.2650E-01 0.3207E+04 0.7678E-02 0.1974E+02 0.2635E+07 0.3611E+02 13.395 0.0004 0.6743E-34 0.9575E+00
2085 0.2658E-01 0.3207E+04 0.7663E-02 0.1972E+02 0.2638E+07 0.3622E+02 13.392 0.0005 0.6697E-34 0.9567E+00
2090 0.2665E-01 0.3207E+04 0.7647E-02 0.1970E+02 0.2640E+07 0.3632E+02 13.389 0.0005 0.6652E-34 0.9559E+00
2095 0.2673E-01 0.3207E+04 0.7632E-02 0.1968E+02 0.2642E+07 0.3642E+02 13.387 0.0005 0.6609E-34 0.9551E+00
2100 0.2680E-01 0.3207E+04 0.7618E-02 0.1967E+02 0.2644E+07 0.3653E+02 13.384 0.0005 0.6567E-34 0.9544E+00
2105 0.2687E-01 0.3207E+04 0.7604E-02 0.1965E+02 0.2646E+07 0.3663E+02 13.382 0.0005 0.6526E-34 0.9536E+00
2110 0.2694E-01 0.3207E+04 0.7590E-02 0.1963E+02 0.2648E+07 0.3672E+02 13.379 0.0005 0.6486E-34 0.9529E+00
2115 0.2701E-01 0.3207E+04 0.7576E-02 0.1961E+02 0.2650E+07 0.3682E+02 13.377 0.0005 0.6447E-34 0.9522E+00
2120 0.2708E-01 0.3207E+04 0.7563E-02 0.1960E+02 0.2652E+07 0.3692E+02 13.374 0.0005 0.6409E-34 0.9515E+00
2125 0.2714E-01 0.3207E+04 0.7550E-02 0.1958E+02 0.2654E+07 0.3701E+02 13.372 0.0005 0.6372E-34 0.9507E+00
2130 0.2721E-01 0.3207E+04 0.7537E-02 0.1956E+02 0.2656E+07 0.3710E+02 13.370 0.0005 0.6336E-34 0.9500E+00
2135 0.2727E-01 0.3207E+04 0.7525E-02 0.1955E+02 0.2658E+07 0.3719E+02 13.368 0.0005 0.6301E-34 0.9493E+00
2140 0.2734E-01 0.3207E+04 0.7512E-02 0.1953E+02 0.2660E+07 0.3728E+02 13.365 0.0005 0.6267E-34 0.9487E+00
2145 0.2740E-01 0.3207E+04 0.7500E-02 0.1952E+02 0.2661E+07 0.3737E+02 13.363 0.0005 0.6234E-34 0.9480E+00
2150 0.2746E-01 0.3207E+04 0.7489E-02 0.1950E+02 0.2663E+07 0.3745E+02 13.361 0.0005 0.6201E-34 0.9473E+00
2155 0.2752E-01 0.3207E+04 0.7477E-02 0.1949E+02 0.2665E+07 0.3754E+02 13.359 0.0005 0.6169E-34 0.9466E+00
2160 0.2758E-01 0.3207E+04 0.7466E-02 0.1947E+02 0.2667E+07 0.3762E+02 13.357 0.0005 0.6138E-34 0.9460E+00
2165 0.2764E-01 0.3207E+04 0.7455E-02 0.1946E+02 0.2668E+07 0.3770E+02 13.355 0.0005 0.6107E-34 0.9453E+00
2170 0.2770E-01 0.3207E+04 0.7444E-02 0.1944E+02 0.2670E+07 0.3778E+02 13.353 0.0005 0.6078E-34 0.9447E+00
2175 0.2775E-01 0.3206E+04 0.7433E-02 0.1943E+02 0.2671E+07 0.3786E+02 13.351 0.0005 0.6048E-34 0.9440E+00
2180 0.2781E-01 0.3206E+04 0.7422E-02 0.1942E+02 0.2673E+07 0.3794E+02 13.349 0.0005 0.6020E-34 0.9434E+00
2185 0.2787E-01 0.3206E+04 0.7412E-02 0.1940E+02 0.2675E+07 0.3802E+02 13.347 0.0005 0.5992E-34 0.9428E+00
2190 0.2792E-01 0.3206E+04 0.7402E-02 0.1939E+02 0.2676E+07 0.3809E+02 13.345 0.0005 0.5964E-34 0.9422E+00
2195 0.2797E-01 0.3206E+04 0.7392E-02 0.1938E+02 0.2678E+07 0.3817E+02 13.344 0.0006 0.5937E-34 0.9415E+00
2200 0.2803E-01 0.3206E+04 0.7382E-02 0.1937E+02 0.2679E+07 0.3824E+02 13.342 0.0006 0.5911E-34 0.9409E+00
2205 0.2808E-01 0.3206E+04 0.7372E-02 0.1935E+02 0.2680E+07 0.3832E+02 13.340 0.0006 0.5885E-34 0.9403E+00
2210 0.2813E-01 0.3206E+04 0.7363E-02 0.1934E+02 0.2682E+07 0.3839E+02 13.338 0.0006 0.5860E-34 0.9397E+00
2215 0.2818E-01 0.3206E+04 0.7353E-02 0.1933E+02 0.2683E+07 0.3846E+02 13.337 0.0006 0.5835E-34 0.9391E+00
2220 0.2823E-01 0.3206E+04 0.7344E-02 0.1932E+02 0.2685E+07 0.3853E+02 13.335 0.0006 0.5810E-34 0.9386E+00
2225 0.2828E-01 0.3206E+04 0.7335E-02 0.1930E+02 0.2686E+07 0.3860E+02 13.333 0.0006 0.5786E-34 0.9380E+00
2230 0.2833E-01 0.3206E+04 0.7326E-02 0.1929E+02 0.2687E+07 0.3867E+02 13.331 0.0006 0.5763E-34 0.9374E+00
2235 0.2838E-01 0.3206E+04 0.7317E-02 0.1928E+02 0.2689E+07 0.3874E+02 13.330 0.0006 0.5740E-34 0.9369E+00
2240 0.2843E-01 0.3206E+04 0.7308E-02 0.1927E+02 0.2690E+07 0.3880E+02 13.328 0.0006 0.5717E-34 0.9363E+00
2245 0.2848E-01 0.3206E+04 0.7299E-02 0.1926E+02 0.2691E+07 0.3887E+02 13.327 0.0006 0.5695E-34 0.9357E+00
2250 0.2853E-01 0.3206E+04 0.7291E-02 0.1925E+02 0.2693E+07 0.3894E+02 13.325 0.0006 0.5673E-34 0.9352E+00
2255 0.2857E-01 0.3206E+04 0.7282E-02 0.1924E+02 0.2694E+07 0.3900E+02 13.324 0.0006 0.5651E-34 0.9347E+00
2260 0.2862E-01 0.3206E+04 0.7274E-02 0.1923E+02 0.2695E+07 0.3907E+02 13.322 0.0006 0.5630E-34 0.9341E+00
2265 0.2866E-01 0.3206E+04 0.7266E-02 0.1922E+02 0.2697E+07 0.3913E+02 13.320 0.0006 0.5609E-34 0.9336E+00
2270 0.2871E-01 0.3206E+04 0.7258E-02 0.1921E+02 0.2698E+07 0.3919E+02 13.319 0.0006 0.5589E-34 0.9331E+00
2275 0.2875E-01 0.3206E+04 0.7250E-02 0.1920E+02 0.2699E+07 0.3926E+02 13.318 0.0006 0.5568E-34 0.9325E+00
2280 0.2880E-01 0.3206E+04 0.7242E-02 0.1919E+02 0.2700E+07 0.3932E+02 13.316 0.0006 0.5548E-34 0.9320E+00
2285 0.2884E-01 0.3206E+04 0.7234E-02 0.1918E+02 0.2701E+07 0.3938E+02 13.315 0.0006 0.5529E-34 0.9315E+00
2290 0.2888E-01 0.3206E+04 0.7227E-02 0.1917E+02 0.2703E+07 0.3944E+02 13.313 0.0006 0.5510E-34 0.9310E+00
2295 0.2893E-01 0.3206E+04 0.7219E-02 0.1916E+02 0.2704E+07 0.3950E+02 13.312 0.0006 0.5491E-34 0.9305E+00
2300 0.2897E-01 0.3206E+04 0.7212E-02 0.1915E+02 0.2705E+07 0.3956E+02 13.310 0.0006 0.5472E-34 0.9300E+00
2305 0.2901E-01 0.3206E+04 0.7204E-02 0.1914E+02 0.2706E+07 0.3962E+02 13.309 0.0006 0.5453E-34 0.9295E+00
2310 0.2905E-01 0.3206E+04 0.7197E-02 0.1913E+02 0.2707E+07 0.3967E+02 13.308 0.0006 0.5435E-34 0.9290E+00
2315 0.2909E-01 0.3206E+04 0.7190E-02 0.1912E+02 0.2708E+07 0.3973E+02 13.306 0.0006 0.5417E-34 0.9285E+00
2320 0.2914E-01 0.3206E+04 0.7183E-02 0.1911E+02 0.2709E+07 0.3979E+02 13.305 0.0007 0.5400E-34 0.9280E+00
2325 0.2918E-01 0.3206E+04 0.7176E-02 0.1910E+02 0.2710E+07 0.3984E+02 13.304 0.0007 0.5382E-34 0.9276E+00
2330 0.2922E-01 0.3206E+04 0.7169E-02 0.1909E+02 0.2711E+07 0.3990E+02 13.302 0.0007 0.5365E-34 0.9271E+00
2335 0.2926E-01 0.3206E+04 0.7162E-02 0.1908E+02 0.2712E+07 0.3996E+02 13.301 0.0007 0.5348E-34 0.9266E+00
2340 0.2930E-01 0.3206E+04 0.7155E-02 0.1907E+02 0.2714E+07 0.4001E+02 13.300 0.0007 0.5332E-34 0.9262E+00
2345 0.2933E-01 0.3206E+04 0.7148E-02 0.1907E+02 0.2715E+07 0.4006E+02 13.299 0.0007 0.5315E-34 0.9257E+00
2350 0.2937E-01 0.3206E+04 0.7142E-02 0.1906E+02 0.2716E+07 0.4012E+02 13.297 0.0007 0.5299E-34 0.9253E+00
2355 0.2941E-01 0.3206E+04 0.7135E-02 0.1905E+02 0.2717E+07 0.4017E+02 13.296 0.0007 0.5283E-34 0.9248E+00
2360 0.2945E-01 0.3206E+04 0.7129E-02 0.1904E+02 0.2718E+07 0.4022E+02 13.295 0.0007 0.5267E-34 0.9244E+00
2365 0.2949E-01 0.3206E+04 0.7122E-02 0.1903E+02 0.2719E+07 0.4028E+02 13.294 0.0007 0.5252E-34 0.9239E+00
2370 0.2952E-01 0.3205E+04 0.7116E-02 0.1902E+02 0.2720E+07 0.4033E+02 13.292 0.0007 0.5236E-34 0.9235E+00
2375 0.2956E-01 0.3205E+04 0.7110E-02 0.1902E+02 0.2721E+07 0.4038E+02 13.291 0.0007 0.5221E-34 0.9230E+00
2380 0.2960E-01 0.3205E+04 0.7103E-02 0.1901E+02 0.2722E+07 0.4043E+02 13.290 0.0007 0.5206E-34 0.9226E+00
2385 0.2963E-01 0.3205E+04 0.7097E-02 0.1900E+02 0.2722E+07 0.4048E+02 13.289 0.0007 0.5191E-34 0.9222E+00
2390 0.2967E-01 0.3205E+04 0.7091E-02 0.1899E+02 0.2723E+07 0.4053E+02 13.288 0.0007 0.5177E-34 0.9218E+00
2395 0.2971E-01 0.3205E+04 0.7085E-02 0.1898E+02 0.2724E+07 0.4058E+02 13.287 0.0007 0.5162E-34 0.9213E+00
2400 0.2974E-01 0.3205E+04 0.7079E-02 0.1898E+02 0.2725E+07 0.4063E+02 13.285 0.0007 0.5148E-34 0.9209E+00
2405 0.2978E-01 0.3205E+04 0.7073E-02 0.1897E+02 0.2726E+07 0.4068E+02 13.284 0.0007 0.5134E-34 0.9205E+00
2410 0.2981E-01 0.3205E+04 0.7067E-02 0.1896E+02 0.2727E+07 0.4073E+02 13.283 0.0007 0.5120E-34 0.9201E+00
2415 0.2985E-01 0.3205E+04 0.7061E-02 0.1895E+02 0.2728E+07 0.4078E+02 13.282 0.0007 0.5106E-34 0.9197E+00
2420 0.2988E-01 0.3205E+04 0.7056E-02 0.1895E+02 0.2729E+07 0.4082E+02 13.281 0.0007 0.5092E-34 0.9193E+00
2425 0.2991E-01 0.3205E+04 0.7050E-02 0.1894E+02 0.2730E+07 0.4087E+02 13.280 0.0007 0.5079E-34 0.9189E+00
2430 0.2995E-01 0.3205E+04 0.7044E-02 0.1893E+02 0.2731E+07 0.4092E+02 13.279 0.0007 0.5066E-34 0.9185E+00
2435 0.2998E-01 0.3205E+04 0.7039E-02 0.1892E+02 0.2732E+07 0.4097E+02 13.278 0.0007 0.5053E-34 0.9181E+00
2440 0.3002E-01 0.3205E+04 0.7033E-02 0.1892E+02 0.2733E+07 0.4101E+02 13.277 0.0007 0.5040E-34 0.9177E+00
2445 0.3005E-01 0.3205E+04 0.7028E-02 0.1891E+02 0.2733E+07 0.4106E+02 13.276 0.0007 0.5027E-34 0.9173E+00
2450 0.3008E-01 0.3205E+04 0.7022E-02 0.1890E+02 0.2734E+07 0.4110E+02 13.275 0.0007 0.5014E-34 0.9169E+00
2455 0.3011E-01 0.3205E+04 0.7017E-02 0.1890E+02 0.2735E+07 0.4115E+02 13.274 0.0007 0.5001E-34 0.9165E+00
2460 0.3015E-01 0.3205E+04 0.7012E-02 0.1889E+02 0.2736E+07 0.4120E+02 13.273 0.0007 0.4989E-34 0.9162E+00
2465 0.3018E-01 0.3205E+04 0.7006E-02 0.1888E+02 0.2737E+07 0.4124E+02 13.272 0.0007 0.4977E-34 0.9158E+00
2470 0.3021E-01 0.3205E+04 0.7001E-02 0.1887E+02 0.2738E+07 0.4128E+02 13.271 0.0008 0.4965E-34 0.9154E+00
2475 0.3024E-01 0.3205E+04 0.6996E-02 0.1887E+02 0.2738E+07 0.4133E+02 13.270 0.0008 0.4953E-34 0.9150E+00
2480 0.3027E-01 0.3205E+04 0.6991E-02 0.1886E+02 0.2739E+07 0.4137E+02 13.269 0.0008 0.4941E-34 0.9147E+00
2485 0.3030E-01 0.3205E+04 0.6986E-02 0.1885E+02 0.2740E+07 0.4142E+02 13.268 0.0008 0.4929E-34 0.9143E+00
2490 0.3034E-01 0.3205E+04 0.6981E-02 0.1885E+02 0.2741E+07 0.4146E+02 13.267 0.0008 0.4917E-34 0.9140E+00
2495 0.3037E-01 0.3205E+04 0.6976E-02 0.1884E+02 0.2742E+07 0.4150E+02 13.266 0.0008 0.4906E-34 0.9136E+00
2500 0.3040E-01 0.3205E+04 0.6971E-02 0.1883E+02 0.2742E+07 0.4154E+02 13.265 0.0008 0.4894E-34 0.9132E+00
2505 0.3043E-01 0.3205E+04 0.6966E-02 0.1883E+02 0.2743E+07 0.4159E+02 13.264 0.0008 0.4883E-34 0.9129E+00
2510 0.3046E-01 0.3205E+04 0.6961E-02 0.1882E+02 0.2744E+07 0.4163E+02 13.263 0.0008 0.4872E-34 0.9125E+00
2515 0.3049E-01 0.3205E+04 0.6956E-02 0.1882E+02 0.2745E+07 0.4167E+02 13.262 0.0008 0.4861E-34 0.9122E+00
2520 0.3052E-01 0.3205E+04 0.6951E-02 0.1881E+02 0.2746E+07 0.4171E+02 13.261 0.0008 0.4850E-34 0.9118E+00
2525 0.3055E-01 0.3205E+04 0.6946E-02 0.1880E+02 0.2746E+07 0.4175E+02 13.260 0.0008 0.4839E-34 0.9115E+00
2530 0.3058E-01 0.3205E+04 0.6942E-02 0.1880E+02 0.2747E+07 0.4179E+02 13.259 0.0008 0.4828E-34 0.9111E+00
2535 0.3061E-01 0.3205E+04 0.6937E-02 0.1879E+02 0.2748E+07 0.4183E+02 13.258 0.0008 0.4817E-34 0.9108E+00
2540 0.3063E-01 0.3205E+04 0.6932E-02 0.1878E+02 0.2749E+07 0.4188E+02 13.257 0.0008 0.4807E-34 0.9105E+00
2545 0.3066E-01 0.3205E+04 0.6928E-02 0.1878E+02 0.2749E+07 0.4192E+02 13.257 0.0008 0.4797E-34 0.9101E+00
2550 0.3069E-01 0.3205E+04 0.6923E-02 0.1877E+02 0.2750E+07 0.4196E+02 13.256 0.0008 0.4786E-34 0.9098E+00
2555 0.3072E-01 0.3205E+04 0.6918E-02 0.1877E+02 0.2751E+07 0.4199E+02 13.255 0.0008 0.4776E-34 0.9095E+00
2560 0.3075E-01 0.3205E+04 0.6914E-02 0.1876E+02 0.2751E+07 0.4203E+02 13.254 0.0008 0.4766E-34 0.9091E+00
2565 0.3078E-01 0.3205E+04 0.6909E-02 0.1876E+02 0.2752E+07 0.4207E+02 13.253 0.0008 0.4756E-34 0.9088E+00
2570 0.3081E-01 0.3205E+04 0.6905E-02 0.1875E+02 0.2753E+07 0.4211E+02 13.252 0.0008 0.4746E-34 0.9085E+00
2575 0.3083E-01 0.3205E+04 0.6901E-02 0.1874E+02 0.2754E+07 0.4215E+02 13.251 0.0008 0.4736E-34 0.9082E+00
2580 0.3086E-01 0.3205E+04 0.6896E-02 0.1874E+02 0.2754E+07 0.4219E+02 13.250 0.0008 0.4726E-34 0.9078E+00
2585 0.3089E-01 0.3205E+04 0.6892E-02 0.1873E+02 0.2755E+07 0.4223E+02 13.250 0.0008 0.4716E-34 0.9075E+00
2590 0.3092E-01 0.3205E+04 0.6887E-02 0.1873E+02 0.2756E+07 0.4227E+02 13.249 0.0008 0.4707E-34 0.9072E+00
2595 0.3094E-01 0.3205E+04 0.6883E-02 0.1872E+02 0.2756E+07 0.4230E+02 13.248 0.0008 0.4697E-34 0.9069E+00
2600 0.3097E-01 0.3205E+04 0.6879E-02 0.1872E+02 0.2757E+07 0.4234E+02 13.247 0.0008 0.4688E-34 0.9066E+00
2605 0.3100E-01 0.3204E+04 0.6875E-02 0.1871E+02 0.2758E+07 0.4238E+02 13.246 0.0008 0.4678E-34 0.9063E+00
2610 0.3102E-01 0.3204E+04 0.6870E-02 0.1870E+02 0.2758E+07 0.4242E+02 13.245 0.0008 0.4669E-34 0.9060E+00
2615 0.3105E-01 0.3204E+04 0.6866E-02 0.1870E+02 0.2759E+07 0.4245E+02 13.245 0.0008 0.4660E-34 0.9057E+00
2620 0.3108E-01 0.3204E+04 0.6862E-02 0.1869E+02 0.2760E+07 0.4249E+02 13.244 0.0008 0.4651E-34 0.9053E+00
2625 0.3110E-01 0.3204E+04 0.6858E-02 0.1869E+02 0.2760E+07 0.4253E+02 13.243 0.0008 0.4642E-34 0.9050E+00
2630 0.3113E-01 0.3204E+04 0.6854E-02 0.1868E+02 0.2761E+07 0.4256E+02 13.242 0.0008 0.4633E-34 0.9047E+00
2635 0.3115E-01 0.3204E+04 0.6850E-02 0.1868E+02 0.2762E+07 0.4260E+02 13.241 0.0008 0.4624E-34 0.9044E+00
2640 0.3118E-01 0.3204E+04 0.6846E-02 0.1867E+02 0.2762E+07 0.4263E+02 13.241 0.0009 0.4615E-34 0.9041E+00
2645 0.3121E-01 0.3204E+04 0.6842E-02 0.1867E+02 0.2763E+07 0.4267E+02 13.240 0.0009 0.4606E-34 0.9038E+00
2650 0.3123E-01 0.3204E+04 0.6838E-02 0.1866E+02 0.2764E+07 0.4270E+02 13.239 0.0009 0.4598E-34 0.9036E+00
2655 0.3126E-01 0.3204E+04 0.6834E-02 0.1866E+02 0.2764E+07 0.4274E+02 13.238 0.0009 0.4589E-34 0.9033E+00
2660 0.3128E-01 0.3204E+04 0.6830E-02 0.1865E+02 0.2765E+07 0.4278E+02 13.238 0.0009 0.4581E-34 0.9030E+00
2665 0.3131E-01 0.3204E+04 0.6826E-02 0.1865E+02 0.2766E+07 0.4281E+02 13.237 0.0009 0.4572E-34 0.9027E+00
2670 0.3133E-01 0.3204E+04 0.6822E-02 0.1864E+02 0.2766E+07 0.4284E+02 13.236 0.0009 0.4564E-34 0.9024E+00
2675 0.3136E-01 0.3204E+04 0.6819E-02 0.1864E+02 0.2767E+07 0.4288E+02 13.235 0.0009 0.4556E-34 0.9021E+00
2680 0.3138E-01 0.3204E+04 0.6815E-02 0.1863E+02 0.2767E+07 0.4291E+02 13.235 0.0009 0.4547E-34 0.9018E+00
2685 0.3141E-01 0.3204E+04 0.6811E-02 0.1863E+02 0.2768E+07 0.4295E+02 13.234 0.0009 0.4539E-34 0.9015E+00
2690 0.3143E-01 0.3204E+04 0.6807E-02 0.1862E+02 0.2769E+07 0.4298E+02 13.233 0.0009 0.4531E-34 0.9012E+00
2695 0.3146E-01 0.3204E+04 0.6803E-02 0.1862E+02 0.2769E+07 0.4302E+02 13.232 0.0009 0.4523E-34 0.9010E+00
2700 0.3148E-01 0.3204E+04 0.6800E-02 0.1861E+02 0.2770E+07 0.4305E+02 13.232 0.0009 0.4515E-34 0.9007E+00
2705 0.3150E-01 0.3204E+04 0.6796E-02 0.1861E+02 0.2770E+07 0.4308E+02 13.231 0.0009 0.4507E-34 0.9004E+00
2710 0.3153E-01 0.3204E+04 0.6792E-02 0.1860E+02 0.2771E+07 0.4312E+02 13.230 0.0009 0.4499E-34 0.9001E+00
2715 0.3155E-01 0.3204E+04 0.6789E-02 0.1860E+02 0.2772E+07 0.4315E+02 13.229 0.0009 0.4491E-34 0.8999E+00
2720 0.3158E-01 0.3204E+04 0.6785E-02 0.1859E+02 0.2772E+07 0.4318E+02 13.229 0.0009 0.4484E-34 0.8996E+00
2725 0.3160E-01 0.3204E+04 0.6781E-02 0.1859E+02 0.2773E+07 0.4321E+02 13.228 0.0009 0.4476E-34 0.8993E+00
2730 0.3162E-01 0.3204E+04 0.6778E-02 0.1858E+02 0.2773E+07 0.4325E+02 13.227 0.0009 0.4468E-34 0.8990E+00
2735 0.3165E-01 0.3204E+04 0.6774E-02 0.1858E+02 0.2774E+07 0.4328E+02 13.227 0.0009 0.4461E-34 0.8988E+00
2740 0.3167E-01 0.3204E+04 0.6771E-02 0.1857E+02 0.2775E+07 0.4331E+02 13.226 0.0009 0.4453E-34 0.8985E+00
2745 0.3169E-01 0.3204E+04 0.6767E-02 0.1857E+02 0.2775E+07 0.4334E+02 13.225 0.0009 0.4446E-34 0.8982E+00
2750 0.3172E-01 0.3204E+04 0.6764E-02 0.1856E+02 0.2776E+07 0.4338E+02 13.225 0.0009 0.4438E-34 0.8980E+00
2755 0.3174E-01 0.3204E+04 0.6760E-02 0.1856E+02 0.2776E+07 0.4341E+02 13.224 0.0009 0.4431E-34 0.8977E+00
2760 0.3176E-01 0.3204E+04 0.6757E-02 0.1856E+02 0.2777E+07 0.4344E+02 13.223 0.0009 0.4424E-34 0.8974E+00
2765 0.3178E-01 0.3204E+04 0.6753E-02 0.1855E+02 0.2777E+07 0.4347E+02 13.222 0.0009 0.4416E-34 0.8972E+00
2770 0.3181E-01 0.3204E+04 0.6750E-02 0.1855E+02 0.2778E+07 0.4350E+02 13.222 0.0009 0.4409E-34 0.8969E+00
2775 0.3183E-01 0.3204E+04 0.6747E-02 0.1854E+02 0.2779E+07 0.4353E+02 13.221 0.0009 0.4402E-34 0.8967E+00
2780 0.3185E-01 0.3204E+04 0.6743E-02 0.1854E+02 0.2779E+07 0.4356E+02 13.220 0.0009 0.4395E-34 0.8964E+00
2785 0.3187E-01 0.3204E+04 0.6740E-02 0.1853E+02 0.2780E+07 0.4360E+02 13.220 0.0009 0.4388E-34 0.8961E+00
2790 0.3190E-01 0.3204E+04 0.6737E-02 0.1853E+02 0.2780E+07 0.4363E+02 13.219 0.0009 0.4381E-34 0.8959E+00
2795 0.3192E-01 0.3204E+04 0.6733E-02 0.1852E+02 0.2781E+07 0.4366E+02 13.218 0.0009 0.4374E-34 0.8956E+00
2800 0.3194E-01 0.3204E+04 0.6730E-02 0.1852E+02 0.2781E+07 0.4369E+02 13.218 0.0009 0.4367E-34 0.8954E+00
2805 0.3196E-01 0.3204E+04 0.6727E-02 0.1852E+02 0.2782E+07 0.4372E+02 13.217 0.0009 0.4360E-34 0.8951E+00
2810 0.3198E-01 0.3204E+04 0.6723E-02 0.1851E+02 0.2782E+07 0.4375E+02 13.217 0.0009 0.4353E-34 0.8949E+00
2815 0.3201E-01 0.3204E+04 0.6720E-02 0.1851E+02 0.2783E+07 0.4378E+02 13.216 0.0009 0.4347E-34 0.8946E+00
2820 0.3203E-01 0.3204E+04 0.6717E-02 0.1850E+02 0.2783E+07 0.4381E+02 13.215 0.0009 0.4340E-34 0.8944E+00
2825 0.3205E-01 0.3204E+04 0.6714E-02 0.1850E+02 0.2784E+07 0.4384E+02 13.215 0.0009 0.4333E-34 0.8941E+00
2830 0.3207E-01 0.3204E+04 0.6711E-02 0.1849E+02 0.2785E+07 0.4387E+02 13.214 0.0009 0.4327E-34 0.8939E+00
2835 0.3209E-01 0.3204E+04 0.6707E-02 0.1849E+02 0.2785E+07 0.4390E+02 13.213 0.0010 0.4320E-34 0.8936E+00
2840 0.3211E-01 0.3204E+04 0.6704E-02 0.1849E+02 0.2786E+07 0.4393E+02 13.213 0.0010 0.4313E-34 0.8934E+00
2845 0.3213E-01 0.3204E+04 0.6701E-02 0.1848E+02 0.2786E+07 0.4396E+02 13.212 0.0010 0.4307E-34 0.8931E+00
2850 0.3215E-01 0.3204E+04 0.6698E-02 0.1848E+02 0.2787E+07 0.4399E+02 13.211 0.0010 0.4300E-34 0.8929E+00
2855 0.3218E-01 0.3204E+04 0.6695E-02 0.1847E+02 0.2787E+07 0.4401E+02 13.211 0.0010 0.4294E-34 0.8926E+00
2860 0.3220E-01 0.3204E+04 0.6692E-02 0.1847E+02 0.2788E+07 0.4404E+02 13.210 0.0010 0.4288E-34 0.8924E+00
2865 0.3222E-01 0.3204E+04 0.6689E-02 0.1847E+02 0.2788E+07 0.4407E+02 13.210 0.0010 0.4281E-34 0.8921E+00
2870 0.3224E-01 0.3204E+04 0.6686E-02 0.1846E+02 0.2789E+07 0.4410E+02 13.209 0.0010 0.4275E-34 0.8919E+00
2875 0.3232E-01 0.3204E+04 0.6674E-02 0.1845E+02 0.2791E+07 0.4421E+02 13.207 0.0010 0.4250E-34 0.8909E+00
2880 0.3250E-01 0.3203E+04 0.6647E-02 0.1841E+02 0.2795E+07 0.4447E+02 13.201 0.0010 0.4196E-34 0.8888E+00
2885 0.3278E-01 0.3203E+04 0.6608E-02 0.1836E+02 0.2802E+07 0.4484E+02 13.193 0.0010 0.4117E-34 0.8856E+00
2890 0.3313E-01 0.3203E+04 0.6558E-02 0.1829E+02 0.2810E+07 0.4533E+02 13.183 0.0011 0.4018E-34 0.8814E+00
2895 0.3354E-01 0.3203E+04 0.6500E-02 0.1821E+02 0.2820E+07 0.4590E+02 13.171 0.0011 0.3906E-34 0.8762E+00
2900 0.3401E-01 0.3202E+04 0.6437E-02 0.1813E+02 0.2831E+07 0.4655E+02 13.158 0.0012 0.3786E-34 0.8701E+00
2905 0.3451E-01 0.3202E+04 0.6370E-02 0.1804E+02 0.2842E+07 0.4724E+02 13.144 0.0013 0.3662E-34 0.8632E+00
2910 0.3504E-01 0.3201E+04 0.6302E-02 0.1795E+02 0.2854E+07 0.4797E+02 13.130 0.0013 0.3538E-34 0.8554E+00
2915 0.3559E-01 0.3201E+04 0.6233E-02 0.1785E+02 0.2867E+07 0.4872E+02 13.115 0.0014 0.3417E-34 0.8468E+00
2920 0.3615E-01 0.3201E+04 0.6164E-02 0.1776E+02 0.2879E+07 0.4949E+02 13.101 0.0015 0.3300E-34 0.8371E+00
2925 0.3671E-01 0.3200E+04 0.6097E-02 0.1767E+02 0.2891E+07 0.5026E+02 13.086 0.0016 0.3188E-34 0.8266E+00
2930 0.3728E-01 0.3200E+04 0.6031E-02 0.1758E+02 0.2904E+07 0.5103E+02 13.072 0.0017 0.3081E-34 0.8151E+00
2935 0.3783E-01 0.3199E+04 0.5968E-02 0.1749E+02 0.2915E+07 0.5179E+02 13.058 0.0018 0.2981E-34 0.8029E+00
2940 0.3834E-01 0.3199E+04 0.5912E-02 0.1741E+02 0.2926E+07 0.5249E+02 13.045 0.0019 0.2894E-34 0.7908E+00
2945 0.3881E-01 0.3198E+04 0.5861E-02 0.1734E+02 0.2936E+07 0.5313E+02 13.033 0.0020 0.2817E-34 0.7790E+00
2950 0.3924E-01 0.3198E+04 0.5815E-02 0.1728E+02 0.2945E+07 0.5372E+02 13.023 0.0021 0.2749E-34 0.7673E+00
2955 0.3965E-01 0.3198E+04 0.5772E-02 0.1722E+02 0.2953E+07 0.5428E+02 13.013 0.0021 0.2687E-34 0.7558E+00
2960 0.4003E-01 0.3197E+04 0.5733E-02 0.1716E+02 0.2961E+07 0.5480E+02 13.004 0.0022 0.2631E-34 0.7445E+00
2965 0.4039E-01 0.3197E+04 0.5697E-02 0.1711E+02 0.2968E+07 0.5529E+02 12.996 0.0023 0.2579E-34 0.7333E+00
2970 0.4073E-01 0.3197E+04 0.5663E-02 0.1706E+02 0.2975E+07 0.5575E+02 12.988 0.0024 0.2532E-34 0.7224E+00
2975 0.4105E-01 0.3196E+04 0.5631E-02 0.1702E+02 0.2981E+07 0.5619E+02 12.980 0.0024 0.2488E-34 0.7115E+00
2980 0.4136E-01 0.3196E+04 0.5601E-02 0.1698E+02 0.2987E+07 0.5661E+02 12.973 0.0025 0.2448E-34 0.7009E+00
2985 0.4166E-01 0.3196E+04 0.5573E-02 0.1694E+02 0.2993E+07 0.5702E+02 12.966 0.0026 0.2410E-34 0.6904E+00
2990 0.4194E-01 0.3196E+04 0.5546E-02 0.1690E+02 0.2998E+07 0.5740E+02 12.960 0.0026 0.2374E-34 0.6801E+00
2995 0.4221E-01 0.3195E+04 0.5521E-02 0.1686E+02 0.3003E+07 0.5777E+02 12.954 0.0027 0.2341E-34 0.6699E+00
3000 0.4247E-01 0.3195E+04 0.5496E-02 0.1683E+02 0.3008E+07 0.5812E+02 12.948 0.0028 0.2310E-34 0.6599E+00
3005 0.4272E-01 0.3195E+04 0.5473E-02 0.1679E+02 0.3013E+07 0.5847E+02 12.942 0.0028 0.2280E-34 0.6501E+00
3010 0.4297E-01 0.3195E+04 0.5451E-02 0.1676E+02 0.3017E+07 0.5880E+02 12.937 0.0029 0.2252E-34 0.6403E+00
3015 0.4320E-01 0.3195E+04 0.5430E-02 0.1673E+02 0.3022E+07 0.5911E+02 12.932 0.0029 0.2226E-34 0.6308E+00
3020 0.4343E-01 0.3194E+04 0.5410E-02 0.1670E+02 0.3026E+07 0.5942E+02 12.927 0.0030 0.2201E-34 0.6214E+00
3025 0.4365E-01 0.3194E+04 0.5391E-02 0.1667E+02 0.3030E+07 0.5972E+02 12.922 0.0030 0.2177E-34 0.6121E+00
3030 0.4386E-01 0.3194E+04 0.5372E-02 0.1665E+02 0.3034E+07 0.6001E+02 12.917 0.0031 0.2154E-34 0.6029E+00
3035 0.4407E-01 0.3194E+04 0.5354E-02 0.1662E+02 0.3038E+07 0.6029E+02 12.913 0.0032 0.2132E-34 0.5939E+00
3040 0.4427E-01 0.3194E+04 0.5337E-02 0.1660E+02 0.3041E+07 0.6056E+02 12.909 0.0032 0.2111E-34 0.5851E+00
3045 0.4446E-01 0.3194E+04 0.5320E-02 0.1657E+02 0.3045E+07 0.6083E+02 12.904 0.0033 0.2091E-34 0.5763E+00
3050 0.4465E-01 0.3193E+04 0.5304E-02 0.1655E+02 0.3048E+07 0.6109E+02 12.900 0.0033 0.2071E-34 0.5677E+00
3055 0.4484E-01 0.3193E+04 0.5288E-02 0.1652E+02 0.3052E+07 0.6134E+02 12.896 0.0034 0.2053E-34 0.5593E+00
3060 0.4502E-01 0.3193E+04 0.5273E-02 0.1650E+02 0.3055E+07 0.6159E+02 12.893 0.0034 0.2035E-34 0.5509E+00
3065 0.4520E-01 0.3193E+04 0.5258E-02 0.1648E+02 0.3058E+07 0.6183E+02 12.889 0.0035 0.2018E-34 0.5427E+00
3070 0.4537E-01 0.3193E+04 0.5244E-02 0.1646E+02 0.3061E+07 0.6206E+02 12.885 0.0035 0.2001E-34 0.5346E+00
3075 0.4554E-01 0.3193E+04 0.5230E-02 0.1644E+02 0.3064E+07 0.6229E+02 12.882 0.0036 0.1985E-34 0.5266E+00
3080 0.4570E-01 0.3193E+04 0.5217E-02 0.1642E+02 0.3067E+07 0.6251E+02 12.878 0.0036 0.1970E-34 0.5188E+00
3085 0.4586E-01 0.3192E+04 0.5204E-02 0.1640E+02 0.3070E+07 0.6273E+02 12.875 0.0037 0.1955E-34 0.5110E+00
3090 0.4602E-01 0.3192E+04 0.5191E-02 0.1638E+02 0.3073E+07 0.6294E+02 12.872 0.0037 0.1940E-34 0.5034E+00
3095 0.4618E-01 0.3192E+04 0.5179E-02 0.1636E+02 0.3075E+07 0.6315E+02 12.868 0.0037 0.1926E-34 0.4959E+00
3100 0.4633E-01 0.3192E+04 0.5166E-02 0.1635E+02 0.3078E+07 0.6336E+02 12.865 0.0038 0.1913E-34 0.4885E+00
3105 0.4648E-01 0.3192E+04 0.5155E-02 0.1633E+02 0.3081E+07 0.6356E+02 12.862 0.0038 0.1900E-34 0.4812E+00
3110 0.4662E-01 0.3192E+04 0.5143E-02 0.1631E+02 0.3083E+07 0.6376E+02 12.859 0.0039 0.1887E-34 0.4740E+00
3115 0.4677E-01 0.3192E+04 0.5132E-02 0.1629E+02 0.3086E+07 0.6395E+02 12.856 0.0039 0.1874E-34 0.4669E+00
3120 0.4691E-01 0.3192E+04 0.5121E-02 0.1628E+02 0.3088E+07 0.6414E+02 12.854 0.0040 0.1862E-34 0.4600E+00
3125 0.4704E-01 0.3191E+04 0.5110E-02 0.1626E+02 0.3090E+07 0.6433E+02 12.851 0.0040 0.1851E-34 0.4531E+00
3130 0.4718E-01 0.3191E+04 0.5100E-02 0.1625E+02 0.3093E+07 0.6451E+02 12.848 0.0041 0.1839E-34 0.4464E+00
3135 0.4731E-01 0.3191E+04 0.5090E-02 0.1623E+02 0.3095E+07 0.6469E+02 12.845 0.0041 0.1828E-34 0.4397E+00
3140 0.4744E-01 0.3191E+04 0.5080E-02 0.1622E+02 0.3097E+07 0.6487E+02 12.843 0.0041 0.1817E-34 0.4331E+00
3145 0.4757E-01 0.3191E+04 0.5070E-02 0.1620E+02 0.3099E+07 0.6504E+02 12.840 0.0042 0.1807E-34 0.4267E+00
3150 0.4770E-01 0.3191E+04 0.5060E-02 0.1619E+02 0.3102E+07 0.6521E+02 12.838 0.0042 0.1796E-34 0.4203E+00
3155 0.4783E-01 0.3191E+04 0.5051E-02 0.1617E+02 0.3104E+07 0.6538E+02 12.835 0.0043 0.1786E-34 0.4141E+00
3160 0.4795E-01 0.3191E+04 0.5041E-02 0.1616E+02 0.3106E+07 0.6555E+02 12.833 0.0043 0.1777E-34 0.4079E+00
3165 0.4807E-01 0.3191E+04 0.5032E-02 0.1615E+02 0.3108E+07 0.6571E+02 12.830 0.0043 0.1767E-34 0.4018E+00
3170 0.4819E-01 0.3191E+04 0.5023E-02 0.1613E+02 0.3110E+07 0.6587E+02 12.828 0.0044 0.1758E-34 0.3958E+00
3175 0.4831E-01 0.3190E+04 0.5015E-02 0.1612E+02 0.3112E+07 0.6603E+02 12.826 0.0044 0.1748E-34 0.3899E+00
3180 0.4842E-01 0.3190E+04 0.5006E-02 0.1611E+02 0.3114E+07 0.6619E+02 12.823 0.0045 0.1739E-34 0.3841E+00
3185 0.4854E-01 0.3190E+04 0.4998E-02 0.1610E+02 0.3116E+07 0.6634E+02 12.821 0.0045 0.1731E-34 0.3784E+00
3190 0.4865E-01 0.3190E+04 0.4990E-02 0.1608E+02 0.3118E+07 0.6649E+02 12.819 0.0045 0.1722E-34 0.3727E+00
3195 0.4876E-01 0.3190E+04 0.4981E-02 0.1607E+02 0.3120E+07 0.6664E+02 12.817 0.0046 0.1714E-34 0.3672E+00
3200 0.4887E-01 0.3190E+04 0.4973E-02 0.1606E+02 0.3121E+07 0.6679E+02 12.815 0.0046 0.1706E-34 0.3617E+00
3205 0.4898E-01 0.3190E+04 0.4966E-02 0.1605E+02 0.3123E+07 0.6694E+02 12.812 0.0046 0.1698E-34 0.3563E+00
3210 0.4909E-01 0.3190E+04 0.4958E-02 0.1604E+02 0.3125E+07 0.6708E+02 12.810 0.0047 0.1690E-34 0.3510E+00
3215 0.4919E-01 0.3190E+04 0.4950E-02 0.1602E+02 0.3127E+07 0.6722E+02 12.808 0.0047 0.1682E-34 0.3458E+00
3220 0.4929E-01 0.3190E+04 0.4943E-02 0.1601E+02 0.3128E+07 0.6736E+02 12.806 0.0047 0.1674E-34 0.3406E+00
3225 0.4940E-01 0.3190E+04 0.4936E-02 0.1600E+02 0.3130E+07 0.6750E+02 12.804 0.0048 0.1667E-34 0.3355E+00
3230 0.4950E-01 0.3189E+04 0.4928E-02 0.1599E+02 0.3132E+07 0.6764E+02 12.802 0.0048 0.1660E-34 0.3305E+00
3235 0.4960E-01 0.3189E+04 0.4921E-02 0.1598E+02 0.3133E+07 0.6777E+02 12.800 0.0049 0.1652E-34 0.3256E+00
3240 0.4970E-01 0.3189E+04 0.4914E-02 0.1597E+02 0.3135E+07 0.6791E+02 12.799 0.0049 0.1645E-34 0.3207E+00
3245 0.4980E-01 0.3189E+04 0.4907E-02 0.1596E+02 0.3137E+07 0.6804E+02 12.797 0.0049 0.1639E-34 0.3160E+00
3250 0.4989E-01 0.3189E+04 0.4901E-02 0.1595E+02 0.3138E+07 0.6817E+02 12.795 0.0050 0.1632E-34 0.3113E+00
3255 0.4999E-01 0.3189E+04 0.4894E-02 0.1594E+02 0.3140E+07 0.6830E+02 12.793 0.0050 0.1625E-34 0.3066E+00
3256 0.5000E-01 0.3189E+04 0.4893E-02 0.1594E+02 0.3140E+07 0.6831E+02 12.793 0.0050 0.1624E-34 0.3061E+00
3260 0.5008E-01 0.3189E+04 0.4888E-02 0.1593E+02 0.3141E+07 0.6841E+02 12.791 0.0050 0.1619E-34 0.3024E+00
3265 0.5017E-01 0.3189E+04 0.4881E-02 0.1592E+02 0.3143E+07 0.6854E+02 12.790 0.0051 0.1613E-34 0.2979E+00
3270 0.5026E-01 0.3189E+04 0.4875E-02 0.1591E+02 0.3144E+07 0.6867E+02 12.788 0.0051 0.1606E-34 0.2935E+00
3275 0.5035E-01 0.3189E+04 0.4869E-02 0.1590E+02 0.3146E+07 0.6879E+02 12.786 0.0051 0.1600E-34 0.2891E+00
3280 0.5044E-01 0.3189E+04 0.4862E-02 0.1589E+02 0.3147E+07 0.6891E+02 12.784 0.0052 0.1594E-34 0.2848E+00
3285 0.5053E-01 0.3189E+04 0.4856E-02 0.1588E+02 0.3149E+07 0.6903E+02 12.783 0.0052 0.1588E-34 0.2806E+00
3290 0.5062E-01 0.3189E+04 0.4850E-02 0.1587E+02 0.3150E+07 0.6915E+02 12.781 0.0052 0.1582E-34 0.2764E+00
3295 0.5071E-01 0.3189E+04 0.4844E-02 0.1586E+02 0.3151E+07 0.6927E+02 12.779 0.0053 0.1576E-34 0.2723E+00
3300 0.5080E-01 0.3188E+04 0.4838E-02 0.1585E+02 0.3153E+07 0.6939E+02 12.778 0.0053 0.1571E-34 0.2682E+00
3305 0.5088E-01 0.3188E+04 0.4832E-02 0.1585E+02 0.3154E+07 0.6950E+02 12.776 0.0053 0.1565E-34 0.2642E+00
3310 0.5097E-01 0.3188E+04 0.4827E-02 0.1584E+02 0.3156E+07 0.6962E+02 12.774 0.0054 0.1559E-34 0.2603E+00
3315 0.5105E-01 0.3188E+04 0.4821E-02 0.1583E+02 0.3157E+07 0.6973E+02 12.773 0.0054 0.1554E-34 0.2564E+00
3320 0.5114E-01 0.3188E+04 0.4815E-02 0.1582E+02 0.3158E+07 0.6984E+02 12.771 0.0054 0.1549E-34 0.2526E+00
3325 0.5122E-01 0.3188E+04 0.4810E-02 0.1581E+02 0.3160E+07 0.6995E+02 12.770 0.0055 0.1543E-34 0.2488E+00
3330 0.5130E-01 0.3188E+04 0.4804E-02 0.1580E+02 0.3161E+07 0.7006E+02 12.768 0.0055 0.1538E-34 0.2451E+00
3335 0.5138E-01 0.3188E+04 0.4799E-02 0.1579E+02 0.3162E+07 0.7017E+02 12.767 0.0055 0.1533E-34 0.2415E+00
3340 0.5146E-01 0.3188E+04 0.4794E-02 0.1579E+02 0.3163E+07 0.7028E+02 12.765 0.0055 0.1528E-34 0.2379E+00
3345 0.5154E-01 0.3188E+04 0.4788E-02 0.1578E+02 0.3165E+07 0.7039E+02 12.764 0.0056 0.1523E-34 0.2343E+00
3350 0.5162E-01 0.3188E+04 0.4783E-02 0.1577E+02 0.3166E+07 0.7049E+02 12.762 0.0056 0.1518E-34 0.2308E+00
3355 0.5170E-01 0.3188E+04 0.4778E-02 0.1576E+02 0.3167E+07 0.7060E+02 12.761 0.0056 0.1513E-34 0.2274E+00
3360 0.5178E-01 0.3188E+04 0.4773E-02 0.1575E+02 0.3168E+07 0.7070E+02 12.759 0.0057 0.1508E-34 0.2240E+00
3365 0.5186E-01 0.3188E+04 0.4768E-02 0.1575E+02 0.3170E+07 0.7080E+02 12.758 0.0057 0.1503E-34 0.2207E+00
3370 0.5193E-01 0.3188E+04 0.4763E-02 0.1574E+02 0.3171E+07 0.7091E+02 12.757 0.0057 0.1499E-34 0.2174E+00
3375 0.5201E-01 0.3187E+04 0.4758E-02 0.1573E+02 0.3172E+07 0.7101E+02 12.755 0.0058 0.1494E-34 0.2141E+00
3380 0.5208E-01 0.3187E+04 0.4753E-02 0.1572E+02 0.3173E+07 0.7111E+02 12.754 0.0058 0.1490E-34 0.2109E+00
3385 0.5216E-01 0.3187E+04 0.4748E-02 0.1572E+02 0.3174E+07 0.7121E+02 12.753 0.0058 0.1485E-34 0.2078E+00
3390 0.5223E-01 0.3187E+04 0.4743E-02 0.1571E+02 0.3176E+07 0.7131E+02 12.751 0.0058 0.1481E-34 0.2047E+00
3395 0.5230E-01 0.3187E+04 0.4739E-02 0.1570E+02 0.3177E+07 0.7141E+02 12.750 0.0059 0.1476E-34 0.2016E+00
3400 0.5238E-01 0.3187E+04 0.4734E-02 0.1570E+02 0.3178E+07 0.7150E+02 12.749 0.0059 0.1472E-34 0.1986E+00
3405 0.5245E-01 0.3187E+04 0.4729E-02 0.1569E+02 0.3179E+07 0.7160E+02 12.747 0.0059 0.1468E-34 0.1957E+00
3410 0.5252E-01 0.3187E+04 0.4725E-02 0.1568E+02 0.3180E+07 0.7169E+02 12.746 0.0060 0.1464E-34 0.1928E+00
3415 0.5259E-01 0.3187E+04 0.4720E-02 0.1567E+02 0.3181E+07 0.7179E+02 12.745 0.0060 0.1459E-34 0.1899E+00
3420 0.5266E-01 0.3187E+04 0.4716E-02 0.1567E+02 0.3182E+07 0.7188E+02 12.743 0.0060 0.1455E-34 0.1871E+00
3425 0.5273E-01 0.3187E+04 0.4711E-02 0.1566E+02 0.3183E+07 0.7198E+02 12.742 0.0060 0.1451E-34 0.1843E+00
3430 0.5280E-01 0.3187E+04 0.4707E-02 0.1565E+02 0.3184E+07 0.7207E+02 12.741 0.0061 0.1447E-34 0.1815E+00
3435 0.5287E-01 0.3187E+04 0.4702E-02 0.1565E+02 0.3185E+07 0.7216E+02 12.740 0.0061 0.1443E-34 0.1788E+00
3440 0.5294E-01 0.3187E+04 0.4698E-02 0.1564E+02 0.3187E+07 0.7225E+02 12.738 0.0061 0.1439E-34 0.1762E+00
3445 0.5301E-01 0.3187E+04 0.4694E-02 0.1563E+02 0.3188E+07 0.7234E+02 12.737 0.0062 0.1435E-34 0.1735E+00
3450 0.5307E-01 0.3187E+04 0.4690E-02 0.1563E+02 0.3189E+07 0.7243E+02 12.736 0.0062 0.1432E-34 0.1710E+00
3455 0.5314E-01 0.3187E+04 0.4685E-02 0.1562E+02 0.3190E+07 0.7252E+02 12.735 0.0062 0.1428E-34 0.1684E+00
3460 0.5321E-01 0.3187E+04 0.4681E-02 0.1561E+02 0.3191E+07 0.7261E+02 12.734 0.0062 0.1424E-34 0.1659E+00
3465 0.5327E-01 0.3186E+04 0.4677E-02 0.1561E+02 0.3192E+07 0.7270E+02 12.732 0.0063 0.1420E-34 0.1634E+00
3470 0.5334E-01 0.3186E+04 0.4673E-02 0.1560E+02 0.3193E+07 0.7279E+02 12.731 0.0063 0.1417E-34 0.1610E+00
3475 0.5340E-01 0.3186E+04 0.4669E-02 0.1560E+02 0.3194E+07 0.7287E+02 12.730 0.0063 0.1413E-34 0.1586E+00
3480 0.5347E-01 0.3186E+04 0.4665E-02 0.1559E+02 0.3195E+07 0.7296E+02 12.729 0.0064 0.1410E-34 0.1562E+00
3485 0.5353E-01 0.3186E+04 0.4661E-02 0.1558E+02 0.3196E+07 0.7305E+02 12.728 0.0064 0.1406E-34 0.1539E+00
3490 0.5359E-01 0.3186E+04 0.4657E-02 0.1558E+02 0.3197E+07 0.7313E+02 12.727 0.0064 0.1402E-34 0.1516E+00
3495 0.5366E-01 0.3186E+04 0.4653E-02 0.1557E+02 0.3197E+07 0.7321E+02 12.726 0.0064 0.1399E-34 0.1493E+00
3500 0.5372E-01 0.3186E+04 0.4649E-02 0.1556E+02 0.3198E+07 0.7330E+02 12.724 0.0065 0.1396E-34 0.1471E+00
3505 0.5378E-01 0.3186E+04 0.4646E-02 0.1556E+02 0.3199E+07 0.7338E+02 12.723 0.0065 0.1392E-34 0.1449E+00
3510 0.5384E-01 0.3186E+04 0.4642E-02 0.1555E+02 0.3200E+07 0.7346E+02 12.722 0.0065 0.1389E-34 0.1428E+00
3515 0.5390E-01 0.3186E+04 0.4638E-02 0.1555E+02 0.3201E+07 0.7355E+02 12.721 0.0065 0.1386E-34 0.1406E+00
3520 0.5396E-01 0.3186E+04 0.4634E-02 0.1554E+02 0.3202E+07 0.7363E+02 12.720 0.0066 0.1382E-34 0.1386E+00
3525 0.5403E-01 0.3186E+04 0.4631E-02 0.1554E+02 0.3203E+07 0.7371E+02 12.719 0.0066 0.1379E-34 0.1365E+00
3530 0.5409E-01 0.3186E+04 0.4627E-02 0.1553E+02 0.3204E+07 0.7379E+02 12.718 0.0066 0.1376E-34 0.1345E+00
3535 0.5415E-01 0.3186E+04 0.4623E-02 0.1552E+02 0.3205E+07 0.7387E+02 12.717 0.0066 0.1373E-34 0.1324E+00
3540 0.5420E-01 0.3186E+04 0.4620E-02 0.1552E+02 0.3206E+07 0.7395E+02 12.716 0.0067 0.1369E-34 0.1305E+00
3545 0.5426E-01 0.3186E+04 0.4616E-02 0.1551E+02 0.3207E+07 0.7403E+02 12.715 0.0067 0.1366E-34 0.1285E+00
3550 0.5432E-01 0.3186E+04 0.4613E-02 0.1551E+02 0.3208E+07 0.7411E+02 12.714 0.0067 0.1363E-34 0.1266E+00
3555 0.5438E-01 0.3186E+04 0.4609E-02 0.1550E+02 0.3208E+07 0.7418E+02 12.713 0.0067 0.1360E-34 0.1247E+00
3560 0.5444E-01 0.3186E+04 0.4606E-02 0.1550E+02 0.3209E+07 0.7426E+02 12.712 0.0068 0.1357E-34 0.1229E+00
3565 0.5450E-01 0.3185E+04 0.4602E-02 0.1549E+02 0.3210E+07 0.7434E+02 12.711 0.0068 0.1354E-34 0.1210E+00
3570 0.5455E-01 0.3185E+04 0.4599E-02 0.1549E+02 0.3211E+07 0.7441E+02 12.710 0.0068 0.1351E-34 0.1192E+00
3575 0.5461E-01 0.3185E+04 0.4595E-02 0.1548E+02 0.3212E+07 0.7449E+02 12.709 0.0068 0.1348E-34 0.1175E+00
3580 0.5467E-01 0.3185E+04 0.4592E-02 0.1548E+02 0.3213E+07 0.7457E+02 12.708 0.0069 0.1345E-34 0.1157E+00
3585 0.5472E-01 0.3185E+04 0.4589E-02 0.1547E+02 0.3214E+07 0.7464E+02 12.707 0.0069 0.1342E-34 0.1140E+00
3590 0.5478E-01 0.3185E+04 0.4585E-02 0.1547E+02 0.3214E+07 0.7471E+02 12.706 0.0069 0.1339E-34 0.1123E+00
3595 0.5483E-01 0.3185E+04 0.4582E-02 0.1546E+02 0.3215E+07 0.7479E+02 12.705 0.0069 0.1337E-34 0.1106E+00
3600 0.5489E-01 0.3185E+04 0.4579E-02 0.1545E+02 0.3216E+07 0.7486E+02 12.704 0.0070 0.1334E-34 0.1090E+00
3605 0.5494E-01 0.3185E+04 0.4575E-02 0.1545E+02 0.3217E+07 0.7494E+02 12.703 0.0070 0.1331E-34 0.1073E+00
3610 0.5500E-01 0.3185E+04 0.4572E-02 0.1544E+02 0.3218E+07 0.7501E+02 12.702 0.0070 0.1328E-34 0.1057E+00
3615 0.5505E-01 0.3185E+04 0.4569E-02 0.1544E+02 0.3218E+07 0.7508E+02 12.701 0.0070 0.1326E-34 0.1042E+00
3620 0.5511E-01 0.3185E+04 0.4566E-02 0.1543E+02 0.3219E+07 0.7515E+02 12.700 0.0071 0.1323E-34 0.1026E+00
3625 0.5516E-01 0.3185E+04 0.4563E-02 0.1543E+02 0.3220E+07 0.7523E+02 12.699 0.0071 0.1320E-34 0.1011E+00
3630 0.5521E-01 0.3185E+04 0.4559E-02 0.1542E+02 0.3221E+07 0.7530E+02 12.698 0.0071 0.1317E-34 0.9959E-01
3635 0.5527E-01 0.3185E+04 0.4556E-02 0.1542E+02 0.3222E+07 0.7537E+02 12.697 0.0071 0.1315E-34 0.9810E-01
3640 0.5532E-01 0.3185E+04 0.4553E-02 0.1542E+02 0.3222E+07 0.7544E+02 12.697 0.0072 0.1312E-34 0.9664E-01
3645 0.5537E-01 0.3185E+04 0.4550E-02 0.1541E+02 0.3223E+07 0.7551E+02 12.696 0.0072 0.1310E-34 0.9520E-01
3650 0.5542E-01 0.3185E+04 0.4547E-02 0.1541E+02 0.3224E+07 0.7558E+02 12.695 0.0072 0.1307E-34 0.9378E-01
3655 0.5548E-01 0.3185E+04 0.4544E-02 0.1540E+02 0.3225E+07 0.7565E+02 12.694 0.0072 0.1304E-34 0.9239E-01
3660 0.5553E-01 0.3185E+04 0.4541E-02 0.1540E+02 0.3225E+07 0.7572E+02 12.693 0.0073 0.1302E-34 0.9101E-01
3665 0.5558E-01 0.3185E+04 0.4538E-02 0.1539E+02 0.3226E+07 0.7578E+02 12.692 0.0073 0.1299E-34 0.8965E-01
3670 0.5563E-01 0.3185E+04 0.4535E-02 0.1539E+02 0.3227E+07 0.7585E+02 12.691 0.0073 0.1297E-34 0.8832E-01
3675 0.5568E-01 0.3185E+04 0.4532E-02 0.1538E+02 0.3228E+07 0.7592E+02 12.690 0.0073 0.1294E-34 0.8700E-01
3680 0.5573E-01 0.3184E+04 0.4529E-02 0.1538E+02 0.3228E+07 0.7599E+02 12.689 0.0074 0.1292E-34 0.8571E-01
3685 0.5578E-01 0.3184E+04 0.4526E-02 0.1537E+02 0.3229E+07 0.7605E+02 12.689 0.0074 0.1289E-34 0.8443E-01
3690 0.5583E-01 0.3184E+04 0.4523E-02 0.1537E+02 0.3230E+07 0.7612E+02 12.688 0.0074 0.1287E-34 0.8317E-01
3695 0.5588E-01 0.3184E+04 0.4521E-02 0.1536E+02 0.3231E+07 0.7619E+02 12.687 0.0074 0.1285E-34 0.8193E-01
3700 0.5593E-01 0.3184E+04 0.4518E-02 0.1536E+02 0.3231E+07 0.7625E+02 12.686 0.0075 0.1282E-34 0.8071E-01
3705 0.5598E-01 0.3184E+04 0.4515E-02 0.1536E+02 0.3232E+07 0.7632E+02 12.685 0.0075 0.1280E-34 0.7951E-01
3710 0.5603E-01 0.3184E+04 0.4512E-02 0.1535E+02 0.3233E+07 0.7638E+02 12.684 0.0075 0.1278E-34 0.7833E-01
3715 0.5608E-01 0.3184E+04 0.4509E-02 0.1535E+02 0.3233E+07 0.7645E+02 12.684 0.0075 0.1275E-34 0.7716E-01
3720 0.5613E-01 0.3184E+04 0.4506E-02 0.1534E+02 0.3234E+07 0.7651E+02 12.683 0.0075 0.1273E-34 0.7601E-01
3725 0.5618E-01 0.3184E+04 0.4504E-02 0.1534E+02 0.3235E+07 0.7658E+02 12.682 0.0076 0.1271E-34 0.7488E-01
3730 0.5622E-01 0.3184E+04 0.4501E-02 0.1533E+02 0.3236E+07 0.7664E+02 12.681 0.0076 0.1268E-34 0.7376E-01
3735 0.5627E-01 0.3184E+04 0.4498E-02 0.1533E+02 0.3236E+07 0.7671E+02 12.680 0.0076 0.1266E-34 0.7266E-01
3740 0.5632E-01 0.3184E+04 0.4496E-02 0.1532E+02 0.3237E+07 0.7677E+02 12.679 0.0076 0.1264E-34 0.7158E-01
3745 0.5637E-01 0.3184E+04 0.4493E-02 0.1532E+02 0.3238E+07 0.7683E+02 12.679 0.0077 0.1262E-34 0.7052E-01
3750 0.5641E-01 0.3184E+04 0.4490E-02 0.1532E+02 0.3238E+07 0.7690E+02 12.678 0.0077 0.1260E-34 0.6947E-01
3755 0.5646E-01 0.3184E+04 0.4488E-02 0.1531E+02 0.3239E+07 0.7696E+02 12.677 0.0077 0.1257E-34 0.6843E-01
3760 0.5651E-01 0.3184E+04 0.4485E-02 0.1531E+02 0.3240E+07 0.7702E+02 12.676 0.0077 0.1255E-34 0.6741E-01
3765 0.5655E-01 0.3184E+04 0.4482E-02 0.1530E+02 0.3240E+07 0.7708E+02 12.676 0.0077 0.1253E-34 0.6641E-01
3770 0.5660E-01 0.3184E+04 0.4480E-02 0.1530E+02 0.3241E+07 0.7714E+02 12.675 0.0078 0.1251E-34 0.6542E-01
3775 0.5665E-01 0.3184E+04 0.4477E-02 0.1530E+02 0.3242E+07 0.7721E+02 12.674 0.0078 0.1249E-34 0.6444E-01
3780 0.5669E-01 0.3184E+04 0.4474E-02 0.1529E+02 0.3242E+07 0.7727E+02 12.673 0.0078 0.1247E-34 0.6348E-01
3785 0.5674E-01 0.3184E+04 0.4472E-02 0.1529E+02 0.3243E+07 0.7733E+02 12.672 0.0078 0.1245E-34 0.6254E-01
3790 0.5678E-01 0.3184E+04 0.4469E-02 0.1528E+02 0.3244E+07 0.7739E+02 12.672 0.0079 0.1243E-34 0.6161E-01
3795 0.5683E-01 0.3184E+04 0.4467E-02 0.1528E+02 0.3244E+07 0.7745E+02 12.671 0.0079 0.1240E-34 0.6069E-01
3800 0.5687E-01 0.3184E+04 0.4464E-02 0.1528E+02 0.3245E+07 0.7751E+02 12.670 0.0079 0.1238E-34 0.5979E-01
3805 0.5692E-01 0.3184E+04 0.4462E-02 0.1527E+02 0.3245E+07 0.7757E+02 12.669 0.0079 0.1236E-34 0.5889E-01
3810 0.5696E-01 0.3184E+04 0.4459E-02 0.1527E+02 0.3246E+07 0.7763E+02 12.669 0.0079 0.1234E-34 0.5802E-01
3815 0.5701E-01 0.3183E+04 0.4457E-02 0.1526E+02 0.3247E+07 0.7769E+02 12.668 0.0080 0.1232E-34 0.5715E-01
3820 0.5705E-01 0.3183E+04 0.4454E-02 0.1526E+02 0.3247E+07 0.7775E+02 12.667 0.0080 0.1230E-34 0.5630E-01
3825 0.5709E-01 0.3183E+04 0.4452E-02 0.1526E+02 0.3248E+07 0.7780E+02 12.666 0.0080 0.1228E-34 0.5546E-01
3830 0.5714E-01 0.3183E+04 0.4450E-02 0.1525E+02 0.3249E+07 0.7786E+02 12.666 0.0080 0.1226E-34 0.5464E-01
3835 0.5718E-01 0.3183E+04 0.4447E-02 0.1525E+02 0.3249E+07 0.7792E+02 12.665 0.0081 0.1225E-34 0.5382E-01
3840 0.5723E-01 0.3183E+04 0.4445E-02 0.1524E+02 0.3250E+07 0.7798E+02 12.664 0.0081 0.1223E-34 0.5302E-01
3845 0.5727E-01 0.3183E+04 0.4442E-02 0.1524E+02 0.3250E+07 0.7804E+02 12.664 0.0081 0.1221E-34 0.5223E-01
3850 0.5731E-01 0.3183E+04 0.4440E-02 0.1524E+02 0.3251E+07 0.7809E+02 12.663 0.0081 0.1219E-34 0.5145E-01
3855 0.5735E-01 0.3183E+04 0.4438E-02 0.1523E+02 0.3252E+07 0.7815E+02 12.662 0.0081 0.1217E-34 0.5069E-01
3860 0.5740E-01 0.3183E+04 0.4435E-02 0.1523E+02 0.3252E+07 0.7821E+02 12.661 0.0082 0.1215E-34 0.4993E-01
3865 0.5744E-01 0.3183E+04 0.4433E-02 0.1523E+02 0.3253E+07 0.7826E+02 12.661 0.0082 0.1213E-34 0.4919E-01
3870 0.5748E-01 0.3183E+04 0.4431E-02 0.1522E+02 0.3254E+07 0.7832E+02 12.660 0.0082 0.1211E-34 0.4846E-01
3875 0.5752E-01 0.3183E+04 0.4428E-02 0.1522E+02 0.3254E+07 0.7838E+02 12.659 0.0082 0.1209E-34 0.4773E-01
3880 0.5757E-01 0.3183E+04 0.4426E-02 0.1522E+02 0.3255E+07 0.7843E+02 12.659 0.0082 0.1208E-34 0.4702E-01
3885 0.5761E-01 0.3183E+04 0.4424E-02 0.1521E+02 0.3255E+07 0.7849E+02 12.658 0.0083 0.1206E-34 0.4632E-01
3890 0.5770E-01 0.3183E+04 0.4419E-02 0.1520E+02 0.3257E+07 0.7861E+02 12.656 0.0083 0.1202E-34 0.4482E-01
3895 0.5799E-01 0.3183E+04 0.4403E-02 0.1518E+02 0.3261E+07 0.7899E+02 12.652 0.0085 0.1189E-34 0.4035E-01
3900 0.5847E-01 0.3182E+04 0.4378E-02 0.1514E+02 0.3267E+07 0.7963E+02 12.644 0.0087 0.1169E-34 0.3368E-01
3905 0.5912E-01 0.3182E+04 0.4344E-02 0.1508E+02 0.3276E+07 0.8049E+02 12.633 0.0090 0.1143E-34 0.2606E-01
3910 0.5991E-01 0.3182E+04 0.4304E-02 0.1502E+02 0.3287E+07 0.8154E+02 12.621 0.0095 0.1112E-34 0.1869E-01
3915 0.6082E-01 0.3181E+04 0.4260E-02 0.1494E+02 0.3300E+07 0.8274E+02 12.606 0.0100 0.1078E-34 0.1242E-01
3920 0.6182E-01 0.3181E+04 0.4212E-02 0.1487E+02 0.3313E+07 0.8406E+02 12.591 0.0106 0.1042E-34 0.7650E-02
3925 0.6288E-01 0.3180E+04 0.4162E-02 0.1478E+02 0.3327E+07 0.8546E+02 12.575 0.0112 0.1007E-34 0.4363E-02
3930 0.6399E-01 0.3179E+04 0.4112E-02 0.1470E+02 0.3341E+07 0.8691E+02 12.558 0.0119 0.9716E-35 0.2304E-02
3935 0.6512E-01 0.3179E+04 0.4062E-02 0.1462E+02 0.3355E+07 0.8841E+02 12.541 0.0126 0.9374E-35 0.1127E-02
3940 0.6628E-01 0.3178E+04 0.4012E-02 0.1453E+02 0.3370E+07 0.8992E+02 12.525 0.0134 0.9045E-35 0.5097E-03
3945 0.6744E-01 0.3177E+04 0.3964E-02 0.1445E+02 0.3384E+07 0.9145E+02 12.508 0.0142 0.8732E-35 0.2133E-03
3950 0.6861E-01 0.3176E+04 0.3916E-02 0.1437E+02 0.3398E+07 0.9298E+02 12.492 0.0151 0.8435E-35 0.8252E-04
3955 0.6977E-01 0.3176E+04 0.3871E-02 0.1429E+02 0.3412E+07 0.9450E+02 12.476 0.0160 0.8154E-35 0.2949E-04
3956 0.7000E-01 0.3176E+04 0.3862E-02 0.1428E+02 0.3414E+07 0.9479E+02 12.473 0.0161 0.8101E-35 0.2392E-04
3960 0.7093E-01 0.3175E+04 0.3826E-02 0.1422E+02 0.3425E+07 0.9600E+02 12.460 0.0169 0.7890E-35 0.9799E-05
3965 0.7208E-01 0.3174E+04 0.3783E-02 0.1414E+02 0.3438E+07 0.9751E+02 12.445 0.0178 0.7638E-35 0.2980E-05
3970 0.7323E-01 0.3174E+04 0.3741E-02 0.1407E+02 0.3451E+07 0.9900E+02 12.429 0.0188 0.7401E-35 0.8348E-06
3975 0.7437E-01 0.3173E+04 0.3701E-02 0.1400E+02 0.3464E+07 0.1005E+03 12.415 0.0198 0.7176E-35 0.2151E-06
3980 0.7551E-01 0.3172E+04 0.3662E-02 0.1394E+02 0.3476E+07 0.1020E+03 12.400 0.0208 0.6963E-35 0.5087E-07
3985 0.7664E-01 0.3171E+04 0.3624E-02 0.1387E+02 0.3488E+07 0.1034E+03 12.386 0.0218 0.6761E-35 0.1103E-07
3990 0.7776E-01 0.3171E+04 0.3587E-02 0.1380E+02 0.3500E+07 0.1049E+03 12.372 0.0229 0.6569E-35 0.2185E-08
3995 0.7888E-01 0.3170E+04 0.3551E-02 0.1374E+02 0.3512E+07 0.1063E+03 12.359 0.0240 0.6386E-35 0.3944E-09
4000 0.8001E-01 0.3169E+04 0.3516E-02 0.1368E+02 0.3524E+07 0.1078E+03 12.345 0.0252 0.6211E-35 0.6465E-10
4005 0.8113E-01 0.3168E+04 0.3481E-02 0.1362E+02 0.3535E+07 0.1092E+03 12.332 0.0264 0.6043E-35 0.9573E-11
4010 0.8226E-01 0.3168E+04 0.3447E-02 0.1356E+02 0.3546E+07 0.1107E+03 12.319 0.0276 0.5881E-35 0.1272E-11
4015 0.8341E-01 0.3167E+04 0.3414E-02 0.1350E+02 0.3558E+07 0.1121E+03 12.305 0.0289 0.5723E-35 0.1503E-12
4020 0.8459E-01 0.3166E+04 0.3380E-02 0.1344E+02 0.3569E+07 0.1136E+03 12.292 0.0302 0.5569E-35 0.1557E-13
4025 0.8581E-01 0.3165E+04 0.3346E-02 0.1338E+02 0.3581E+07 0.1152E+03 12.279 0.0317 0.5415E-35 0.1380E-14
4030 0.8713E-01 0.3164E+04 0.3310E-02 0.1331E+02 0.3593E+07 0.1169E+03 12.264 0.0333 0.5257E-35 0.9945E-16
4035 0.8884E-01 0.3163E+04 0.3265E-02 0.1323E+02 0.3609E+07 0.1190E+03 12.246 0.0355 0.5063E-35 0.4935E-17
4040 0.9170E-01 0.3161E+04 0.3192E-02 0.1310E+02 0.3635E+07 0.1226E+03 12.216 0.0393 0.4765E-35 0.1626E-18
4045 0.9466E-01 0.3159E+04 0.3121E-02 0.1297E+02 0.3660E+07 0.1264E+03 12.186 0.0435 0.4484E-35 0.5184E-20
4050 0.9773E-01 0.3157E+04 0.3051E-02 0.1284E+02 0.3686E+07 0.1302E+03 12.156 0.0481 0.4220E-35 0.1630E-21
4054 0.1000E+00 0.3155E+04 0.3002E-02 0.1275E+02 0.3704E+07 0.1330E+03 12.134 0.0517 0.4040E-35 0.1028E-22
4055 0.1006E+00 0.3155E+04 0.2988E-02 0.1273E+02 0.3709E+07 0.1338E+03 12.128 0.0527 0.3992E-35 0.5142E-23
4060 0.1040E+00 0.3152E+04 0.2920E-02 0.1260E+02 0.3735E+07 0.1379E+03 12.098 0.0584 0.3756E-35 0.1607E-24
4065 0.1074E+00 0.3149E+04 0.2853E-02 0.1248E+02 0.3761E+07 0.1421E+03 12.067 0.0645 0.3534E-35 0.5023E-26
4070 0.1110E+00 0.3147E+04 0.2787E-02 0.1235E+02 0.3787E+07 0.1464E+03 12.037 0.0714 0.3324E-35 0.1571E-27
4075 0.1148E+00 0.3144E+04 0.2723E-02 0.1223E+02 0.3813E+07 0.1509E+03 12.006 0.0789 0.3127E-35 0.4924E-29
4080 0.1187E+00 0.3141E+04 0.2660E-02 0.1211E+02 0.3839E+07 0.1555E+03 11.975 0.0873 0.2941E-35 0.2568E-30
4085 0.1228E+00 0.3139E+04 0.2597E-02 0.1199E+02 0.3865E+07 0.1602E+03 11.944 0.0965 0.2766E-35 0.1036E-30
4090 0.1270E+00 0.3136E+04 0.2537E-02 0.1187E+02 0.3891E+07 0.1652E+03 11.913 0.1066 0.2600E-35 0.6995E-31
4095 0.1315E+00 0.3133E+04 0.2477E-02 0.1175E+02 0.3917E+07 0.1703E+03 11.882 0.1178 0.2444E-35 0.5392E-31
4100 0.1362E+00 0.3130E+04 0.2418E-02 0.1163E+02 0.3943E+07 0.1755E+03 11.851 0.1301 0.2297E-35 0.4402E-31
4105 0.1411E+00 0.3127E+04 0.2361E-02 0.1152E+02 0.3968E+07 0.1809E+03 11.819 0.1436 0.2158E-35 0.3711E-31
4110 0.1462E+00 0.3124E+04 0.2305E-02 0.1140E+02 0.3994E+07 0.1864E+03 11.788 0.1584 0.2029E-35 0.3192E-31
4114 0.1500E+00 0.3121E+04 0.2267E-02 0.1132E+02 0.4012E+07 0.1904E+03 11.766 0.1697 0.1941E-35 0.2893E-31
4115 0.1511E+00 0.3121E+04 0.2256E-02 0.1130E+02 0.4017E+07 0.1916E+03 11.760 0.1730 0.1917E-35 0.2817E-31
4120 0.1567E+00 0.3118E+04 0.2204E-02 0.1119E+02 0.4042E+07 0.1974E+03 11.729 0.1904 0.1802E-35 0.2478E-31
4125 0.1626E+00 0.3115E+04 0.2153E-02 0.1108E+02 0.4068E+07 0.2033E+03 11.698 0.2093 0.1693E-35 0.2194E-31
4130 0.1688E+00 0.3112E+04 0.2103E-02 0.1097E+02 0.4092E+07 0.2094E+03 11.667 0.2301 0.1591E-35 0.1954E-31
4135 0.1753E+00 0.3109E+04 0.2055E-02 0.1087E+02 0.4117E+07 0.2156E+03 11.636 0.2525 0.1494E-35 0.1746E-31
4140 0.1823E+00 0.3105E+04 0.2007E-02 0.1077E+02 0.4141E+07 0.2220E+03 11.606 0.2770 0.1403E-35 0.1566E-31
4145 0.1896E+00 0.3102E+04 0.1961E-02 0.1066E+02 0.4166E+07 0.2286E+03 11.575 0.3035 0.1317E-35 0.1408E-31
4150 0.1975E+00 0.3099E+04 0.1916E-02 0.1056E+02 0.4189E+07 0.2353E+03 11.545 0.3322 0.1235E-35 0.1267E-31
4152 0.2000E+00 0.3098E+04 0.1903E-02 0.1053E+02 0.4197E+07 0.2373E+03 11.535 0.3415 0.1211E-35 0.1227E-31
4155 0.2051E+00 0.3096E+04 0.1877E-02 0.1047E+02 0.4211E+07 0.2415E+03 11.517 0.3603 0.1165E-35 0.1153E-31
4160 0.2141E+00 0.3092E+04 0.1834E-02 0.1038E+02 0.4234E+07 0.2484E+03 11.487 0.3936 0.1091E-35 0.1040E-31
4165 0.2239E+00 0.3089E+04 0.1792E-02 0.1028E+02 0.4257E+07 0.2555E+03 11.457 0.4297 0.1020E-35 0.9381E-32
4170 0.2345E+00 0.3085E+04 0.1751E-02 0.1019E+02 0.4280E+07 0.2628E+03 11.427 0.4685 0.9531E-36 0.8457E-32
4175 0.2463E+00 0.3082E+04 0.1712E-02 0.1010E+02 0.4302E+07 0.2702E+03 11.398 0.5103 0.8886E-36 0.7615E-32
4177 0.2500E+00 0.3081E+04 0.1701E-02 0.1007E+02 0.4309E+07 0.2724E+03 11.389 0.5230 0.8703E-36 0.7384E-32
4180 0.2580E+00 0.3078E+04 0.1678E-02 0.1001E+02 0.4322E+07 0.2769E+03 11.371 0.5502 0.8331E-36 0.6926E-32
4185 0.2727E+00 0.3075E+04 0.1640E-02 0.9926E+01 0.4343E+07 0.2846E+03 11.342 0.5981 0.7726E-36 0.6209E-32
4190 0.2898E+00 0.3071E+04 0.1603E-02 0.9838E+01 0.4364E+07 0.2924E+03 11.313 0.6496 0.7134E-36 0.5543E-32
4193 0.3000E+00 0.3069E+04 0.1584E-02 0.9793E+01 0.4375E+07 0.2966E+03 11.298 0.6778 0.6827E-36 0.5212E-32
4195 0.3085E+00 0.3067E+04 0.1570E-02 0.9759E+01 0.4384E+07 0.2998E+03 11.286 0.7003 0.6594E-36 0.4966E-32
4200 0.3333E+00 0.3063E+04 0.1535E-02 0.9675E+01 0.4404E+07 0.3078E+03 11.257 0.7588 0.6004E-36 0.4369E-32
4203 0.3500E+00 0.3061E+04 0.1517E-02 0.9630E+01 0.4415E+07 0.3123E+03 11.242 0.7925 0.5673E-36 0.4048E-32
4205 0.3641E+00 0.3060E+04 0.1503E-02 0.9597E+01 0.4423E+07 0.3156E+03 11.230 0.8179 0.5427E-36 0.3817E-32
4210 0.4000E+00 0.3057E+04 0.1477E-02 0.9533E+01 0.4439E+07 0.3221E+03 11.208 0.8696 0.4904E-36 0.3345E-32
4210 0.4000E+00 0.3057E+04 0.1477E-02 0.9533E+01 0.4439E+07 0.3221E+03 11.208 0.8696 0.4904E-36 0.3345E-32
4215 0.4500E+00 0.3054E+04 0.1460E-02 0.9490E+01 0.4450E+07 0.3266E+03 11.193 0.9064 0.4363E-36 0.2889E-32
4215 0.4500E+00 0.3054E+04 0.1460E-02 0.9490E+01 0.4450E+07 0.3266E+03 11.193 0.9064 0.4363E-36 0.2889E-32
4218 0.5000E+00 0.3052E+04 0.1443E-02 0.9450E+01 0.4459E+07 0.3309E+03 11.179 0.9428 0.3958E-36 0.2563E-32
4220 0.5500E+00 0.3051E+04 0.1434E-02 0.9426E+01 0.4465E+07 0.3335E+03 11.170 0.9651 0.3643E-36 0.2320E-32
4220 0.5500E+00 0.3051E+04 0.1434E-02 0.9426E+01 0.4465E+07 0.3335E+03 11.170 0.9651 0.3643E-36 0.2320E-32
4222 0.6000E+00 0.3050E+04 0.1429E-02 0.9412E+01 0.4468E+07 0.3350E+03 11.166 0.9769 0.3392E-36 0.2134E-32
4223 0.6500E+00 0.3050E+04 0.1424E-02 0.9403E+01 0.4471E+07 0.3360E+03 11.161 0.9891 0.3185E-36 0.1984E-32
4224 0.7000E+00 0.3050E+04 0.1422E-02 0.9398E+01 0.4472E+07 0.3365E+03 11.160 0.9920 0.3011E-36 0.1861E-32
4225 0.7500E+00 0.3049E+04 0.1421E-02 0.9395E+01 0.4473E+07 0.3369E+03 11.159 0.9949 0.2862E-36 0.1757E-32
4225 0.7500E+00 0.3049E+04 0.1421E-02 0.9395E+01 0.4473E+07 0.3369E+03 11.159 0.9949 0.2862E-36 0.1757E-32
4226 0.8000E+00 0.3049E+04 0.1420E-02 0.9392E+01 0.4473E+07 0.3372E+03 11.158 0.9965 0.2732E-36 0.1668E-32
4227 0.8500E+00 0.3049E+04 0.1420E-02 0.9391E+01 0.4474E+07 0.3373E+03 11.158 0.9978 0.2619E-36 0.1591E-32
4228 0.9000E+00 0.3049E+04 0.1420E-02 0.9390E+01 0.4474E+07 0.3374E+03 11.158 0.9986 0.2518E-36 0.1524E-32
4229 0.9500E+00 0.3049E+04 0.1419E-02 0.9389E+01 0.4474E+07 0.3375E+03 11.157 0.9991 0.2427E-36 0.1464E-32
4230 0.1000E+01 0.3049E+04 0.1419E-02 0.9389E+01 0.4474E+07 0.3375E+03 11.157 0.9994 0.2346E-36 0.1411E-32
4230 0.1000E+01 0.3049E+04 0.1419E-02 0.9389E+01 0.4474E+07 0.3375E+03 11.157 0.9994 0.2346E-36 0.1411E-32
4231 0.1500E+01 0.3049E+04 0.1419E-02 0.9389E+01 0.4474E+07 0.3375E+03 11.157 1.0007 0.1879E-36 0.1116E-32
4232 0.2000E+01 0.3049E+04 0.1419E-02 0.9389E+01 0.4474E+07 0.3375E+03 11.157 1.0005 0.1598E-36 0.9422E-33
4233 0.2500E+01 0.3049E+04 0.1419E-02 0.9389E+01 0.4474E+07 0.3375E+03 11.157 1.0005 0.1409E-36 0.8270E-33
4234 0.3000E+01 0.3049E+04 0.1419E-02 0.9389E+01 0.4474E+07 0.3375E+03 11.157 1.0004 0.1272E-36 0.7442E-33
4235 0.3500E+01 0.3049E+04 0.1419E-02 0.9389E+01 0.4474E+07 0.3376E+03 11.157 1.0004 0.1167E-36 0.6815E-33
4235 0.3500E+01 0.3049E+04 0.1419E-02 0.9389E+01 0.4474E+07 0.3376E+03 11.157 1.0004 0.1167E-36 0.6815E-33
4236 0.4000E+01 0.3049E+04 0.1419E-02 0.9389E+01 0.4474E+07 0.3376E+03 11.157 1.0003 0.1084E-36 0.6319E-33
4237 0.4500E+01 0.3049E+04 0.1419E-02 0.9389E+01 0.4474E+07 0.3376E+03 11.157 1.0003 0.1016E-36 0.5916E-33
4238 0.5000E+01 0.3049E+04 0.1419E-02 0.9389E+01 0.4474E+07 0.3376E+03 11.157 1.0003 0.9593E-37 0.5579E-33
4239 0.5500E+01 0.3049E+04 0.1419E-02 0.9389E+01 0.4474E+07 0.3376E+03 11.157 1.0002 0.9108E-37 0.5293E-33
4240 0.6000E+01 0.3049E+04 0.1419E-02 0.9389E+01 0.4474E+07 0.3376E+03 11.157 1.0002 0.8690E-37 0.5046E-33
4240 0.6000E+01 0.3049E+04 0.1419E-02 0.9389E+01 0.4474E+07 0.3376E+03 11.157 1.0002 0.8690E-37 0.5046E-33
4241 0.6500E+01 0.3049E+04 0.1419E-02 0.9389E+01 0.4474E+07 0.3376E+03 11.157 1.0002 0.8323E-37 0.4830E-33
4242 0.7000E+01 0.3049E+04 0.1419E-02 0.9389E+01 0.4474E+07 0.3376E+03 11.157 1.0002 0.7999E-37 0.4640E-33
4243 0.7500E+01 0.3049E+04 0.1419E-02 0.9389E+01 0.4474E+07 0.3376E+03 11.157 1.0002 0.7709E-37 0.4470E-33
4244 0.8000E+01 0.3049E+04 0.1419E-02 0.9389E+01 0.4474E+07 0.3376E+03 11.157 1.0001 0.7448E-37 0.4317E-33
4245 0.8500E+01 0.3049E+04 0.1419E-02 0.9389E+01 0.4474E+07 0.3376E+03 11.157 1.0001 0.7212E-37 0.4179E-33
4245 0.8500E+01 0.3049E+04 0.1419E-02 0.9389E+01 0.4474E+07 0.3376E+03 11.157 1.0001 0.7212E-37 0.4179E-33
4246 0.9000E+01 0.3049E+04 0.1419E-02 0.9389E+01 0.4474E+07 0.3376E+03 11.157 1.0001 0.6997E-37 0.4053E-33
4247 0.9500E+01 0.3049E+04 0.1419E-02 0.9388E+01 0.4474E+07 0.3376E+03 11.157 1.0001 0.6799E-37 0.3938E-33
4248 0.1000E+02 0.3049E+04 0.1419E-02 0.9388E+01 0.4474E+07 0.3376E+03 11.157 1.0001 0.6618E-37 0.3831E-33
4249 0.1050E+02 0.3049E+04 0.1419E-02 0.9388E+01 0.4474E+07 0.3376E+03 11.157 1.0000 0.6450E-37 0.3733E-33
4250 0.1100E+02 0.3049E+04 0.1419E-02 0.9388E+01 0.4474E+07 0.3376E+03 11.157 1.0000 0.6294E-37 0.3643E-33
4250 0.1100E+02 0.3049E+04 0.1419E-02 0.9388E+01 0.4474E+07 0.3376E+03 11.157 1.0000 0.6294E-37 0.3643E-33
4251 0.1150E+02 0.3049E+04 0.1419E-02 0.9388E+01 0.4474E+07 0.3376E+03 11.157 1.0000 0.6149E-37 0.3558E-33
4252 0.1200E+02 0.3049E+04 0.1419E-02 0.9388E+01 0.4474E+07 0.3376E+03 11.157 1.0000 0.6013E-37 0.3479E-33
4253 0.1250E+02 0.3049E+04 0.1419E-02 0.9388E+01 0.4474E+07 0.3376E+03 11.157 1.0000 0.5886E-37 0.3405E-33
4254 0.1300E+02 0.3049E+04 0.1419E-02 0.9388E+01 0.4474E+07 0.3376E+03 11.157 1.0000 0.5767E-37 0.3335E-33
4255 0.1350E+02 0.3049E+04 0.1419E-02 0.9388E+01 0.4474E+07 0.3376E+03 11.157 1.0000 0.5654E-37 0.3270E-33
4255 0.1350E+02 0.3049E+04 0.1419E-02 0.9388E+01 0.4474E+07 0.3376E+03 11.157 1.0000 0.5654E-37 0.3270E-33
4256 0.1400E+02 0.3049E+04 0.1419E-02 0.9388E+01 0.4474E+07 0.3376E+03 11.157 1.0000 0.5548E-37 0.3208E-33
4257 0.1450E+02 0.3049E+04 0.1419E-02 0.9388E+01 0.4474E+07 0.3376E+03 11.157 1.0000 0.5447E-37 0.3149E-33
4258 0.1500E+02 0.3049E+04 0.1419E-02 0.9388E+01 0.4474E+07 0.3376E+03 11.157 1.0000 0.5352E-37 0.3094E-33
4259 0.1550E+02 0.3049E+04 0.1419E-02 0.9388E+01 0.4474E+07 0.3376E+03 11.157 1.0000 0.5262E-37 0.3042E-33
4260 0.1600E+02 0.3049E+04 0.1419E-02 0.9388E+01 0.4474E+07 0.3376E+03 11.157 1.0000 0.5176E-37 0.2992E-33
4260 0.1600E+02 0.3049E+04 0.1419E-02 0.9388E+01 0.4474E+07 0.3376E+03 11.157 1.0000 0.5176E-37 0.2992E-33
4261 0.1650E+02 0.3049E+04 0.1419E-02 0.9388E+01 0.4474E+07 0.3376E+03 11.157 1.0000 0.5094E-37 0.2944E-33
4262 0.1700E+02 0.3049E+04 0.1419E-02 0.9388E+01 0.4474E+07 0.3376E+03 11.157 1.0000 0.5015E-37 0.2898E-33
4263 0.1750E+02 0.3049E+04 0.1419E-02 0.9388E+01 0.4474E+07 0.3376E+03 11.157 1.0000 0.4941E-37 0.2855E-33
4264 0.1800E+02 0.3049E+04 0.1419E-02 0.9388E+01 0.4474E+07 0.3376E+03 11.157 1.0000 0.4869E-37 0.2814E-33
4265 0.1850E+02 0.3049E+04 0.1419E-02 0.9388E+01 0.4474E+07 0.3376E+03 11.157 1.0000 0.4801E-37 0.2774E-33
4265 0.1850E+02 0.3049E+04 0.1419E-02 0.9388E+01 0.4474E+07 0.3376E+03 11.157 1.0000 0.4801E-37 0.2774E-33
4266 0.1900E+02 0.3049E+04 0.1419E-02 0.9388E+01 0.4474E+07 0.3376E+03 11.157 1.0000 0.4735E-37 0.2736E-33
4267 0.1950E+02 0.3049E+04 0.1419E-02 0.9388E+01 0.4474E+07 0.3376E+03 11.157 1.0000 0.4672E-37 0.2699E-33
4268 0.2000E+02 0.3049E+04 0.1419E-02 0.9388E+01 0.4474E+07 0.3376E+03 11.157 1.0000 0.4611E-37 0.2664E-33
