 $INPUT
 IMODEL	=             1
 N	=           120
 MINSTP	=             0
 VEOS	=  1.000000000000000
 ILOOP	=             1
 STATIC	=   F
 FRACT	=  3.0000000000000001E-03
 SHINE	=  0.3000000000000000
 SHAVE	=  9.9999999999999995E-08
 POUT	=  5000000.000000000
 AMETH	=             2
 CMETH	=             1
 NOBOND	=             1
 TBEG	=  5.0000000000000004E-06
 TIMEF	=  20.00000000000000
 DTIMEO	=  5.0000000000000003E-02
 STEPO	=  0.5000000000000000
 LCORR	=   T
 LSTART	=   F
 MAXSTP	=         10000
 SPK	=  18.00000000000000
 STARL	=  0.0000000000000000E+00
 DIST	=  5.200000000000000
 ALB	=  0.3500000000000000
 TEFFS	=  5770.000000000000
 LCONV	=   T
 LTRANS	=   T
 LPOUT	=   F
 LFILL	=   F
 LCONT	=   T
 LBURN	=   T
 MAG	=  'O '
 GAM	=  '7X'
 MASS	=  208.8660000000000
 YHEA	=  0.2500000000000000
 YDI	=  2.0000000000000002E-05
 HB	=  1.000000000000000
 $end
 
 
 Gam,Mass,Yhe,Ydi,Dist,starl,alb=  7X 208.866   0.250 0.200E-04 0.520E+01 0.000E+00 0.350E+00
  I  Time(Gyrs) Teff        Lumin      Rad(Gcm)  Tc         Rhoc       S      Ratio  Yd         Yl


   5 0.5144E-06 0.4550E+04 0.1163E+01 0.1207E+03 0.5022E+06 0.1927E+00 17.987 0.0001 0.2000E-04 0.1000E+01
  10 0.1174E-05 0.4548E+04 0.1141E+01 0.1197E+03 0.5060E+06 0.1972E+00 17.967 0.0001 0.2000E-04 0.1000E+01
  15 0.1852E-05 0.4545E+04 0.1120E+01 0.1187E+03 0.5099E+06 0.2017E+00 17.948 0.0001 0.2000E-04 0.1000E+01
  20 0.2550E-05 0.4543E+04 0.1099E+01 0.1177E+03 0.5138E+06 0.2063E+00 17.929 0.0002 0.2000E-04 0.1000E+01
  25 0.3268E-05 0.4541E+04 0.1078E+01 0.1167E+03 0.5177E+06 0.2111E+00 17.910 0.0002 0.2000E-04 0.1000E+01
  30 0.4006E-05 0.4538E+04 0.1058E+01 0.1157E+03 0.5216E+06 0.2159E+00 17.890 0.0002 0.2000E-04 0.1000E+01
  35 0.4765E-05 0.4535E+04 0.1038E+01 0.1148E+03 0.5256E+06 0.2209E+00 17.871 0.0003 0.2000E-04 0.1000E+01
  37 0.0000E+00 0.4534E+04 0.1032E+01 0.1145E+03 0.5268E+06 0.2224E+00 17.865 0.0003 0.2000E-04 0.1000E+01
  40 0.4690E-06 0.4533E+04 0.1020E+01 0.1139E+03 0.5292E+06 0.2255E+00 17.853 0.0003 0.2000E-04 0.1000E+01
  45 0.1269E-05 0.4530E+04 0.1000E+01 0.1129E+03 0.5332E+06 0.2307E+00 17.834 0.0003 0.2000E-04 0.1000E+01
  50 0.2090E-05 0.4527E+04 0.9805E+00 0.1120E+03 0.5373E+06 0.2360E+00 17.815 0.0004 0.2000E-04 0.1000E+01
  55 0.2938E-05 0.4517E+04 0.9562E+00 0.1110E+03 0.5414E+06 0.2414E+00 17.795 0.0005 0.2000E-04 0.1000E+01
  60 0.3819E-05 0.4502E+04 0.9276E+00 0.1101E+03 0.5455E+06 0.2470E+00 17.776 0.0006 0.2000E-04 0.1000E+01
  65 0.4737E-05 0.4487E+04 0.8998E+00 0.1092E+03 0.5496E+06 0.2527E+00 17.757 0.0007 0.2000E-04 0.1000E+01
  70 0.5692E-05 0.4472E+04 0.8728E+00 0.1083E+03 0.5538E+06 0.2586E+00 17.737 0.0008 0.2000E-04 0.1000E+01
  75 0.6687E-05 0.4456E+04 0.8465E+00 0.1074E+03 0.5580E+06 0.2646E+00 17.718 0.0009 0.2000E-04 0.1000E+01
  80 0.7722E-05 0.4441E+04 0.8209E+00 0.1064E+03 0.5623E+06 0.2708E+00 17.698 0.0011 0.2000E-04 0.1000E+01
  85 0.8800E-05 0.4426E+04 0.7961E+00 0.1056E+03 0.5666E+06 0.2771E+00 17.678 0.0013 0.2000E-04 0.1000E+01
  90 0.9921E-05 0.4410E+04 0.7719E+00 0.1047E+03 0.5710E+06 0.2835E+00 17.659 0.0015 0.2000E-04 0.1000E+01
  95 0.1109E-04 0.4395E+04 0.7485E+00 0.1038E+03 0.5753E+06 0.2901E+00 17.639 0.0017 0.2000E-04 0.1000E+01
 100 0.1230E-04 0.4380E+04 0.7256E+00 0.1029E+03 0.5797E+06 0.2969E+00 17.619 0.0020 0.2000E-04 0.1000E+01
 105 0.1357E-04 0.4364E+04 0.7034E+00 0.1020E+03 0.5842E+06 0.3038E+00 17.600 0.0024 0.2000E-04 0.1000E+01
 110 0.1490E-04 0.4349E+04 0.6817E+00 0.1012E+03 0.5886E+06 0.3109E+00 17.580 0.0028 0.2000E-04 0.1000E+01
 115 0.1627E-04 0.4333E+04 0.6607E+00 0.1003E+03 0.5931E+06 0.3182E+00 17.560 0.0033 0.2000E-04 0.1000E+01
 120 0.1771E-04 0.4318E+04 0.6403E+00 0.9946E+02 0.5976E+06 0.3257E+00 17.540 0.0039 0.2000E-04 0.1000E+01
 125 0.1920E-04 0.4302E+04 0.6205E+00 0.9862E+02 0.6021E+06 0.3333E+00 17.520 0.0045 0.2000E-04 0.1000E+01
 130 0.2076E-04 0.4287E+04 0.6012E+00 0.9778E+02 0.6067E+06 0.3411E+00 17.501 0.0053 0.2000E-04 0.1000E+01
 135 0.2238E-04 0.4271E+04 0.5826E+00 0.9695E+02 0.6112E+06 0.3491E+00 17.481 0.0062 0.2000E-04 0.1000E+01
 140 0.2408E-04 0.4256E+04 0.5645E+00 0.9613E+02 0.6158E+06 0.3573E+00 17.461 0.0073 0.2000E-04 0.1000E+01
 145 0.2585E-04 0.4240E+04 0.5467E+00 0.9531E+02 0.6205E+06 0.3657E+00 17.441 0.0086 0.1999E-04 0.1000E+01
 150 0.2769E-04 0.4224E+04 0.5295E+00 0.9450E+02 0.6252E+06 0.3743E+00 17.421 0.0100 0.1999E-04 0.1000E+01
 155 0.2962E-04 0.4208E+04 0.5127E+00 0.9369E+02 0.6298E+06 0.3831E+00 17.400 0.0118 0.1999E-04 0.1000E+01
 160 0.3164E-04 0.4192E+04 0.4964E+00 0.9289E+02 0.6345E+06 0.3921E+00 17.380 0.0138 0.1999E-04 0.1000E+01
 165 0.3374E-04 0.4176E+04 0.4806E+00 0.9210E+02 0.6393E+06 0.4014E+00 17.360 0.0161 0.1999E-04 0.1000E+01
 170 0.3595E-04 0.4160E+04 0.4653E+00 0.9132E+02 0.6441E+06 0.4108E+00 17.340 0.0189 0.1999E-04 0.1000E+01
 175 0.3826E-04 0.4144E+04 0.4504E+00 0.9054E+02 0.6490E+06 0.4205E+00 17.320 0.0221 0.1998E-04 0.1000E+01
 180 0.4068E-04 0.4128E+04 0.4358E+00 0.8976E+02 0.6538E+06 0.4305E+00 17.299 0.0259 0.1998E-04 0.1000E+01
 185 0.4322E-04 0.4112E+04 0.4217E+00 0.8899E+02 0.6588E+06 0.4407E+00 17.279 0.0303 0.1998E-04 0.1000E+01
 190 0.4587E-04 0.4096E+04 0.4081E+00 0.8823E+02 0.6637E+06 0.4512E+00 17.258 0.0354 0.1997E-04 0.1000E+01
 195 0.4866E-04 0.4080E+04 0.3948E+00 0.8748E+02 0.6686E+06 0.4619E+00 17.238 0.0414 0.1997E-04 0.1000E+01
 200 0.5158E-04 0.4064E+04 0.3820E+00 0.8673E+02 0.6736E+06 0.4728E+00 17.217 0.0483 0.1996E-04 0.1000E+01
 205 0.5466E-04 0.4047E+04 0.3695E+00 0.8599E+02 0.6786E+06 0.4840E+00 17.197 0.0565 0.1996E-04 0.1000E+01
 210 0.5791E-04 0.4031E+04 0.3572E+00 0.8525E+02 0.6837E+06 0.4955E+00 17.176 0.0660 0.1995E-04 0.1000E+01
 215 0.6133E-04 0.4016E+04 0.3462E+00 0.8452E+02 0.6887E+06 0.5073E+00 17.156 0.0769 0.1994E-04 0.1000E+01
 220 0.6495E-04 0.4002E+04 0.3355E+00 0.8379E+02 0.6938E+06 0.5193E+00 17.135 0.0895 0.1993E-04 0.1000E+01
 225 0.6877E-04 0.3988E+04 0.3250E+00 0.8307E+02 0.6989E+06 0.5317E+00 17.114 0.1042 0.1992E-04 0.1000E+01
 230 0.7283E-04 0.3973E+04 0.3149E+00 0.8236E+02 0.7040E+06 0.5443E+00 17.093 0.1213 0.1990E-04 0.1000E+01
 235 0.7715E-04 0.3959E+04 0.3050E+00 0.8165E+02 0.7091E+06 0.5573E+00 17.073 0.1411 0.1988E-04 0.1000E+01
 240 0.8176E-04 0.3944E+04 0.2955E+00 0.8095E+02 0.7143E+06 0.5705E+00 17.052 0.1639 0.1986E-04 0.1000E+01
 245 0.8668E-04 0.3930E+04 0.2862E+00 0.8026E+02 0.7194E+06 0.5840E+00 17.031 0.1903 0.1983E-04 0.1000E+01
 250 0.9198E-04 0.3915E+04 0.2772E+00 0.7958E+02 0.7246E+06 0.5978E+00 17.010 0.2207 0.1980E-04 0.1000E+01
 255 0.9773E-04 0.3901E+04 0.2685E+00 0.7890E+02 0.7298E+06 0.6118E+00 16.990 0.2556 0.1976E-04 0.1000E+01
 260 0.1040E-03 0.3886E+04 0.2600E+00 0.7823E+02 0.7350E+06 0.6262E+00 16.969 0.2958 0.1971E-04 0.1000E+01
 265 0.1110E-03 0.3871E+04 0.2517E+00 0.7757E+02 0.7402E+06 0.6409E+00 16.948 0.3420 0.1965E-04 0.1000E+01
 270 0.1188E-03 0.3856E+04 0.2437E+00 0.7692E+02 0.7454E+06 0.6559E+00 16.928 0.3948 0.1957E-04 0.1000E+01
 275 0.1276E-03 0.3841E+04 0.2359E+00 0.7628E+02 0.7507E+06 0.6711E+00 16.907 0.4548 0.1947E-04 0.1000E+01
 280 0.1380E-03 0.3826E+04 0.2284E+00 0.7564E+02 0.7560E+06 0.6866E+00 16.886 0.5226 0.1934E-04 0.1000E+01
 285 0.1505E-03 0.3811E+04 0.2211E+00 0.7501E+02 0.7612E+06 0.7024E+00 16.866 0.5986 0.1917E-04 0.1000E+01
 290 0.1665E-03 0.3797E+04 0.2143E+00 0.7439E+02 0.7665E+06 0.7185E+00 16.846 0.6821 0.1893E-04 0.1000E+01
 295 0.1837E-03 0.3787E+04 0.2092E+00 0.7389E+02 0.7709E+06 0.7320E+00 16.829 0.7533 0.1864E-04 0.1000E+01
 300 0.1995E-03 0.3780E+04 0.2057E+00 0.7354E+02 0.7739E+06 0.7416E+00 16.817 0.8045 0.1836E-04 0.1000E+01
 305 0.2145E-03 0.3775E+04 0.2032E+00 0.7328E+02 0.7762E+06 0.7489E+00 16.808 0.8417 0.1809E-04 0.1000E+01
 310 0.2288E-03 0.3771E+04 0.2012E+00 0.7308E+02 0.7780E+06 0.7546E+00 16.802 0.8687 0.1782E-04 0.1000E+01
 315 0.2427E-03 0.3768E+04 0.1996E+00 0.7292E+02 0.7795E+06 0.7592E+00 16.796 0.8885 0.1755E-04 0.1000E+01
 320 0.2562E-03 0.3765E+04 0.1983E+00 0.7278E+02 0.7807E+06 0.7631E+00 16.792 0.9029 0.1729E-04 0.1000E+01
 325 0.2694E-03 0.3763E+04 0.1972E+00 0.7267E+02 0.7817E+06 0.7664E+00 16.788 0.9135 0.1703E-04 0.1000E+01
 330 0.2823E-03 0.3761E+04 0.1962E+00 0.7257E+02 0.7826E+06 0.7693E+00 16.784 0.9212 0.1678E-04 0.1000E+01
 335 0.2950E-03 0.3759E+04 0.1954E+00 0.7248E+02 0.7834E+06 0.7719E+00 16.781 0.9268 0.1653E-04 0.1000E+01
 340 0.3075E-03 0.3757E+04 0.1946E+00 0.7239E+02 0.7842E+06 0.7744E+00 16.778 0.9309 0.1628E-04 0.1000E+01
 345 0.3198E-03 0.3756E+04 0.1938E+00 0.7232E+02 0.7849E+06 0.7766E+00 16.776 0.9337 0.1604E-04 0.1000E+01
 350 0.3320E-03 0.3754E+04 0.1931E+00 0.7224E+02 0.7855E+06 0.7788E+00 16.773 0.9357 0.1580E-04 0.1000E+01
 355 0.3440E-03 0.3753E+04 0.1924E+00 0.7217E+02 0.7862E+06 0.7809E+00 16.771 0.9371 0.1556E-04 0.1000E+01
 360 0.3558E-03 0.3751E+04 0.1918E+00 0.7211E+02 0.7868E+06 0.7829E+00 16.769 0.9379 0.1533E-04 0.1000E+01
 365 0.3675E-03 0.3750E+04 0.1911E+00 0.7204E+02 0.7874E+06 0.7849E+00 16.766 0.9384 0.1510E-04 0.1000E+01
 370 0.3790E-03 0.3749E+04 0.1905E+00 0.7198E+02 0.7880E+06 0.7868E+00 16.764 0.9386 0.1488E-04 0.1000E+01
 375 0.3904E-03 0.3747E+04 0.1899E+00 0.7191E+02 0.7886E+06 0.7887E+00 16.762 0.9385 0.1466E-04 0.1000E+01
 380 0.4017E-03 0.3746E+04 0.1893E+00 0.7185E+02 0.7891E+06 0.7906E+00 16.760 0.9382 0.1444E-04 0.1000E+01
 385 0.4128E-03 0.3745E+04 0.1887E+00 0.7179E+02 0.7897E+06 0.7925E+00 16.758 0.9378 0.1422E-04 0.1000E+01
 390 0.4239E-03 0.3743E+04 0.1881E+00 0.7173E+02 0.7903E+06 0.7943E+00 16.756 0.9373 0.1401E-04 0.1000E+01
 395 0.4348E-03 0.3742E+04 0.1876E+00 0.7167E+02 0.7908E+06 0.7962E+00 16.753 0.9367 0.1380E-04 0.1000E+01
 400 0.4455E-03 0.3741E+04 0.1870E+00 0.7161E+02 0.7914E+06 0.7980E+00 16.751 0.9360 0.1360E-04 0.1000E+01
 405 0.4562E-03 0.3739E+04 0.1864E+00 0.7155E+02 0.7919E+06 0.7999E+00 16.749 0.9353 0.1339E-04 0.1000E+01
 410 0.4667E-03 0.3738E+04 0.1859E+00 0.7149E+02 0.7925E+06 0.8017E+00 16.747 0.9346 0.1319E-04 0.1000E+01
 415 0.4771E-03 0.3737E+04 0.1853E+00 0.7143E+02 0.7930E+06 0.8035E+00 16.745 0.9337 0.1300E-04 0.1000E+01
 420 0.4874E-03 0.3736E+04 0.1847E+00 0.7137E+02 0.7936E+06 0.8054E+00 16.743 0.9329 0.1280E-04 0.1000E+01
 425 0.4976E-03 0.3734E+04 0.1842E+00 0.7131E+02 0.7941E+06 0.8072E+00 16.741 0.9320 0.1261E-04 0.1000E+01
 430 0.5077E-03 0.3733E+04 0.1836E+00 0.7125E+02 0.7947E+06 0.8090E+00 16.739 0.9311 0.1243E-04 0.1000E+01
 435 0.5177E-03 0.3732E+04 0.1831E+00 0.7119E+02 0.7952E+06 0.8109E+00 16.737 0.9302 0.1224E-04 0.1000E+01
 440 0.5275E-03 0.3731E+04 0.1825E+00 0.7113E+02 0.7958E+06 0.8127E+00 16.735 0.9293 0.1206E-04 0.1000E+01
 445 0.5373E-03 0.3729E+04 0.1820E+00 0.7108E+02 0.7963E+06 0.8146E+00 16.733 0.9283 0.1188E-04 0.1000E+01
 450 0.5469E-03 0.3728E+04 0.1814E+00 0.7102E+02 0.7969E+06 0.8164E+00 16.731 0.9273 0.1170E-04 0.1000E+01
 455 0.5565E-03 0.3727E+04 0.1809E+00 0.7096E+02 0.7974E+06 0.8183E+00 16.729 0.9263 0.1153E-04 0.1000E+01
 460 0.5659E-03 0.3725E+04 0.1803E+00 0.7090E+02 0.7980E+06 0.8201E+00 16.727 0.9253 0.1135E-04 0.1000E+01
 465 0.5752E-03 0.3724E+04 0.1798E+00 0.7084E+02 0.7985E+06 0.8220E+00 16.725 0.9243 0.1119E-04 0.1000E+01
 470 0.5845E-03 0.3723E+04 0.1793E+00 0.7078E+02 0.7991E+06 0.8238E+00 16.723 0.9232 0.1102E-04 0.1000E+01
 475 0.5936E-03 0.3722E+04 0.1787E+00 0.7073E+02 0.7996E+06 0.8257E+00 16.721 0.9222 0.1085E-04 0.1000E+01
 480 0.6026E-03 0.3720E+04 0.1782E+00 0.7067E+02 0.8002E+06 0.8275E+00 16.719 0.9211 0.1069E-04 0.1000E+01
 485 0.6116E-03 0.3719E+04 0.1777E+00 0.7061E+02 0.8007E+06 0.8294E+00 16.717 0.9200 0.1053E-04 0.1000E+01
 490 0.6204E-03 0.3718E+04 0.1771E+00 0.7055E+02 0.8013E+06 0.8312E+00 16.715 0.9189 0.1038E-04 0.1000E+01
 495 0.6291E-03 0.3717E+04 0.1766E+00 0.7050E+02 0.8018E+06 0.8331E+00 16.713 0.9178 0.1022E-04 0.1000E+01
 500 0.6378E-03 0.3715E+04 0.1761E+00 0.7044E+02 0.8024E+06 0.8350E+00 16.711 0.9167 0.1007E-04 0.1000E+01
 505 0.6463E-03 0.3714E+04 0.1756E+00 0.7038E+02 0.8029E+06 0.8368E+00 16.709 0.9155 0.9919E-05 0.1000E+01
 510 0.6548E-03 0.3713E+04 0.1750E+00 0.7033E+02 0.8034E+06 0.8387E+00 16.707 0.9144 0.9772E-05 0.1000E+01
 515 0.6632E-03 0.3712E+04 0.1745E+00 0.7027E+02 0.8040E+06 0.8406E+00 16.704 0.9132 0.9626E-05 0.1000E+01
 520 0.6715E-03 0.3710E+04 0.1740E+00 0.7021E+02 0.8045E+06 0.8424E+00 16.702 0.9120 0.9482E-05 0.1000E+01
 525 0.6797E-03 0.3709E+04 0.1735E+00 0.7016E+02 0.8051E+06 0.8443E+00 16.700 0.9108 0.9341E-05 0.1000E+01
 530 0.6878E-03 0.3708E+04 0.1730E+00 0.7010E+02 0.8056E+06 0.8462E+00 16.698 0.9096 0.9202E-05 0.1000E+01
 535 0.6958E-03 0.3707E+04 0.1725E+00 0.7004E+02 0.8062E+06 0.8481E+00 16.696 0.9084 0.9065E-05 0.1000E+01
 540 0.7037E-03 0.3705E+04 0.1720E+00 0.6999E+02 0.8067E+06 0.8500E+00 16.694 0.9072 0.8930E-05 0.1000E+01
 545 0.7116E-03 0.3704E+04 0.1715E+00 0.6993E+02 0.8073E+06 0.8518E+00 16.692 0.9059 0.8797E-05 0.1000E+01
 550 0.7194E-03 0.3703E+04 0.1710E+00 0.6987E+02 0.8078E+06 0.8537E+00 16.690 0.9047 0.8665E-05 0.1000E+01
 555 0.7270E-03 0.3702E+04 0.1705E+00 0.6982E+02 0.8084E+06 0.8556E+00 16.688 0.9034 0.8536E-05 0.1000E+01
 560 0.7346E-03 0.3700E+04 0.1700E+00 0.6976E+02 0.8089E+06 0.8575E+00 16.686 0.9021 0.8409E-05 0.1000E+01
 565 0.7422E-03 0.3699E+04 0.1695E+00 0.6971E+02 0.8094E+06 0.8594E+00 16.684 0.9008 0.8284E-05 0.1000E+01
 570 0.7496E-03 0.3698E+04 0.1690E+00 0.6965E+02 0.8100E+06 0.8613E+00 16.683 0.8995 0.8160E-05 0.1000E+01
 575 0.7570E-03 0.3697E+04 0.1685E+00 0.6960E+02 0.8105E+06 0.8632E+00 16.681 0.8982 0.8039E-05 0.1000E+01
 580 0.7643E-03 0.3695E+04 0.1680E+00 0.6954E+02 0.8111E+06 0.8651E+00 16.679 0.8968 0.7919E-05 0.1000E+01
 585 0.7715E-03 0.3694E+04 0.1675E+00 0.6949E+02 0.8116E+06 0.8670E+00 16.677 0.8954 0.7801E-05 0.1000E+01
 590 0.7786E-03 0.3693E+04 0.1670E+00 0.6943E+02 0.8121E+06 0.8689E+00 16.675 0.8941 0.7685E-05 0.1000E+01
 595 0.7857E-03 0.3692E+04 0.1665E+00 0.6938E+02 0.8127E+06 0.8708E+00 16.673 0.8927 0.7570E-05 0.1000E+01
 600 0.7927E-03 0.3691E+04 0.1660E+00 0.6932E+02 0.8132E+06 0.8727E+00 16.671 0.8913 0.7457E-05 0.1000E+01
 605 0.7996E-03 0.3689E+04 0.1655E+00 0.6927E+02 0.8138E+06 0.8746E+00 16.669 0.8899 0.7346E-05 0.1000E+01
 610 0.8064E-03 0.3688E+04 0.1651E+00 0.6921E+02 0.8143E+06 0.8765E+00 16.667 0.8884 0.7237E-05 0.1000E+01
 615 0.8132E-03 0.3687E+04 0.1646E+00 0.6916E+02 0.8148E+06 0.8784E+00 16.665 0.8870 0.7129E-05 0.1000E+01
 620 0.8199E-03 0.3686E+04 0.1641E+00 0.6910E+02 0.8154E+06 0.8804E+00 16.663 0.8855 0.7023E-05 0.1000E+01
 625 0.8265E-03 0.3684E+04 0.1636E+00 0.6905E+02 0.8159E+06 0.8823E+00 16.661 0.8841 0.6918E-05 0.1000E+01
 630 0.8331E-03 0.3683E+04 0.1632E+00 0.6899E+02 0.8165E+06 0.8842E+00 16.659 0.8826 0.6815E-05 0.1000E+01
 635 0.8396E-03 0.3682E+04 0.1627E+00 0.6894E+02 0.8170E+06 0.8861E+00 16.657 0.8811 0.6713E-05 0.1000E+01
 640 0.8460E-03 0.3681E+04 0.1622E+00 0.6889E+02 0.8175E+06 0.8880E+00 16.655 0.8795 0.6613E-05 0.1000E+01
 645 0.8523E-03 0.3680E+04 0.1618E+00 0.6883E+02 0.8181E+06 0.8899E+00 16.653 0.8780 0.6515E-05 0.1000E+01
 650 0.8586E-03 0.3678E+04 0.1613E+00 0.6878E+02 0.8186E+06 0.8919E+00 16.651 0.8765 0.6418E-05 0.1000E+01
 655 0.8649E-03 0.3677E+04 0.1608E+00 0.6872E+02 0.8191E+06 0.8938E+00 16.649 0.8749 0.6322E-05 0.1000E+01
 660 0.8710E-03 0.3676E+04 0.1604E+00 0.6867E+02 0.8197E+06 0.8957E+00 16.647 0.8733 0.6228E-05 0.1000E+01
 665 0.8771E-03 0.3675E+04 0.1599E+00 0.6862E+02 0.8202E+06 0.8976E+00 16.645 0.8717 0.6135E-05 0.1000E+01
 670 0.8832E-03 0.3674E+04 0.1594E+00 0.6856E+02 0.8207E+06 0.8996E+00 16.643 0.8701 0.6043E-05 0.1000E+01
 675 0.8891E-03 0.3672E+04 0.1590E+00 0.6851E+02 0.8213E+06 0.9015E+00 16.641 0.8685 0.5953E-05 0.1000E+01
 680 0.8951E-03 0.3671E+04 0.1585E+00 0.6846E+02 0.8218E+06 0.9034E+00 16.639 0.8668 0.5865E-05 0.1000E+01
 685 0.9009E-03 0.3670E+04 0.1581E+00 0.6841E+02 0.8223E+06 0.9054E+00 16.637 0.8652 0.5777E-05 0.1000E+01
 690 0.9067E-03 0.3669E+04 0.1576E+00 0.6835E+02 0.8229E+06 0.9073E+00 16.636 0.8635 0.5691E-05 0.1000E+01
 695 0.9124E-03 0.3668E+04 0.1572E+00 0.6830E+02 0.8234E+06 0.9092E+00 16.634 0.8618 0.5606E-05 0.1000E+01
 700 0.9181E-03 0.3666E+04 0.1567E+00 0.6825E+02 0.8239E+06 0.9112E+00 16.632 0.8601 0.5523E-05 0.1000E+01
 705 0.9237E-03 0.3665E+04 0.1563E+00 0.6820E+02 0.8245E+06 0.9131E+00 16.630 0.8584 0.5440E-05 0.1000E+01
 710 0.9293E-03 0.3664E+04 0.1559E+00 0.6814E+02 0.8250E+06 0.9151E+00 16.628 0.8567 0.5359E-05 0.1000E+01
 715 0.9348E-03 0.3663E+04 0.1554E+00 0.6809E+02 0.8255E+06 0.9170E+00 16.626 0.8550 0.5279E-05 0.1000E+01
 720 0.9403E-03 0.3662E+04 0.1550E+00 0.6804E+02 0.8261E+06 0.9189E+00 16.624 0.8532 0.5201E-05 0.1000E+01
 725 0.9457E-03 0.3660E+04 0.1545E+00 0.6799E+02 0.8266E+06 0.9209E+00 16.622 0.8514 0.5123E-05 0.1000E+01
 730 0.9510E-03 0.3659E+04 0.1541E+00 0.6794E+02 0.8271E+06 0.9228E+00 16.620 0.8496 0.5047E-05 0.1000E+01
 735 0.9563E-03 0.3658E+04 0.1537E+00 0.6788E+02 0.8276E+06 0.9248E+00 16.618 0.8478 0.4972E-05 0.1000E+01
 740 0.9615E-03 0.3657E+04 0.1532E+00 0.6783E+02 0.8282E+06 0.9267E+00 16.616 0.8460 0.4898E-05 0.1000E+01
 745 0.9667E-03 0.3656E+04 0.1528E+00 0.6778E+02 0.8287E+06 0.9287E+00 16.615 0.8442 0.4825E-05 0.1000E+01
 750 0.9718E-03 0.3654E+04 0.1524E+00 0.6773E+02 0.8292E+06 0.9306E+00 16.613 0.8423 0.4753E-05 0.1000E+01
 755 0.9769E-03 0.3653E+04 0.1520E+00 0.6768E+02 0.8297E+06 0.9326E+00 16.611 0.8404 0.4682E-05 0.1000E+01
 760 0.9819E-03 0.3652E+04 0.1515E+00 0.6763E+02 0.8303E+06 0.9345E+00 16.609 0.8385 0.4612E-05 0.1000E+01
 765 0.9869E-03 0.3651E+04 0.1511E+00 0.6758E+02 0.8308E+06 0.9365E+00 16.607 0.8366 0.4543E-05 0.1000E+01
 770 0.9919E-03 0.3650E+04 0.1507E+00 0.6753E+02 0.8313E+06 0.9384E+00 16.605 0.8347 0.4476E-05 0.1000E+01
 775 0.9967E-03 0.3649E+04 0.1503E+00 0.6748E+02 0.8318E+06 0.9404E+00 16.603 0.8328 0.4409E-05 0.1000E+01
 780 0.1002E-02 0.3647E+04 0.1499E+00 0.6743E+02 0.8323E+06 0.9423E+00 16.601 0.8309 0.4343E-05 0.1000E+01
 785 0.1006E-02 0.3646E+04 0.1494E+00 0.6738E+02 0.8329E+06 0.9443E+00 16.600 0.8290 0.4279E-05 0.1000E+01
 790 0.1011E-02 0.3645E+04 0.1490E+00 0.6733E+02 0.8334E+06 0.9462E+00 16.598 0.8270 0.4215E-05 0.1000E+01
 795 0.1016E-02 0.3644E+04 0.1486E+00 0.6728E+02 0.8339E+06 0.9482E+00 16.596 0.8251 0.4152E-05 0.1000E+01
 800 0.1020E-02 0.3643E+04 0.1482E+00 0.6723E+02 0.8344E+06 0.9501E+00 16.594 0.8231 0.4090E-05 0.1000E+01
 805 0.1025E-02 0.3641E+04 0.1478E+00 0.6718E+02 0.8350E+06 0.9521E+00 16.592 0.8211 0.4029E-05 0.1000E+01
 810 0.1030E-02 0.3640E+04 0.1474E+00 0.6713E+02 0.8355E+06 0.9540E+00 16.590 0.8191 0.3969E-05 0.1000E+01
 815 0.1034E-02 0.3639E+04 0.1470E+00 0.6708E+02 0.8360E+06 0.9560E+00 16.588 0.8170 0.3910E-05 0.1000E+01
 820 0.1039E-02 0.3638E+04 0.1465E+00 0.6703E+02 0.8365E+06 0.9579E+00 16.587 0.8150 0.3852E-05 0.1000E+01
 825 0.1043E-02 0.3637E+04 0.1461E+00 0.6698E+02 0.8370E+06 0.9598E+00 16.585 0.8129 0.3794E-05 0.1000E+01
 830 0.1047E-02 0.3635E+04 0.1457E+00 0.6693E+02 0.8376E+06 0.9618E+00 16.583 0.8108 0.3738E-05 0.1000E+01
 835 0.1052E-02 0.3634E+04 0.1453E+00 0.6688E+02 0.8381E+06 0.9637E+00 16.581 0.8087 0.3682E-05 0.1000E+01
 840 0.1056E-02 0.3633E+04 0.1449E+00 0.6683E+02 0.8386E+06 0.9657E+00 16.579 0.8066 0.3627E-05 0.1000E+01
 845 0.1060E-02 0.3632E+04 0.1445E+00 0.6679E+02 0.8391E+06 0.9676E+00 16.578 0.8045 0.3573E-05 0.1000E+01
 850 0.1064E-02 0.3631E+04 0.1441E+00 0.6674E+02 0.8396E+06 0.9696E+00 16.576 0.8023 0.3520E-05 0.1000E+01
 855 0.1069E-02 0.3630E+04 0.1438E+00 0.6669E+02 0.8402E+06 0.9715E+00 16.574 0.8002 0.3467E-05 0.1000E+01
 860 0.1073E-02 0.3628E+04 0.1434E+00 0.6664E+02 0.8407E+06 0.9735E+00 16.572 0.7980 0.3416E-05 0.1000E+01
 865 0.1077E-02 0.3627E+04 0.1430E+00 0.6659E+02 0.8412E+06 0.9754E+00 16.570 0.7958 0.3365E-05 0.1000E+01
 870 0.1081E-02 0.3626E+04 0.1426E+00 0.6655E+02 0.8417E+06 0.9773E+00 16.568 0.7936 0.3315E-05 0.1000E+01
 875 0.1085E-02 0.3625E+04 0.1422E+00 0.6650E+02 0.8422E+06 0.9793E+00 16.567 0.7914 0.3265E-05 0.1000E+01
 880 0.1089E-02 0.3624E+04 0.1418E+00 0.6645E+02 0.8427E+06 0.9812E+00 16.565 0.7891 0.3217E-05 0.1000E+01
 885 0.1093E-02 0.3623E+04 0.1414E+00 0.6640E+02 0.8432E+06 0.9832E+00 16.563 0.7869 0.3169E-05 0.1000E+01
 890 0.1097E-02 0.3622E+04 0.1411E+00 0.6636E+02 0.8438E+06 0.9851E+00 16.561 0.7846 0.3122E-05 0.1000E+01
 895 0.1101E-02 0.3620E+04 0.1407E+00 0.6631E+02 0.8443E+06 0.9871E+00 16.560 0.7823 0.3075E-05 0.1000E+01
 900 0.1105E-02 0.3619E+04 0.1403E+00 0.6626E+02 0.8448E+06 0.9890E+00 16.558 0.7800 0.3029E-05 0.1000E+01
 905 0.1108E-02 0.3618E+04 0.1399E+00 0.6622E+02 0.8453E+06 0.9909E+00 16.556 0.7777 0.2984E-05 0.1000E+01
 910 0.1112E-02 0.3617E+04 0.1396E+00 0.6617E+02 0.8458E+06 0.9929E+00 16.554 0.7753 0.2940E-05 0.1000E+01
 915 0.1116E-02 0.3616E+04 0.1392E+00 0.6612E+02 0.8463E+06 0.9948E+00 16.552 0.7730 0.2896E-05 0.1000E+01
 920 0.1119E-02 0.3615E+04 0.1388E+00 0.6608E+02 0.8468E+06 0.9967E+00 16.551 0.7706 0.2853E-05 0.1000E+01
 925 0.1123E-02 0.3614E+04 0.1385E+00 0.6603E+02 0.8473E+06 0.9987E+00 16.549 0.7683 0.2810E-05 0.1000E+01
 930 0.1127E-02 0.3613E+04 0.1381E+00 0.6598E+02 0.8478E+06 0.1001E+01 16.547 0.7659 0.2768E-05 0.1000E+01
 935 0.1130E-02 0.3611E+04 0.1377E+00 0.6594E+02 0.8483E+06 0.1003E+01 16.545 0.7635 0.2727E-05 0.1000E+01
 940 0.1134E-02 0.3610E+04 0.1374E+00 0.6589E+02 0.8488E+06 0.1004E+01 16.544 0.7610 0.2686E-05 0.1000E+01
 945 0.1137E-02 0.3609E+04 0.1370E+00 0.6585E+02 0.8493E+06 0.1006E+01 16.542 0.7586 0.2646E-05 0.1000E+01
 950 0.1141E-02 0.3608E+04 0.1367E+00 0.6580E+02 0.8499E+06 0.1008E+01 16.540 0.7562 0.2607E-05 0.1000E+01
 955 0.1144E-02 0.3607E+04 0.1363E+00 0.6576E+02 0.8504E+06 0.1010E+01 16.538 0.7537 0.2568E-05 0.1000E+01
 960 0.1148E-02 0.3606E+04 0.1360E+00 0.6571E+02 0.8509E+06 0.1012E+01 16.537 0.7512 0.2530E-05 0.1000E+01
 965 0.1151E-02 0.3605E+04 0.1356E+00 0.6567E+02 0.8514E+06 0.1014E+01 16.535 0.7487 0.2492E-05 0.1000E+01
 970 0.1155E-02 0.3604E+04 0.1353E+00 0.6562E+02 0.8519E+06 0.1016E+01 16.533 0.7462 0.2455E-05 0.1000E+01
 975 0.1158E-02 0.3603E+04 0.1349E+00 0.6558E+02 0.8524E+06 0.1018E+01 16.532 0.7437 0.2418E-05 0.1000E+01
 980 0.1161E-02 0.3602E+04 0.1346E+00 0.6553E+02 0.8529E+06 0.1020E+01 16.530 0.7412 0.2382E-05 0.1000E+01
 985 0.1165E-02 0.3600E+04 0.1342E+00 0.6549E+02 0.8534E+06 0.1022E+01 16.528 0.7387 0.2347E-05 0.1000E+01
 990 0.1168E-02 0.3599E+04 0.1339E+00 0.6544E+02 0.8539E+06 0.1024E+01 16.526 0.7361 0.2312E-05 0.1000E+01
 995 0.1171E-02 0.3598E+04 0.1335E+00 0.6540E+02 0.8544E+06 0.1026E+01 16.525 0.7335 0.2277E-05 0.1000E+01
1000 0.1174E-02 0.3597E+04 0.1332E+00 0.6535E+02 0.8549E+06 0.1028E+01 16.523 0.7310 0.2243E-05 0.1000E+01
1005 0.1177E-02 0.3596E+04 0.1329E+00 0.6531E+02 0.8554E+06 0.1029E+01 16.521 0.7284 0.2210E-05 0.1000E+01
1010 0.1181E-02 0.3595E+04 0.1325E+00 0.6527E+02 0.8559E+06 0.1031E+01 16.520 0.7258 0.2177E-05 0.1000E+01
1015 0.1184E-02 0.3594E+04 0.1322E+00 0.6522E+02 0.8563E+06 0.1033E+01 16.518 0.7232 0.2145E-05 0.1000E+01
1020 0.1187E-02 0.3593E+04 0.1319E+00 0.6518E+02 0.8568E+06 0.1035E+01 16.516 0.7205 0.2113E-05 0.1000E+01
1025 0.1190E-02 0.3592E+04 0.1315E+00 0.6514E+02 0.8573E+06 0.1037E+01 16.515 0.7179 0.2081E-05 0.1000E+01
1030 0.1193E-02 0.3591E+04 0.1312E+00 0.6509E+02 0.8578E+06 0.1039E+01 16.513 0.7152 0.2050E-05 0.1000E+01
1035 0.1196E-02 0.3590E+04 0.1309E+00 0.6505E+02 0.8583E+06 0.1041E+01 16.511 0.7125 0.2020E-05 0.1000E+01
1040 0.1199E-02 0.3589E+04 0.1306E+00 0.6501E+02 0.8588E+06 0.1043E+01 16.510 0.7098 0.1990E-05 0.1000E+01
1045 0.1202E-02 0.3588E+04 0.1303E+00 0.6496E+02 0.8593E+06 0.1045E+01 16.508 0.7071 0.1960E-05 0.1000E+01
1050 0.1205E-02 0.3587E+04 0.1299E+00 0.6492E+02 0.8598E+06 0.1047E+01 16.506 0.7044 0.1931E-05 0.1000E+01
1055 0.1208E-02 0.3586E+04 0.1296E+00 0.6488E+02 0.8602E+06 0.1049E+01 16.505 0.7017 0.1902E-05 0.1000E+01
1060 0.1210E-02 0.3585E+04 0.1293E+00 0.6484E+02 0.8607E+06 0.1051E+01 16.503 0.6989 0.1874E-05 0.1000E+01
1065 0.1213E-02 0.3584E+04 0.1290E+00 0.6479E+02 0.8612E+06 0.1052E+01 16.501 0.6962 0.1846E-05 0.1000E+01
1070 0.1216E-02 0.3583E+04 0.1287E+00 0.6475E+02 0.8617E+06 0.1054E+01 16.500 0.6934 0.1818E-05 0.1000E+01
1075 0.1219E-02 0.3582E+04 0.1284E+00 0.6471E+02 0.8622E+06 0.1056E+01 16.498 0.6906 0.1791E-05 0.1000E+01
1080 0.1222E-02 0.3581E+04 0.1281E+00 0.6467E+02 0.8626E+06 0.1058E+01 16.496 0.6879 0.1764E-05 0.1000E+01
1085 0.1224E-02 0.3580E+04 0.1278E+00 0.6463E+02 0.8631E+06 0.1060E+01 16.495 0.6851 0.1738E-05 0.1000E+01
1090 0.1227E-02 0.3579E+04 0.1275E+00 0.6458E+02 0.8636E+06 0.1062E+01 16.493 0.6823 0.1712E-05 0.1000E+01
1095 0.1230E-02 0.3578E+04 0.1272E+00 0.6454E+02 0.8641E+06 0.1064E+01 16.492 0.6795 0.1687E-05 0.1000E+01
1100 0.1232E-02 0.3577E+04 0.1269E+00 0.6450E+02 0.8645E+06 0.1066E+01 16.490 0.6767 0.1662E-05 0.1000E+01
1105 0.1235E-02 0.3576E+04 0.1266E+00 0.6446E+02 0.8650E+06 0.1068E+01 16.488 0.6738 0.1637E-05 0.1000E+01
1110 0.1238E-02 0.3575E+04 0.1263E+00 0.6442E+02 0.8655E+06 0.1070E+01 16.487 0.6710 0.1612E-05 0.1000E+01
1115 0.1240E-02 0.3574E+04 0.1260E+00 0.6438E+02 0.8660E+06 0.1071E+01 16.485 0.6682 0.1588E-05 0.1000E+01
1120 0.1243E-02 0.3573E+04 0.1257E+00 0.6434E+02 0.8664E+06 0.1073E+01 16.484 0.6653 0.1565E-05 0.1000E+01
1125 0.1246E-02 0.3572E+04 0.1254E+00 0.6430E+02 0.8669E+06 0.1075E+01 16.482 0.6624 0.1541E-05 0.1000E+01
1130 0.1248E-02 0.3571E+04 0.1251E+00 0.6426E+02 0.8674E+06 0.1077E+01 16.480 0.6596 0.1518E-05 0.1000E+01
1135 0.1251E-02 0.3570E+04 0.1248E+00 0.6422E+02 0.8678E+06 0.1079E+01 16.479 0.6567 0.1496E-05 0.1000E+01
1140 0.1253E-02 0.3569E+04 0.1245E+00 0.6418E+02 0.8683E+06 0.1081E+01 16.477 0.6538 0.1474E-05 0.1000E+01
1145 0.1256E-02 0.3568E+04 0.1242E+00 0.6414E+02 0.8688E+06 0.1083E+01 16.476 0.6509 0.1452E-05 0.1000E+01
1150 0.1258E-02 0.3568E+04 0.1239E+00 0.6410E+02 0.8692E+06 0.1085E+01 16.474 0.6480 0.1430E-05 0.1000E+01
1155 0.1261E-02 0.3567E+04 0.1237E+00 0.6406E+02 0.8697E+06 0.1086E+01 16.473 0.6451 0.1409E-05 0.1000E+01
1160 0.1263E-02 0.3566E+04 0.1234E+00 0.6402E+02 0.8702E+06 0.1088E+01 16.471 0.6422 0.1388E-05 0.1000E+01
1165 0.1265E-02 0.3565E+04 0.1231E+00 0.6398E+02 0.8706E+06 0.1090E+01 16.469 0.6393 0.1367E-05 0.1000E+01
1170 0.1268E-02 0.3564E+04 0.1228E+00 0.6394E+02 0.8711E+06 0.1092E+01 16.468 0.6364 0.1347E-05 0.1000E+01
1175 0.1270E-02 0.3563E+04 0.1225E+00 0.6390E+02 0.8715E+06 0.1094E+01 16.466 0.6334 0.1327E-05 0.1000E+01
1180 0.1272E-02 0.3562E+04 0.1223E+00 0.6386E+02 0.8720E+06 0.1096E+01 16.465 0.6305 0.1307E-05 0.1000E+01
1185 0.1275E-02 0.3561E+04 0.1220E+00 0.6382E+02 0.8724E+06 0.1098E+01 16.463 0.6275 0.1287E-05 0.1000E+01
1190 0.1277E-02 0.3560E+04 0.1217E+00 0.6378E+02 0.8729E+06 0.1099E+01 16.462 0.6246 0.1268E-05 0.1000E+01
1195 0.1279E-02 0.3559E+04 0.1214E+00 0.6375E+02 0.8734E+06 0.1101E+01 16.460 0.6216 0.1249E-05 0.1000E+01
1200 0.1282E-02 0.3558E+04 0.1212E+00 0.6371E+02 0.8738E+06 0.1103E+01 16.459 0.6187 0.1231E-05 0.1000E+01
1205 0.1284E-02 0.3557E+04 0.1209E+00 0.6367E+02 0.8743E+06 0.1105E+01 16.457 0.6157 0.1212E-05 0.1000E+01
1210 0.1286E-02 0.3556E+04 0.1206E+00 0.6363E+02 0.8747E+06 0.1107E+01 16.456 0.6127 0.1194E-05 0.1000E+01
1215 0.1288E-02 0.3556E+04 0.1204E+00 0.6359E+02 0.8752E+06 0.1109E+01 16.454 0.6098 0.1176E-05 0.1000E+01
1220 0.1291E-02 0.3555E+04 0.1201E+00 0.6355E+02 0.8756E+06 0.1111E+01 16.453 0.6068 0.1159E-05 0.1000E+01
1225 0.1293E-02 0.3554E+04 0.1198E+00 0.6352E+02 0.8761E+06 0.1112E+01 16.451 0.6038 0.1142E-05 0.1000E+01
1230 0.1295E-02 0.3553E+04 0.1196E+00 0.6348E+02 0.8765E+06 0.1114E+01 16.450 0.6008 0.1125E-05 0.1000E+01
1235 0.1297E-02 0.3552E+04 0.1193E+00 0.6344E+02 0.8769E+06 0.1116E+01 16.448 0.5978 0.1108E-05 0.1000E+01
1240 0.1299E-02 0.3551E+04 0.1191E+00 0.6340E+02 0.8774E+06 0.1118E+01 16.447 0.5948 0.1091E-05 0.1000E+01
1245 0.1301E-02 0.3550E+04 0.1188E+00 0.6337E+02 0.8778E+06 0.1120E+01 16.445 0.5918 0.1075E-05 0.1000E+01
1250 0.1303E-02 0.3549E+04 0.1185E+00 0.6333E+02 0.8783E+06 0.1122E+01 16.444 0.5888 0.1059E-05 0.1000E+01
1255 0.1305E-02 0.3548E+04 0.1183E+00 0.6329E+02 0.8787E+06 0.1123E+01 16.442 0.5858 0.1043E-05 0.1000E+01
1260 0.1308E-02 0.3548E+04 0.1180E+00 0.6326E+02 0.8792E+06 0.1125E+01 16.441 0.5829 0.1028E-05 0.1000E+01
1265 0.1310E-02 0.3547E+04 0.1178E+00 0.6322E+02 0.8796E+06 0.1127E+01 16.439 0.5799 0.1012E-05 0.1000E+01
1270 0.1312E-02 0.3546E+04 0.1175E+00 0.6318E+02 0.8800E+06 0.1129E+01 16.438 0.5769 0.9973E-06 0.1000E+01
1275 0.1318E-02 0.3543E+04 0.1168E+00 0.6307E+02 0.8813E+06 0.1134E+01 16.433 0.5680 0.9534E-06 0.1000E+01
1280 0.1333E-02 0.3536E+04 0.1148E+00 0.6279E+02 0.8848E+06 0.1149E+01 16.422 0.5445 0.8451E-06 0.1000E+01
1285 0.1357E-02 0.3525E+04 0.1117E+00 0.6233E+02 0.8904E+06 0.1172E+01 16.403 0.5063 0.6942E-06 0.1000E+01
1290 0.1384E-02 0.3512E+04 0.1082E+00 0.6180E+02 0.8971E+06 0.1201E+01 16.381 0.4587 0.5438E-06 0.1000E+01
1295 0.1409E-02 0.3499E+04 0.1048E+00 0.6127E+02 0.9037E+06 0.1230E+01 16.360 0.4091 0.4194E-06 0.1000E+01
1300 0.1433E-02 0.3487E+04 0.1016E+00 0.6075E+02 0.9105E+06 0.1260E+01 16.338 0.3583 0.3179E-06 0.1000E+01
1305 0.1456E-02 0.3474E+04 0.9848E-01 0.6024E+02 0.9173E+06 0.1290E+01 16.316 0.3074 0.2361E-06 0.1000E+01
1310 0.1479E-02 0.3462E+04 0.9549E-01 0.5973E+02 0.9241E+06 0.1321E+01 16.295 0.2575 0.1713E-06 0.1000E+01
1315 0.1501E-02 0.3450E+04 0.9257E-01 0.5923E+02 0.9310E+06 0.1353E+01 16.273 0.2099 0.1209E-06 0.1000E+01
1320 0.1522E-02 0.3438E+04 0.8975E-01 0.5873E+02 0.9380E+06 0.1386E+01 16.252 0.1656 0.8264E-07 0.1000E+01
1325 0.1543E-02 0.3426E+04 0.8705E-01 0.5823E+02 0.9450E+06 0.1419E+01 16.230 0.1257 0.5436E-07 0.1000E+01
1330 0.1564E-02 0.3415E+04 0.8446E-01 0.5774E+02 0.9520E+06 0.1454E+01 16.209 0.0911 0.3418E-07 0.1000E+01
1335 0.1585E-02 0.3404E+04 0.8198E-01 0.5726E+02 0.9592E+06 0.1489E+01 16.187 0.0626 0.2037E-07 0.1000E+01
1340 0.1606E-02 0.3393E+04 0.7957E-01 0.5678E+02 0.9663E+06 0.1524E+01 16.165 0.0403 0.1139E-07 0.1000E+01
1345 0.1628E-02 0.3382E+04 0.7725E-01 0.5631E+02 0.9736E+06 0.1561E+01 16.144 0.0241 0.5916E-08 0.1000E+01
1350 0.1650E-02 0.3371E+04 0.7498E-01 0.5584E+02 0.9809E+06 0.1599E+01 16.122 0.0132 0.2818E-08 0.1000E+01
1355 0.1673E-02 0.3360E+04 0.7279E-01 0.5537E+02 0.9882E+06 0.1637E+01 16.101 0.0066 0.1214E-08 0.1000E+01
1360 0.1697E-02 0.3350E+04 0.7069E-01 0.5491E+02 0.9956E+06 0.1677E+01 16.079 0.0029 0.4658E-09 0.1000E+01
1365 0.1721E-02 0.3339E+04 0.6868E-01 0.5445E+02 0.1003E+07 0.1717E+01 16.058 0.0011 0.1568E-09 0.1000E+01
1370 0.1746E-02 0.3330E+04 0.6676E-01 0.5400E+02 0.1011E+07 0.1759E+01 16.036 0.0004 0.4565E-10 0.1000E+01
1375 0.1773E-02 0.3320E+04 0.6492E-01 0.5355E+02 0.1018E+07 0.1801E+01 16.015 0.0001 0.1132E-10 0.1000E+01
1380 0.1800E-02 0.3311E+04 0.6315E-01 0.5310E+02 0.1026E+07 0.1845E+01 15.993 0.0000 0.2361E-11 0.1000E+01
1385 0.1828E-02 0.3303E+04 0.6145E-01 0.5266E+02 0.1034E+07 0.1889E+01 15.971 0.0000 0.4085E-12 0.1000E+01
1390 0.1857E-02 0.3294E+04 0.5979E-01 0.5223E+02 0.1042E+07 0.1935E+01 15.950 0.0000 0.5938E-13 0.1000E+01
1395 0.1885E-02 0.3286E+04 0.5828E-01 0.5182E+02 0.1049E+07 0.1978E+01 15.930 0.0000 0.7666E-14 0.1000E+01
1400 0.1913E-02 0.3278E+04 0.5687E-01 0.5143E+02 0.1056E+07 0.2022E+01 15.910 0.0000 0.8777E-15 0.1000E+01
1405 0.1941E-02 0.3272E+04 0.5561E-01 0.5106E+02 0.1063E+07 0.2064E+01 15.891 0.0000 0.8787E-16 0.1000E+01
1410 0.1969E-02 0.3265E+04 0.5439E-01 0.5069E+02 0.1070E+07 0.2107E+01 15.873 0.0000 0.7466E-17 0.1000E+01
1415 0.2000E-02 0.3259E+04 0.5316E-01 0.5031E+02 0.1077E+07 0.2153E+01 15.853 0.0000 0.5050E-18 0.1000E+01
1420 0.2035E-02 0.3252E+04 0.5184E-01 0.4989E+02 0.1086E+07 0.2206E+01 15.832 0.0000 0.2553E-19 0.1000E+01
1425 0.2071E-02 0.3246E+04 0.5057E-01 0.4947E+02 0.1094E+07 0.2261E+01 15.810 0.0000 0.1115E-20 0.1000E+01
1430 0.2109E-02 0.3239E+04 0.4934E-01 0.4905E+02 0.1102E+07 0.2316E+01 15.788 0.0000 0.4351E-22 0.1000E+01
1435 0.2149E-02 0.3233E+04 0.4812E-01 0.4864E+02 0.1111E+07 0.2374E+01 15.766 0.0000 0.1561E-23 0.1000E+01
1440 0.2189E-02 0.3227E+04 0.4694E-01 0.4823E+02 0.1120E+07 0.2433E+01 15.743 0.0000 0.5277E-25 0.1000E+01
1445 0.2231E-02 0.3221E+04 0.4582E-01 0.4782E+02 0.1128E+07 0.2493E+01 15.721 0.0000 0.1719E-26 0.1000E+01
1450 0.2275E-02 0.3215E+04 0.4475E-01 0.4741E+02 0.1137E+07 0.2555E+01 15.699 0.0000 0.5514E-28 0.1000E+01
1455 0.2320E-02 0.3210E+04 0.4372E-01 0.4701E+02 0.1146E+07 0.2619E+01 15.677 0.0000 0.2079E-29 0.1000E+01
1460 0.2366E-02 0.3206E+04 0.4274E-01 0.4661E+02 0.1155E+07 0.2685E+01 15.655 0.0000 0.3126E-30 0.1000E+01
1465 0.2414E-02 0.3202E+04 0.4179E-01 0.4621E+02 0.1164E+07 0.2752E+01 15.632 0.0000 0.1645E-30 0.1000E+01
1470 0.2463E-02 0.3198E+04 0.4088E-01 0.4582E+02 0.1173E+07 0.2821E+01 15.610 0.0000 0.1164E-30 0.1000E+01
1475 0.2514E-02 0.3194E+04 0.4000E-01 0.4543E+02 0.1183E+07 0.2892E+01 15.588 0.0000 0.9141E-31 0.1000E+01
1480 0.2567E-02 0.3191E+04 0.3915E-01 0.4504E+02 0.1192E+07 0.2965E+01 15.565 0.0000 0.7562E-31 0.1000E+01
1485 0.2621E-02 0.3187E+04 0.3831E-01 0.4465E+02 0.1201E+07 0.3040E+01 15.543 0.0000 0.6449E-31 0.1000E+01
1490 0.2677E-02 0.3183E+04 0.3748E-01 0.4427E+02 0.1211E+07 0.3117E+01 15.521 0.0000 0.5611E-31 0.1000E+01
1495 0.2734E-02 0.3180E+04 0.3669E-01 0.4389E+02 0.1220E+07 0.3196E+01 15.498 0.0000 0.4951E-31 0.1000E+01
1500 0.2793E-02 0.3177E+04 0.3593E-01 0.4352E+02 0.1230E+07 0.3277E+01 15.476 0.0000 0.4414E-31 0.1000E+01
1505 0.2854E-02 0.3174E+04 0.3520E-01 0.4314E+02 0.1240E+07 0.3360E+01 15.453 0.0000 0.3965E-31 0.1000E+01
1510 0.2917E-02 0.3172E+04 0.3450E-01 0.4277E+02 0.1250E+07 0.3445E+01 15.431 0.0000 0.3584E-31 0.1000E+01
1515 0.2982E-02 0.3170E+04 0.3382E-01 0.4241E+02 0.1259E+07 0.3532E+01 15.408 0.0000 0.3256E-31 0.1000E+01
1517 0.3000E-02 0.3169E+04 0.3363E-01 0.4231E+02 0.1262E+07 0.3557E+01 15.402 0.0000 0.3173E-31 0.1000E+01
1520 0.3040E-02 0.3168E+04 0.3324E-01 0.4209E+02 0.1268E+07 0.3611E+01 15.388 0.0000 0.3003E-31 0.1000E+01
1525 0.3108E-02 0.3166E+04 0.3260E-01 0.4173E+02 0.1278E+07 0.3703E+01 15.366 0.0000 0.2746E-31 0.1000E+01
1530 0.3178E-02 0.3165E+04 0.3198E-01 0.4137E+02 0.1289E+07 0.3797E+01 15.343 0.0000 0.2519E-31 0.1000E+01
1535 0.3250E-02 0.3163E+04 0.3137E-01 0.4102E+02 0.1299E+07 0.3893E+01 15.321 0.0000 0.2316E-31 0.1000E+01
1540 0.3324E-02 0.3162E+04 0.3080E-01 0.4067E+02 0.1309E+07 0.3991E+01 15.299 0.0000 0.2134E-31 0.1000E+01
1545 0.3399E-02 0.3161E+04 0.3024E-01 0.4032E+02 0.1319E+07 0.4093E+01 15.276 0.0000 0.1970E-31 0.1000E+01
1550 0.3477E-02 0.3160E+04 0.2969E-01 0.3998E+02 0.1330E+07 0.4197E+01 15.253 0.0000 0.1820E-31 0.1000E+01
1555 0.3557E-02 0.3159E+04 0.2914E-01 0.3963E+02 0.1340E+07 0.4304E+01 15.231 0.0000 0.1684E-31 0.1000E+01
1560 0.3640E-02 0.3158E+04 0.2861E-01 0.3929E+02 0.1351E+07 0.4414E+01 15.208 0.0000 0.1560E-31 0.1000E+01
1565 0.3724E-02 0.3157E+04 0.2809E-01 0.3896E+02 0.1362E+07 0.4527E+01 15.185 0.0000 0.1447E-31 0.1000E+01
1570 0.3811E-02 0.3157E+04 0.2758E-01 0.3862E+02 0.1373E+07 0.4643E+01 15.163 0.0000 0.1343E-31 0.1000E+01
1575 0.3900E-02 0.3156E+04 0.2709E-01 0.3829E+02 0.1384E+07 0.4762E+01 15.140 0.0000 0.1247E-31 0.1000E+01
1580 0.3992E-02 0.3156E+04 0.2661E-01 0.3796E+02 0.1395E+07 0.4884E+01 15.117 0.0000 0.1159E-31 0.1000E+01
1585 0.4086E-02 0.3156E+04 0.2616E-01 0.3764E+02 0.1406E+07 0.5009E+01 15.095 0.0000 0.1078E-31 0.1000E+01
1590 0.4183E-02 0.3156E+04 0.2571E-01 0.3731E+02 0.1417E+07 0.5138E+01 15.072 0.0000 0.1003E-31 0.1000E+01
1595 0.4282E-02 0.3156E+04 0.2527E-01 0.3699E+02 0.1428E+07 0.5271E+01 15.049 0.0000 0.9333E-32 0.1000E+01
1600 0.4384E-02 0.3156E+04 0.2484E-01 0.3667E+02 0.1440E+07 0.5407E+01 15.026 0.0000 0.8691E-32 0.1000E+01
1605 0.4489E-02 0.3156E+04 0.2442E-01 0.3635E+02 0.1451E+07 0.5547E+01 15.003 0.0000 0.8096E-32 0.1000E+01
1610 0.4596E-02 0.3156E+04 0.2401E-01 0.3604E+02 0.1463E+07 0.5690E+01 14.980 0.0000 0.7544E-32 0.1000E+01
1615 0.4707E-02 0.3157E+04 0.2361E-01 0.3573E+02 0.1475E+07 0.5838E+01 14.957 0.0000 0.7032E-32 0.1000E+01
1620 0.4820E-02 0.3157E+04 0.2321E-01 0.3542E+02 0.1486E+07 0.5990E+01 14.934 0.0000 0.6556E-32 0.1000E+01
1625 0.4937E-02 0.3158E+04 0.2282E-01 0.3511E+02 0.1498E+07 0.6146E+01 14.911 0.0000 0.6113E-32 0.1000E+01
1630 0.5057E-02 0.3158E+04 0.2244E-01 0.3480E+02 0.1511E+07 0.6307E+01 14.888 0.0000 0.5701E-32 0.1000E+01
1635 0.5180E-02 0.3159E+04 0.2206E-01 0.3450E+02 0.1523E+07 0.6472E+01 14.865 0.0000 0.5318E-32 0.1000E+01
1640 0.5307E-02 0.3159E+04 0.2170E-01 0.3420E+02 0.1535E+07 0.6642E+01 14.842 0.0000 0.4962E-32 0.1000E+01
1645 0.5436E-02 0.3160E+04 0.2133E-01 0.3390E+02 0.1547E+07 0.6817E+01 14.818 0.0000 0.4630E-32 0.1000E+01
1650 0.5570E-02 0.3160E+04 0.2098E-01 0.3360E+02 0.1560E+07 0.6996E+01 14.795 0.0000 0.4321E-32 0.1000E+01
1655 0.5707E-02 0.3161E+04 0.2062E-01 0.3331E+02 0.1572E+07 0.7181E+01 14.771 0.0000 0.4033E-32 0.1000E+01
1660 0.5848E-02 0.3162E+04 0.2028E-01 0.3301E+02 0.1585E+07 0.7372E+01 14.748 0.0000 0.3765E-32 0.1000E+01
1665 0.5993E-02 0.3162E+04 0.1994E-01 0.3272E+02 0.1598E+07 0.7567E+01 14.725 0.0000 0.3515E-32 0.1000E+01
1670 0.6142E-02 0.3163E+04 0.1960E-01 0.3243E+02 0.1611E+07 0.7768E+01 14.701 0.0000 0.3281E-32 0.1000E+01
1675 0.6295E-02 0.3163E+04 0.1928E-01 0.3215E+02 0.1624E+07 0.7975E+01 14.677 0.0000 0.3064E-32 0.1000E+01
1680 0.6453E-02 0.3164E+04 0.1895E-01 0.3186E+02 0.1637E+07 0.8188E+01 14.654 0.0000 0.2861E-32 0.1000E+01
1685 0.6614E-02 0.3165E+04 0.1863E-01 0.3158E+02 0.1651E+07 0.8408E+01 14.630 0.0000 0.2672E-32 0.1000E+01
1690 0.6781E-02 0.3166E+04 0.1832E-01 0.3130E+02 0.1664E+07 0.8634E+01 14.606 0.0000 0.2495E-32 0.1000E+01
1695 0.6952E-02 0.3166E+04 0.1801E-01 0.3102E+02 0.1678E+07 0.8866E+01 14.582 0.0000 0.2330E-32 0.1000E+01
1700 0.7128E-02 0.3167E+04 0.1771E-01 0.3074E+02 0.1692E+07 0.9106E+01 14.558 0.0000 0.2176E-32 0.1000E+01
1705 0.7309E-02 0.3168E+04 0.1741E-01 0.3047E+02 0.1706E+07 0.9353E+01 14.534 0.0000 0.2032E-32 0.1000E+01
1710 0.7496E-02 0.3169E+04 0.1711E-01 0.3019E+02 0.1720E+07 0.9607E+01 14.510 0.0000 0.1897E-32 0.1000E+01
1715 0.7688E-02 0.3169E+04 0.1682E-01 0.2992E+02 0.1734E+07 0.9870E+01 14.486 0.0000 0.1772E-32 0.1000E+01
1720 0.7885E-02 0.3170E+04 0.1654E-01 0.2965E+02 0.1748E+07 0.1014E+02 14.462 0.0000 0.1655E-32 0.1000E+01
1725 0.8089E-02 0.3171E+04 0.1626E-01 0.2938E+02 0.1763E+07 0.1042E+02 14.437 0.0000 0.1545E-32 0.1000E+01
1730 0.8298E-02 0.3172E+04 0.1598E-01 0.2911E+02 0.1777E+07 0.1071E+02 14.413 0.0000 0.1443E-32 0.1000E+01
1735 0.8513E-02 0.3173E+04 0.1571E-01 0.2885E+02 0.1792E+07 0.1100E+02 14.388 0.0000 0.1347E-32 0.1000E+01
1740 0.8735E-02 0.3174E+04 0.1544E-01 0.2858E+02 0.1807E+07 0.1131E+02 14.364 0.0000 0.1258E-32 0.1000E+01
1745 0.8962E-02 0.3174E+04 0.1517E-01 0.2832E+02 0.1822E+07 0.1162E+02 14.339 0.0000 0.1174E-32 0.1000E+01
1750 0.9197E-02 0.3175E+04 0.1491E-01 0.2806E+02 0.1837E+07 0.1195E+02 14.314 0.0000 0.1097E-32 0.1000E+01
1755 0.9439E-02 0.3176E+04 0.1465E-01 0.2780E+02 0.1853E+07 0.1228E+02 14.290 0.0000 0.1024E-32 0.1000E+01
1760 0.9688E-02 0.3177E+04 0.1440E-01 0.2755E+02 0.1868E+07 0.1263E+02 14.265 0.0000 0.9560E-33 0.1000E+01
1765 0.9944E-02 0.3178E+04 0.1415E-01 0.2729E+02 0.1884E+07 0.1298E+02 14.240 0.0000 0.8925E-33 0.1000E+01
1770 0.1021E-01 0.3179E+04 0.1391E-01 0.2704E+02 0.1900E+07 0.1335E+02 14.215 0.0000 0.8332E-33 0.1000E+01
1775 0.1048E-01 0.3180E+04 0.1366E-01 0.2679E+02 0.1916E+07 0.1373E+02 14.189 0.0000 0.7779E-33 0.1000E+01
1780 0.1076E-01 0.3181E+04 0.1343E-01 0.2654E+02 0.1932E+07 0.1412E+02 14.164 0.0000 0.7262E-33 0.1000E+01
1785 0.1105E-01 0.3182E+04 0.1319E-01 0.2629E+02 0.1949E+07 0.1452E+02 14.139 0.0000 0.6780E-33 0.1000E+01
1790 0.1134E-01 0.3183E+04 0.1296E-01 0.2604E+02 0.1965E+07 0.1493E+02 14.114 0.0000 0.6331E-33 0.1000E+01
1795 0.1165E-01 0.3184E+04 0.1273E-01 0.2580E+02 0.1982E+07 0.1536E+02 14.088 0.0000 0.5910E-33 0.1000E+01
1800 0.1196E-01 0.3185E+04 0.1251E-01 0.2556E+02 0.1999E+07 0.1580E+02 14.063 0.0000 0.5518E-33 0.1000E+01
1805 0.1228E-01 0.3185E+04 0.1229E-01 0.2532E+02 0.2016E+07 0.1626E+02 14.037 0.0000 0.5152E-33 0.1000E+01
1810 0.1261E-01 0.3186E+04 0.1207E-01 0.2508E+02 0.2033E+07 0.1672E+02 14.012 0.0000 0.4811E-33 0.1000E+01
1815 0.1296E-01 0.3187E+04 0.1186E-01 0.2484E+02 0.2051E+07 0.1721E+02 13.986 0.0000 0.4492E-33 0.9999E+00
1820 0.1331E-01 0.3188E+04 0.1164E-01 0.2461E+02 0.2068E+07 0.1770E+02 13.960 0.0000 0.4195E-33 0.9999E+00
1825 0.1367E-01 0.3188E+04 0.1143E-01 0.2437E+02 0.2086E+07 0.1822E+02 13.934 0.0000 0.3917E-33 0.9999E+00
1830 0.1404E-01 0.3189E+04 0.1122E-01 0.2414E+02 0.2104E+07 0.1875E+02 13.908 0.0000 0.3658E-33 0.9999E+00
1835 0.1442E-01 0.3190E+04 0.1102E-01 0.2391E+02 0.2122E+07 0.1929E+02 13.883 0.0000 0.3416E-33 0.9998E+00
1840 0.1482E-01 0.3190E+04 0.1083E-01 0.2369E+02 0.2140E+07 0.1984E+02 13.858 0.0000 0.3191E-33 0.9998E+00
1845 0.1522E-01 0.3191E+04 0.1063E-01 0.2346E+02 0.2158E+07 0.2041E+02 13.831 0.0000 0.2981E-33 0.9997E+00
1850 0.1564E-01 0.3191E+04 0.1044E-01 0.2324E+02 0.2176E+07 0.2101E+02 13.805 0.0000 0.2785E-33 0.9997E+00
1855 0.1606E-01 0.3192E+04 0.1025E-01 0.2302E+02 0.2195E+07 0.2162E+02 13.780 0.0000 0.2602E-33 0.9996E+00
1860 0.1651E-01 0.3192E+04 0.1006E-01 0.2280E+02 0.2213E+07 0.2225E+02 13.754 0.0000 0.2431E-33 0.9995E+00
1865 0.1696E-01 0.3193E+04 0.9872E-02 0.2259E+02 0.2232E+07 0.2289E+02 13.727 0.0001 0.2272E-33 0.9993E+00
1870 0.1743E-01 0.3193E+04 0.9690E-02 0.2237E+02 0.2251E+07 0.2356E+02 13.701 0.0001 0.2124E-33 0.9992E+00
1875 0.1791E-01 0.3193E+04 0.9508E-02 0.2216E+02 0.2270E+07 0.2425E+02 13.675 0.0001 0.1985E-33 0.9989E+00
1880 0.1840E-01 0.3193E+04 0.9328E-02 0.2195E+02 0.2290E+07 0.2496E+02 13.649 0.0001 0.1855E-33 0.9986E+00
1885 0.1891E-01 0.3193E+04 0.9150E-02 0.2174E+02 0.2309E+07 0.2569E+02 13.623 0.0001 0.1734E-33 0.9983E+00
1890 0.1944E-01 0.3193E+04 0.8974E-02 0.2153E+02 0.2329E+07 0.2644E+02 13.597 0.0001 0.1620E-33 0.9978E+00
1895 0.1998E-01 0.3193E+04 0.8800E-02 0.2132E+02 0.2348E+07 0.2722E+02 13.570 0.0001 0.1515E-33 0.9973E+00
1900 0.2054E-01 0.3193E+04 0.8630E-02 0.2112E+02 0.2368E+07 0.2802E+02 13.544 0.0001 0.1416E-33 0.9965E+00
1905 0.2111E-01 0.3193E+04 0.8464E-02 0.2092E+02 0.2388E+07 0.2884E+02 13.517 0.0001 0.1323E-33 0.9956E+00
1910 0.2170E-01 0.3192E+04 0.8300E-02 0.2072E+02 0.2408E+07 0.2969E+02 13.491 0.0002 0.1237E-33 0.9945E+00
1915 0.2225E-01 0.3192E+04 0.8155E-02 0.2054E+02 0.2427E+07 0.3047E+02 13.467 0.0002 0.1164E-33 0.9933E+00
1920 0.2271E-01 0.3192E+04 0.8038E-02 0.2039E+02 0.2442E+07 0.3113E+02 13.447 0.0002 0.1108E-33 0.9920E+00
1925 0.2312E-01 0.3192E+04 0.7938E-02 0.2027E+02 0.2455E+07 0.3171E+02 13.430 0.0002 0.1062E-33 0.9908E+00
1930 0.2347E-01 0.3192E+04 0.7851E-02 0.2016E+02 0.2466E+07 0.3223E+02 13.416 0.0002 0.1023E-33 0.9896E+00
1935 0.2379E-01 0.3191E+04 0.7776E-02 0.2006E+02 0.2477E+07 0.3269E+02 13.403 0.0002 0.9905E-34 0.9885E+00
1940 0.2408E-01 0.3191E+04 0.7709E-02 0.1998E+02 0.2486E+07 0.3311E+02 13.391 0.0002 0.9619E-34 0.9873E+00
1945 0.2435E-01 0.3191E+04 0.7649E-02 0.1990E+02 0.2494E+07 0.3349E+02 13.380 0.0003 0.9366E-34 0.9862E+00
1950 0.2460E-01 0.3191E+04 0.7594E-02 0.1983E+02 0.2501E+07 0.3385E+02 13.371 0.0003 0.9141E-34 0.9850E+00
1955 0.2483E-01 0.3191E+04 0.7543E-02 0.1977E+02 0.2508E+07 0.3418E+02 13.362 0.0003 0.8938E-34 0.9839E+00
1960 0.2504E-01 0.3191E+04 0.7497E-02 0.1971E+02 0.2515E+07 0.3449E+02 13.353 0.0003 0.8753E-34 0.9828E+00
1965 0.2525E-01 0.3191E+04 0.7454E-02 0.1965E+02 0.2521E+07 0.3478E+02 13.346 0.0003 0.8585E-34 0.9817E+00
1970 0.2544E-01 0.3190E+04 0.7414E-02 0.1960E+02 0.2527E+07 0.3506E+02 13.338 0.0003 0.8430E-34 0.9807E+00
1975 0.2562E-01 0.3190E+04 0.7376E-02 0.1955E+02 0.2532E+07 0.3532E+02 13.331 0.0003 0.8287E-34 0.9796E+00
1980 0.2580E-01 0.3190E+04 0.7340E-02 0.1951E+02 0.2537E+07 0.3557E+02 13.325 0.0003 0.8154E-34 0.9786E+00
1985 0.2596E-01 0.3190E+04 0.7307E-02 0.1946E+02 0.2542E+07 0.3581E+02 13.319 0.0003 0.8030E-34 0.9775E+00
1990 0.2612E-01 0.3190E+04 0.7275E-02 0.1942E+02 0.2547E+07 0.3604E+02 13.313 0.0003 0.7914E-34 0.9765E+00
1995 0.2627E-01 0.3190E+04 0.7245E-02 0.1938E+02 0.2551E+07 0.3626E+02 13.307 0.0004 0.7806E-34 0.9755E+00
2000 0.2642E-01 0.3190E+04 0.7216E-02 0.1935E+02 0.2555E+07 0.3647E+02 13.302 0.0004 0.7703E-34 0.9745E+00
2005 0.2656E-01 0.3190E+04 0.7189E-02 0.1931E+02 0.2559E+07 0.3667E+02 13.297 0.0004 0.7606E-34 0.9735E+00
2010 0.2670E-01 0.3190E+04 0.7163E-02 0.1928E+02 0.2563E+07 0.3686E+02 13.292 0.0004 0.7515E-34 0.9726E+00
2015 0.2683E-01 0.3189E+04 0.7137E-02 0.1924E+02 0.2567E+07 0.3705E+02 13.287 0.0004 0.7428E-34 0.9716E+00
2020 0.2695E-01 0.3189E+04 0.7113E-02 0.1921E+02 0.2571E+07 0.3723E+02 13.283 0.0004 0.7345E-34 0.9707E+00
2025 0.2708E-01 0.3189E+04 0.7090E-02 0.1918E+02 0.2574E+07 0.3741E+02 13.278 0.0004 0.7267E-34 0.9697E+00
2030 0.2719E-01 0.3189E+04 0.7068E-02 0.1915E+02 0.2577E+07 0.3758E+02 13.274 0.0004 0.7192E-34 0.9688E+00
2035 0.2731E-01 0.3189E+04 0.7047E-02 0.1913E+02 0.2581E+07 0.3775E+02 13.270 0.0004 0.7120E-34 0.9679E+00
2040 0.2742E-01 0.3189E+04 0.7026E-02 0.1910E+02 0.2584E+07 0.3791E+02 13.266 0.0004 0.7052E-34 0.9670E+00
2045 0.2753E-01 0.3189E+04 0.7006E-02 0.1907E+02 0.2587E+07 0.3806E+02 13.263 0.0004 0.6986E-34 0.9661E+00
2050 0.2764E-01 0.3189E+04 0.6987E-02 0.1905E+02 0.2590E+07 0.3821E+02 13.259 0.0004 0.6923E-34 0.9652E+00
2055 0.2774E-01 0.3189E+04 0.6968E-02 0.1902E+02 0.2592E+07 0.3836E+02 13.255 0.0004 0.6862E-34 0.9644E+00
2060 0.2784E-01 0.3189E+04 0.6950E-02 0.1900E+02 0.2595E+07 0.3851E+02 13.252 0.0004 0.6804E-34 0.9635E+00
2065 0.2794E-01 0.3189E+04 0.6933E-02 0.1898E+02 0.2598E+07 0.3865E+02 13.248 0.0005 0.6747E-34 0.9627E+00
2070 0.2803E-01 0.3189E+04 0.6916E-02 0.1895E+02 0.2600E+07 0.3878E+02 13.245 0.0005 0.6693E-34 0.9618E+00
2075 0.2813E-01 0.3188E+04 0.6899E-02 0.1893E+02 0.2603E+07 0.3892E+02 13.242 0.0005 0.6641E-34 0.9610E+00
2080 0.2822E-01 0.3188E+04 0.6883E-02 0.1891E+02 0.2606E+07 0.3905E+02 13.239 0.0005 0.6590E-34 0.9602E+00
2085 0.2831E-01 0.3188E+04 0.6868E-02 0.1889E+02 0.2608E+07 0.3918E+02 13.236 0.0005 0.6541E-34 0.9594E+00
2090 0.2839E-01 0.3188E+04 0.6853E-02 0.1887E+02 0.2610E+07 0.3930E+02 13.233 0.0005 0.6494E-34 0.9586E+00
2095 0.2848E-01 0.3188E+04 0.6838E-02 0.1885E+02 0.2613E+07 0.3942E+02 13.230 0.0005 0.6448E-34 0.9578E+00
2100 0.2856E-01 0.3188E+04 0.6823E-02 0.1883E+02 0.2615E+07 0.3954E+02 13.227 0.0005 0.6404E-34 0.9570E+00
2105 0.2864E-01 0.3188E+04 0.6809E-02 0.1881E+02 0.2617E+07 0.3966E+02 13.224 0.0005 0.6361E-34 0.9562E+00
2110 0.2872E-01 0.3188E+04 0.6796E-02 0.1880E+02 0.2619E+07 0.3978E+02 13.222 0.0005 0.6319E-34 0.9554E+00
2115 0.2880E-01 0.3188E+04 0.6782E-02 0.1878E+02 0.2621E+07 0.3989E+02 13.219 0.0005 0.6278E-34 0.9547E+00
2120 0.2888E-01 0.3188E+04 0.6769E-02 0.1876E+02 0.2623E+07 0.4000E+02 13.217 0.0005 0.6239E-34 0.9539E+00
2125 0.2896E-01 0.3188E+04 0.6756E-02 0.1874E+02 0.2625E+07 0.4011E+02 13.214 0.0005 0.6200E-34 0.9532E+00
2130 0.2903E-01 0.3188E+04 0.6744E-02 0.1873E+02 0.2627E+07 0.4022E+02 13.212 0.0005 0.6163E-34 0.9525E+00
2135 0.2910E-01 0.3188E+04 0.6732E-02 0.1871E+02 0.2629E+07 0.4032E+02 13.209 0.0005 0.6126E-34 0.9517E+00
2140 0.2918E-01 0.3188E+04 0.6720E-02 0.1870E+02 0.2631E+07 0.4043E+02 13.207 0.0005 0.6091E-34 0.9510E+00
2145 0.2925E-01 0.3188E+04 0.6708E-02 0.1868E+02 0.2633E+07 0.4053E+02 13.204 0.0005 0.6056E-34 0.9503E+00
2150 0.2932E-01 0.3187E+04 0.6697E-02 0.1866E+02 0.2635E+07 0.4063E+02 13.202 0.0006 0.6023E-34 0.9496E+00
2155 0.2938E-01 0.3187E+04 0.6685E-02 0.1865E+02 0.2637E+07 0.4072E+02 13.200 0.0006 0.5990E-34 0.9489E+00
2160 0.2945E-01 0.3187E+04 0.6674E-02 0.1863E+02 0.2638E+07 0.4082E+02 13.198 0.0006 0.5957E-34 0.9482E+00
2165 0.2952E-01 0.3187E+04 0.6664E-02 0.1862E+02 0.2640E+07 0.4092E+02 13.196 0.0006 0.5926E-34 0.9476E+00
2170 0.2958E-01 0.3187E+04 0.6653E-02 0.1861E+02 0.2642E+07 0.4101E+02 13.193 0.0006 0.5895E-34 0.9469E+00
2175 0.2965E-01 0.3187E+04 0.6643E-02 0.1859E+02 0.2644E+07 0.4110E+02 13.191 0.0006 0.5865E-34 0.9462E+00
2180 0.2971E-01 0.3187E+04 0.6632E-02 0.1858E+02 0.2645E+07 0.4119E+02 13.189 0.0006 0.5836E-34 0.9456E+00
2185 0.2977E-01 0.3187E+04 0.6622E-02 0.1856E+02 0.2647E+07 0.4128E+02 13.187 0.0006 0.5807E-34 0.9449E+00
2190 0.2984E-01 0.3187E+04 0.6613E-02 0.1855E+02 0.2648E+07 0.4137E+02 13.185 0.0006 0.5779E-34 0.9443E+00
2195 0.2990E-01 0.3187E+04 0.6603E-02 0.1854E+02 0.2650E+07 0.4146E+02 13.183 0.0006 0.5752E-34 0.9437E+00
2200 0.2996E-01 0.3187E+04 0.6593E-02 0.1853E+02 0.2652E+07 0.4154E+02 13.181 0.0006 0.5725E-34 0.9430E+00
2205 0.3002E-01 0.3187E+04 0.6584E-02 0.1851E+02 0.2653E+07 0.4163E+02 13.180 0.0006 0.5699E-34 0.9424E+00
2210 0.3007E-01 0.3187E+04 0.6575E-02 0.1850E+02 0.2655E+07 0.4171E+02 13.178 0.0006 0.5673E-34 0.9418E+00
2215 0.3013E-01 0.3187E+04 0.6566E-02 0.1849E+02 0.2656E+07 0.4179E+02 13.176 0.0006 0.5647E-34 0.9412E+00
2220 0.3019E-01 0.3187E+04 0.6557E-02 0.1848E+02 0.2658E+07 0.4188E+02 13.174 0.0006 0.5623E-34 0.9406E+00
2225 0.3024E-01 0.3187E+04 0.6548E-02 0.1847E+02 0.2659E+07 0.4196E+02 13.172 0.0006 0.5598E-34 0.9400E+00
2230 0.3030E-01 0.3187E+04 0.6540E-02 0.1845E+02 0.2660E+07 0.4204E+02 13.171 0.0006 0.5574E-34 0.9394E+00
2235 0.3035E-01 0.3187E+04 0.6531E-02 0.1844E+02 0.2662E+07 0.4211E+02 13.169 0.0006 0.5551E-34 0.9388E+00
2240 0.3041E-01 0.3187E+04 0.6523E-02 0.1843E+02 0.2663E+07 0.4219E+02 13.167 0.0006 0.5528E-34 0.9382E+00
2245 0.3046E-01 0.3186E+04 0.6515E-02 0.1842E+02 0.2665E+07 0.4227E+02 13.165 0.0006 0.5505E-34 0.9377E+00
2250 0.3051E-01 0.3186E+04 0.6507E-02 0.1841E+02 0.2666E+07 0.4234E+02 13.164 0.0006 0.5483E-34 0.9371E+00
2255 0.3057E-01 0.3186E+04 0.6499E-02 0.1840E+02 0.2667E+07 0.4242E+02 13.162 0.0007 0.5461E-34 0.9365E+00
2260 0.3062E-01 0.3186E+04 0.6491E-02 0.1839E+02 0.2669E+07 0.4249E+02 13.161 0.0007 0.5440E-34 0.9360E+00
2265 0.3067E-01 0.3186E+04 0.6483E-02 0.1838E+02 0.2670E+07 0.4256E+02 13.159 0.0007 0.5419E-34 0.9354E+00
2270 0.3072E-01 0.3186E+04 0.6475E-02 0.1837E+02 0.2671E+07 0.4264E+02 13.157 0.0007 0.5398E-34 0.9349E+00
2275 0.3077E-01 0.3186E+04 0.6468E-02 0.1836E+02 0.2672E+07 0.4271E+02 13.156 0.0007 0.5378E-34 0.9343E+00
2280 0.3082E-01 0.3186E+04 0.6460E-02 0.1835E+02 0.2674E+07 0.4278E+02 13.154 0.0007 0.5358E-34 0.9338E+00
2285 0.3087E-01 0.3186E+04 0.6453E-02 0.1834E+02 0.2675E+07 0.4285E+02 13.153 0.0007 0.5338E-34 0.9333E+00
2290 0.3091E-01 0.3186E+04 0.6446E-02 0.1833E+02 0.2676E+07 0.4292E+02 13.151 0.0007 0.5319E-34 0.9327E+00
2295 0.3096E-01 0.3186E+04 0.6439E-02 0.1832E+02 0.2677E+07 0.4299E+02 13.150 0.0007 0.5300E-34 0.9322E+00
2300 0.3101E-01 0.3186E+04 0.6432E-02 0.1831E+02 0.2678E+07 0.4305E+02 13.148 0.0007 0.5281E-34 0.9317E+00
2305 0.3106E-01 0.3186E+04 0.6425E-02 0.1830E+02 0.2680E+07 0.4312E+02 13.147 0.0007 0.5262E-34 0.9312E+00
2310 0.3110E-01 0.3186E+04 0.6418E-02 0.1829E+02 0.2681E+07 0.4319E+02 13.145 0.0007 0.5244E-34 0.9307E+00
2315 0.3115E-01 0.3186E+04 0.6411E-02 0.1828E+02 0.2682E+07 0.4325E+02 13.144 0.0007 0.5226E-34 0.9302E+00
2320 0.3119E-01 0.3186E+04 0.6404E-02 0.1827E+02 0.2683E+07 0.4332E+02 13.143 0.0007 0.5209E-34 0.9297E+00
2325 0.3124E-01 0.3186E+04 0.6398E-02 0.1826E+02 0.2684E+07 0.4338E+02 13.141 0.0007 0.5191E-34 0.9292E+00
2330 0.3128E-01 0.3186E+04 0.6391E-02 0.1825E+02 0.2685E+07 0.4344E+02 13.140 0.0007 0.5174E-34 0.9287E+00
2335 0.3133E-01 0.3186E+04 0.6385E-02 0.1824E+02 0.2686E+07 0.4351E+02 13.139 0.0007 0.5157E-34 0.9282E+00
2340 0.3137E-01 0.3186E+04 0.6378E-02 0.1824E+02 0.2687E+07 0.4357E+02 13.137 0.0007 0.5141E-34 0.9278E+00
2345 0.3141E-01 0.3186E+04 0.6372E-02 0.1823E+02 0.2688E+07 0.4363E+02 13.136 0.0007 0.5124E-34 0.9273E+00
2350 0.3146E-01 0.3186E+04 0.6366E-02 0.1822E+02 0.2689E+07 0.4369E+02 13.135 0.0007 0.5108E-34 0.9268E+00
2355 0.3150E-01 0.3186E+04 0.6359E-02 0.1821E+02 0.2691E+07 0.4375E+02 13.133 0.0007 0.5092E-34 0.9264E+00
2360 0.3154E-01 0.3186E+04 0.6353E-02 0.1820E+02 0.2692E+07 0.4381E+02 13.132 0.0007 0.5076E-34 0.9259E+00
2365 0.3158E-01 0.3185E+04 0.6347E-02 0.1819E+02 0.2693E+07 0.4387E+02 13.131 0.0007 0.5061E-34 0.9255E+00
2370 0.3162E-01 0.3185E+04 0.6341E-02 0.1818E+02 0.2694E+07 0.4393E+02 13.130 0.0007 0.5045E-34 0.9250E+00
2375 0.3166E-01 0.3185E+04 0.6336E-02 0.1818E+02 0.2695E+07 0.4399E+02 13.128 0.0007 0.5030E-34 0.9246E+00
2380 0.3170E-01 0.3185E+04 0.6330E-02 0.1817E+02 0.2696E+07 0.4405E+02 13.127 0.0008 0.5015E-34 0.9241E+00
2385 0.3175E-01 0.3185E+04 0.6324E-02 0.1816E+02 0.2697E+07 0.4411E+02 13.126 0.0008 0.5001E-34 0.9237E+00
2390 0.3178E-01 0.3185E+04 0.6318E-02 0.1815E+02 0.2698E+07 0.4416E+02 13.125 0.0008 0.4986E-34 0.9232E+00
2395 0.3182E-01 0.3185E+04 0.6313E-02 0.1815E+02 0.2699E+07 0.4422E+02 13.123 0.0008 0.4972E-34 0.9228E+00
2400 0.3186E-01 0.3185E+04 0.6307E-02 0.1814E+02 0.2700E+07 0.4428E+02 13.122 0.0008 0.4957E-34 0.9224E+00
2405 0.3190E-01 0.3185E+04 0.6301E-02 0.1813E+02 0.2700E+07 0.4433E+02 13.121 0.0008 0.4943E-34 0.9219E+00
2410 0.3194E-01 0.3185E+04 0.6296E-02 0.1812E+02 0.2701E+07 0.4439E+02 13.120 0.0008 0.4930E-34 0.9215E+00
2415 0.3198E-01 0.3185E+04 0.6291E-02 0.1812E+02 0.2702E+07 0.4444E+02 13.119 0.0008 0.4916E-34 0.9211E+00
2420 0.3202E-01 0.3185E+04 0.6285E-02 0.1811E+02 0.2703E+07 0.4449E+02 13.118 0.0008 0.4902E-34 0.9207E+00
2425 0.3205E-01 0.3185E+04 0.6280E-02 0.1810E+02 0.2704E+07 0.4455E+02 13.117 0.0008 0.4889E-34 0.9203E+00
2430 0.3209E-01 0.3185E+04 0.6275E-02 0.1809E+02 0.2705E+07 0.4460E+02 13.115 0.0008 0.4876E-34 0.9199E+00
2435 0.3213E-01 0.3185E+04 0.6269E-02 0.1809E+02 0.2706E+07 0.4465E+02 13.114 0.0008 0.4863E-34 0.9195E+00
2440 0.3217E-01 0.3185E+04 0.6264E-02 0.1808E+02 0.2707E+07 0.4471E+02 13.113 0.0008 0.4850E-34 0.9191E+00
2445 0.3220E-01 0.3185E+04 0.6259E-02 0.1807E+02 0.2708E+07 0.4476E+02 13.112 0.0008 0.4837E-34 0.9187E+00
2450 0.3224E-01 0.3185E+04 0.6254E-02 0.1807E+02 0.2709E+07 0.4481E+02 13.111 0.0008 0.4825E-34 0.9183E+00
2455 0.3227E-01 0.3185E+04 0.6249E-02 0.1806E+02 0.2709E+07 0.4486E+02 13.110 0.0008 0.4812E-34 0.9179E+00
2460 0.3231E-01 0.3185E+04 0.6244E-02 0.1805E+02 0.2710E+07 0.4491E+02 13.109 0.0008 0.4800E-34 0.9175E+00
2465 0.3235E-01 0.3185E+04 0.6239E-02 0.1805E+02 0.2711E+07 0.4496E+02 13.108 0.0008 0.4788E-34 0.9171E+00
2470 0.3238E-01 0.3185E+04 0.6234E-02 0.1804E+02 0.2712E+07 0.4501E+02 13.107 0.0008 0.4776E-34 0.9167E+00
2475 0.3242E-01 0.3185E+04 0.6230E-02 0.1803E+02 0.2713E+07 0.4506E+02 13.106 0.0008 0.4764E-34 0.9163E+00
2480 0.3245E-01 0.3185E+04 0.6225E-02 0.1803E+02 0.2714E+07 0.4511E+02 13.105 0.0008 0.4752E-34 0.9160E+00
2485 0.3248E-01 0.3185E+04 0.6220E-02 0.1802E+02 0.2715E+07 0.4516E+02 13.104 0.0008 0.4741E-34 0.9156E+00
2490 0.3252E-01 0.3185E+04 0.6215E-02 0.1801E+02 0.2715E+07 0.4521E+02 13.103 0.0008 0.4729E-34 0.9152E+00
2495 0.3255E-01 0.3185E+04 0.6211E-02 0.1801E+02 0.2716E+07 0.4526E+02 13.102 0.0008 0.4718E-34 0.9148E+00
2500 0.3259E-01 0.3185E+04 0.6206E-02 0.1800E+02 0.2717E+07 0.4531E+02 13.101 0.0008 0.4706E-34 0.9145E+00
2505 0.3262E-01 0.3185E+04 0.6202E-02 0.1799E+02 0.2718E+07 0.4536E+02 13.100 0.0008 0.4695E-34 0.9141E+00
2510 0.3265E-01 0.3185E+04 0.6197E-02 0.1799E+02 0.2719E+07 0.4540E+02 13.099 0.0008 0.4684E-34 0.9138E+00
2515 0.3269E-01 0.3185E+04 0.6192E-02 0.1798E+02 0.2719E+07 0.4545E+02 13.098 0.0009 0.4673E-34 0.9134E+00
2520 0.3272E-01 0.3184E+04 0.6188E-02 0.1797E+02 0.2720E+07 0.4550E+02 13.097 0.0009 0.4663E-34 0.9130E+00
2525 0.3275E-01 0.3184E+04 0.6184E-02 0.1797E+02 0.2721E+07 0.4554E+02 13.096 0.0009 0.4652E-34 0.9127E+00
2530 0.3278E-01 0.3184E+04 0.6179E-02 0.1796E+02 0.2722E+07 0.4559E+02 13.095 0.0009 0.4641E-34 0.9123E+00
2535 0.3281E-01 0.3184E+04 0.6175E-02 0.1796E+02 0.2722E+07 0.4564E+02 13.094 0.0009 0.4631E-34 0.9120E+00
2540 0.3285E-01 0.3184E+04 0.6171E-02 0.1795E+02 0.2723E+07 0.4568E+02 13.093 0.0009 0.4620E-34 0.9116E+00
2545 0.3288E-01 0.3184E+04 0.6166E-02 0.1794E+02 0.2724E+07 0.4573E+02 13.092 0.0009 0.4610E-34 0.9113E+00
2550 0.3291E-01 0.3184E+04 0.6162E-02 0.1794E+02 0.2725E+07 0.4577E+02 13.091 0.0009 0.4600E-34 0.9110E+00
2555 0.3294E-01 0.3184E+04 0.6158E-02 0.1793E+02 0.2725E+07 0.4582E+02 13.090 0.0009 0.4590E-34 0.9106E+00
2560 0.3297E-01 0.3184E+04 0.6154E-02 0.1793E+02 0.2726E+07 0.4586E+02 13.090 0.0009 0.4580E-34 0.9103E+00
2565 0.3300E-01 0.3184E+04 0.6150E-02 0.1792E+02 0.2727E+07 0.4590E+02 13.089 0.0009 0.4570E-34 0.9100E+00
2570 0.3303E-01 0.3184E+04 0.6145E-02 0.1792E+02 0.2728E+07 0.4595E+02 13.088 0.0009 0.4560E-34 0.9096E+00
2575 0.3306E-01 0.3184E+04 0.6141E-02 0.1791E+02 0.2728E+07 0.4599E+02 13.087 0.0009 0.4551E-34 0.9093E+00
2580 0.3309E-01 0.3184E+04 0.6137E-02 0.1790E+02 0.2729E+07 0.4603E+02 13.086 0.0009 0.4541E-34 0.9090E+00
2585 0.3312E-01 0.3184E+04 0.6133E-02 0.1790E+02 0.2730E+07 0.4608E+02 13.085 0.0009 0.4531E-34 0.9086E+00
2590 0.3315E-01 0.3184E+04 0.6129E-02 0.1789E+02 0.2731E+07 0.4612E+02 13.084 0.0009 0.4522E-34 0.9083E+00
2595 0.3318E-01 0.3184E+04 0.6125E-02 0.1789E+02 0.2731E+07 0.4616E+02 13.083 0.0009 0.4513E-34 0.9080E+00
2600 0.3321E-01 0.3184E+04 0.6121E-02 0.1788E+02 0.2732E+07 0.4621E+02 13.083 0.0009 0.4503E-34 0.9077E+00
2605 0.3324E-01 0.3184E+04 0.6118E-02 0.1788E+02 0.2733E+07 0.4625E+02 13.082 0.0009 0.4494E-34 0.9074E+00
2610 0.3327E-01 0.3184E+04 0.6114E-02 0.1787E+02 0.2733E+07 0.4629E+02 13.081 0.0009 0.4485E-34 0.9070E+00
2615 0.3330E-01 0.3184E+04 0.6110E-02 0.1787E+02 0.2734E+07 0.4633E+02 13.080 0.0009 0.4476E-34 0.9067E+00
2620 0.3333E-01 0.3184E+04 0.6106E-02 0.1786E+02 0.2735E+07 0.4637E+02 13.079 0.0009 0.4467E-34 0.9064E+00
2625 0.3336E-01 0.3184E+04 0.6102E-02 0.1786E+02 0.2735E+07 0.4641E+02 13.078 0.0009 0.4458E-34 0.9061E+00
2630 0.3339E-01 0.3184E+04 0.6098E-02 0.1785E+02 0.2736E+07 0.4645E+02 13.078 0.0009 0.4450E-34 0.9058E+00
2635 0.3342E-01 0.3184E+04 0.6095E-02 0.1785E+02 0.2737E+07 0.4649E+02 13.077 0.0009 0.4441E-34 0.9055E+00
2640 0.3344E-01 0.3184E+04 0.6091E-02 0.1784E+02 0.2737E+07 0.4653E+02 13.076 0.0009 0.4432E-34 0.9052E+00
2645 0.3347E-01 0.3184E+04 0.6087E-02 0.1784E+02 0.2738E+07 0.4657E+02 13.075 0.0009 0.4424E-34 0.9049E+00
2650 0.3350E-01 0.3184E+04 0.6084E-02 0.1783E+02 0.2739E+07 0.4661E+02 13.074 0.0009 0.4415E-34 0.9046E+00
2655 0.3353E-01 0.3184E+04 0.6080E-02 0.1783E+02 0.2739E+07 0.4665E+02 13.074 0.0009 0.4407E-34 0.9043E+00
2660 0.3356E-01 0.3184E+04 0.6077E-02 0.1782E+02 0.2740E+07 0.4669E+02 13.073 0.0009 0.4398E-34 0.9040E+00
2665 0.3358E-01 0.3184E+04 0.6073E-02 0.1782E+02 0.2741E+07 0.4673E+02 13.072 0.0009 0.4390E-34 0.9037E+00
2670 0.3361E-01 0.3184E+04 0.6069E-02 0.1781E+02 0.2741E+07 0.4677E+02 13.071 0.0009 0.4382E-34 0.9034E+00
2675 0.3364E-01 0.3184E+04 0.6066E-02 0.1781E+02 0.2742E+07 0.4681E+02 13.070 0.0010 0.4374E-34 0.9031E+00
2680 0.3366E-01 0.3184E+04 0.6062E-02 0.1780E+02 0.2742E+07 0.4685E+02 13.070 0.0010 0.4366E-34 0.9028E+00
2685 0.3369E-01 0.3184E+04 0.6059E-02 0.1780E+02 0.2743E+07 0.4689E+02 13.069 0.0010 0.4358E-34 0.9025E+00
2690 0.3372E-01 0.3184E+04 0.6055E-02 0.1779E+02 0.2744E+07 0.4692E+02 13.068 0.0010 0.4350E-34 0.9022E+00
2695 0.3374E-01 0.3184E+04 0.6052E-02 0.1779E+02 0.2744E+07 0.4696E+02 13.067 0.0010 0.4342E-34 0.9020E+00
2700 0.3377E-01 0.3184E+04 0.6049E-02 0.1778E+02 0.2745E+07 0.4700E+02 13.067 0.0010 0.4334E-34 0.9017E+00
2705 0.3380E-01 0.3184E+04 0.6045E-02 0.1778E+02 0.2746E+07 0.4704E+02 13.066 0.0010 0.4326E-34 0.9014E+00
2710 0.3382E-01 0.3184E+04 0.6042E-02 0.1777E+02 0.2746E+07 0.4708E+02 13.065 0.0010 0.4319E-34 0.9011E+00
2715 0.3385E-01 0.3183E+04 0.6038E-02 0.1777E+02 0.2747E+07 0.4711E+02 13.064 0.0010 0.4311E-34 0.9008E+00
2720 0.3387E-01 0.3183E+04 0.6035E-02 0.1776E+02 0.2747E+07 0.4715E+02 13.064 0.0010 0.4303E-34 0.9006E+00
2725 0.3390E-01 0.3183E+04 0.6032E-02 0.1776E+02 0.2748E+07 0.4719E+02 13.063 0.0010 0.4296E-34 0.9003E+00
2730 0.3393E-01 0.3183E+04 0.6029E-02 0.1775E+02 0.2749E+07 0.4722E+02 13.062 0.0010 0.4288E-34 0.9000E+00
2735 0.3395E-01 0.3183E+04 0.6025E-02 0.1775E+02 0.2749E+07 0.4726E+02 13.062 0.0010 0.4281E-34 0.8997E+00
2740 0.3398E-01 0.3183E+04 0.6022E-02 0.1774E+02 0.2750E+07 0.4730E+02 13.061 0.0010 0.4274E-34 0.8995E+00
2745 0.3400E-01 0.3183E+04 0.6019E-02 0.1774E+02 0.2750E+07 0.4733E+02 13.060 0.0010 0.4266E-34 0.8992E+00
2750 0.3403E-01 0.3183E+04 0.6016E-02 0.1774E+02 0.2751E+07 0.4737E+02 13.059 0.0010 0.4259E-34 0.8989E+00
2755 0.3405E-01 0.3183E+04 0.6012E-02 0.1773E+02 0.2751E+07 0.4740E+02 13.059 0.0010 0.4252E-34 0.8986E+00
2760 0.3408E-01 0.3183E+04 0.6009E-02 0.1773E+02 0.2752E+07 0.4744E+02 13.058 0.0010 0.4245E-34 0.8984E+00
2765 0.3410E-01 0.3183E+04 0.6006E-02 0.1772E+02 0.2753E+07 0.4747E+02 13.057 0.0010 0.4238E-34 0.8981E+00
2770 0.3413E-01 0.3183E+04 0.6003E-02 0.1772E+02 0.2753E+07 0.4751E+02 13.057 0.0010 0.4231E-34 0.8978E+00
2775 0.3415E-01 0.3183E+04 0.6000E-02 0.1771E+02 0.2754E+07 0.4754E+02 13.056 0.0010 0.4224E-34 0.8976E+00
2780 0.3418E-01 0.3183E+04 0.5997E-02 0.1771E+02 0.2754E+07 0.4758E+02 13.055 0.0010 0.4217E-34 0.8973E+00
2785 0.3420E-01 0.3183E+04 0.5994E-02 0.1770E+02 0.2755E+07 0.4761E+02 13.055 0.0010 0.4210E-34 0.8971E+00
2790 0.3422E-01 0.3183E+04 0.5991E-02 0.1770E+02 0.2755E+07 0.4765E+02 13.054 0.0010 0.4203E-34 0.8968E+00
2795 0.3425E-01 0.3183E+04 0.5988E-02 0.1770E+02 0.2756E+07 0.4768E+02 13.053 0.0010 0.4196E-34 0.8965E+00
2800 0.3427E-01 0.3183E+04 0.5985E-02 0.1769E+02 0.2757E+07 0.4772E+02 13.053 0.0010 0.4190E-34 0.8963E+00
2805 0.3430E-01 0.3183E+04 0.5982E-02 0.1769E+02 0.2757E+07 0.4775E+02 13.052 0.0010 0.4183E-34 0.8960E+00
2810 0.3432E-01 0.3183E+04 0.5979E-02 0.1768E+02 0.2758E+07 0.4778E+02 13.051 0.0010 0.4176E-34 0.8958E+00
2815 0.3434E-01 0.3183E+04 0.5976E-02 0.1768E+02 0.2758E+07 0.4782E+02 13.051 0.0010 0.4170E-34 0.8955E+00
2820 0.3437E-01 0.3183E+04 0.5973E-02 0.1768E+02 0.2759E+07 0.4785E+02 13.050 0.0010 0.4163E-34 0.8953E+00
2825 0.3439E-01 0.3183E+04 0.5970E-02 0.1767E+02 0.2759E+07 0.4789E+02 13.049 0.0010 0.4157E-34 0.8950E+00
2830 0.3441E-01 0.3183E+04 0.5967E-02 0.1767E+02 0.2760E+07 0.4792E+02 13.049 0.0010 0.4150E-34 0.8947E+00
2835 0.3444E-01 0.3183E+04 0.5964E-02 0.1766E+02 0.2760E+07 0.4795E+02 13.048 0.0010 0.4144E-34 0.8945E+00
2840 0.3446E-01 0.3183E+04 0.5961E-02 0.1766E+02 0.2761E+07 0.4798E+02 13.047 0.0010 0.4137E-34 0.8942E+00
2845 0.3448E-01 0.3183E+04 0.5958E-02 0.1766E+02 0.2761E+07 0.4802E+02 13.047 0.0011 0.4131E-34 0.8940E+00
2850 0.3451E-01 0.3183E+04 0.5956E-02 0.1765E+02 0.2762E+07 0.4805E+02 13.046 0.0011 0.4125E-34 0.8937E+00
2855 0.3453E-01 0.3183E+04 0.5953E-02 0.1765E+02 0.2762E+07 0.4808E+02 13.045 0.0011 0.4119E-34 0.8935E+00
2860 0.3455E-01 0.3183E+04 0.5950E-02 0.1764E+02 0.2763E+07 0.4811E+02 13.045 0.0011 0.4112E-34 0.8933E+00
2865 0.3457E-01 0.3183E+04 0.5947E-02 0.1764E+02 0.2763E+07 0.4815E+02 13.044 0.0011 0.4106E-34 0.8930E+00
2870 0.3460E-01 0.3183E+04 0.5944E-02 0.1764E+02 0.2764E+07 0.4818E+02 13.044 0.0011 0.4100E-34 0.8928E+00
2875 0.3462E-01 0.3183E+04 0.5942E-02 0.1763E+02 0.2764E+07 0.4821E+02 13.043 0.0011 0.4094E-34 0.8925E+00
2880 0.3464E-01 0.3183E+04 0.5939E-02 0.1763E+02 0.2765E+07 0.4824E+02 13.042 0.0011 0.4088E-34 0.8923E+00
2885 0.3466E-01 0.3183E+04 0.5936E-02 0.1762E+02 0.2765E+07 0.4827E+02 13.042 0.0011 0.4082E-34 0.8920E+00
2890 0.3471E-01 0.3183E+04 0.5930E-02 0.1762E+02 0.2767E+07 0.4834E+02 13.040 0.0011 0.4069E-34 0.8915E+00
2895 0.3486E-01 0.3182E+04 0.5911E-02 0.1759E+02 0.2770E+07 0.4856E+02 13.036 0.0011 0.4028E-34 0.8898E+00
2900 0.3512E-01 0.3182E+04 0.5880E-02 0.1755E+02 0.2776E+07 0.4892E+02 13.029 0.0011 0.3962E-34 0.8870E+00
2905 0.3546E-01 0.3182E+04 0.5839E-02 0.1749E+02 0.2783E+07 0.4942E+02 13.020 0.0012 0.3874E-34 0.8832E+00
2910 0.3588E-01 0.3182E+04 0.5790E-02 0.1742E+02 0.2793E+07 0.5001E+02 13.009 0.0012 0.3772E-34 0.8784E+00
2915 0.3636E-01 0.3181E+04 0.5735E-02 0.1734E+02 0.2803E+07 0.5069E+02 12.996 0.0013 0.3660E-34 0.8727E+00
2920 0.3689E-01 0.3181E+04 0.5676E-02 0.1726E+02 0.2814E+07 0.5144E+02 12.982 0.0014 0.3543E-34 0.8662E+00
2925 0.3744E-01 0.3180E+04 0.5616E-02 0.1717E+02 0.2826E+07 0.5223E+02 12.968 0.0014 0.3425E-34 0.8587E+00
2930 0.3802E-01 0.3180E+04 0.5554E-02 0.1708E+02 0.2838E+07 0.5305E+02 12.953 0.0015 0.3308E-34 0.8504E+00
2935 0.3861E-01 0.3179E+04 0.5493E-02 0.1699E+02 0.2851E+07 0.5389E+02 12.939 0.0016 0.3195E-34 0.8412E+00
2940 0.3921E-01 0.3179E+04 0.5432E-02 0.1690E+02 0.2863E+07 0.5474E+02 12.924 0.0017 0.3086E-34 0.8310E+00
2945 0.3982E-01 0.3178E+04 0.5373E-02 0.1682E+02 0.2875E+07 0.5559E+02 12.909 0.0018 0.2982E-34 0.8199E+00
2950 0.4042E-01 0.3178E+04 0.5316E-02 0.1673E+02 0.2887E+07 0.5644E+02 12.895 0.0019 0.2884E-34 0.8079E+00
2955 0.4098E-01 0.3177E+04 0.5263E-02 0.1665E+02 0.2898E+07 0.5723E+02 12.882 0.0020 0.2796E-34 0.7958E+00
2960 0.4150E-01 0.3177E+04 0.5216E-02 0.1658E+02 0.2908E+07 0.5796E+02 12.870 0.0021 0.2719E-34 0.7838E+00
2965 0.4197E-01 0.3176E+04 0.5174E-02 0.1652E+02 0.2917E+07 0.5864E+02 12.859 0.0022 0.2651E-34 0.7721E+00
2970 0.4242E-01 0.3176E+04 0.5135E-02 0.1646E+02 0.2926E+07 0.5927E+02 12.849 0.0023 0.2590E-34 0.7605E+00
2975 0.4284E-01 0.3176E+04 0.5099E-02 0.1641E+02 0.2933E+07 0.5986E+02 12.840 0.0024 0.2534E-34 0.7491E+00
2980 0.4323E-01 0.3175E+04 0.5065E-02 0.1636E+02 0.2941E+07 0.6041E+02 12.831 0.0025 0.2483E-34 0.7379E+00
2985 0.4360E-01 0.3175E+04 0.5035E-02 0.1631E+02 0.2948E+07 0.6093E+02 12.823 0.0026 0.2437E-34 0.7268E+00
2990 0.4395E-01 0.3175E+04 0.5006E-02 0.1627E+02 0.2954E+07 0.6143E+02 12.815 0.0027 0.2394E-34 0.7160E+00
2995 0.4429E-01 0.3175E+04 0.4980E-02 0.1623E+02 0.2960E+07 0.6190E+02 12.808 0.0027 0.2354E-34 0.7052E+00
3000 0.4461E-01 0.3174E+04 0.4954E-02 0.1619E+02 0.2966E+07 0.6235E+02 12.801 0.0028 0.2317E-34 0.6947E+00
3005 0.4491E-01 0.3174E+04 0.4931E-02 0.1615E+02 0.2972E+07 0.6278E+02 12.794 0.0029 0.2282E-34 0.6843E+00
3010 0.4521E-01 0.3174E+04 0.4908E-02 0.1611E+02 0.2977E+07 0.6320E+02 12.788 0.0030 0.2250E-34 0.6741E+00
3015 0.4549E-01 0.3174E+04 0.4887E-02 0.1608E+02 0.2982E+07 0.6359E+02 12.782 0.0030 0.2219E-34 0.6640E+00
3020 0.4576E-01 0.3174E+04 0.4866E-02 0.1605E+02 0.2987E+07 0.6398E+02 12.776 0.0031 0.2190E-34 0.6541E+00
3025 0.4602E-01 0.3173E+04 0.4847E-02 0.1602E+02 0.2991E+07 0.6435E+02 12.771 0.0032 0.2163E-34 0.6443E+00
3030 0.4627E-01 0.3173E+04 0.4828E-02 0.1599E+02 0.2996E+07 0.6470E+02 12.766 0.0032 0.2137E-34 0.6347E+00
3035 0.4652E-01 0.3173E+04 0.4810E-02 0.1596E+02 0.3000E+07 0.6505E+02 12.761 0.0033 0.2113E-34 0.6252E+00
3040 0.4675E-01 0.3173E+04 0.4793E-02 0.1593E+02 0.3004E+07 0.6538E+02 12.756 0.0034 0.2089E-34 0.6159E+00
3045 0.4698E-01 0.3173E+04 0.4776E-02 0.1591E+02 0.3008E+07 0.6570E+02 12.751 0.0034 0.2067E-34 0.6067E+00
3050 0.4720E-01 0.3173E+04 0.4760E-02 0.1588E+02 0.3012E+07 0.6601E+02 12.747 0.0035 0.2046E-34 0.5976E+00
3055 0.4742E-01 0.3173E+04 0.4745E-02 0.1586E+02 0.3015E+07 0.6632E+02 12.742 0.0035 0.2025E-34 0.5887E+00
3060 0.4763E-01 0.3172E+04 0.4730E-02 0.1583E+02 0.3019E+07 0.6661E+02 12.738 0.0036 0.2006E-34 0.5799E+00
3065 0.4783E-01 0.3172E+04 0.4716E-02 0.1581E+02 0.3022E+07 0.6690E+02 12.734 0.0037 0.1987E-34 0.5712E+00
3070 0.4803E-01 0.3172E+04 0.4702E-02 0.1579E+02 0.3026E+07 0.6718E+02 12.730 0.0037 0.1969E-34 0.5627E+00
3075 0.4823E-01 0.3172E+04 0.4689E-02 0.1577E+02 0.3029E+07 0.6746E+02 12.726 0.0038 0.1952E-34 0.5543E+00
3080 0.4842E-01 0.3172E+04 0.4676E-02 0.1575E+02 0.3032E+07 0.6772E+02 12.722 0.0038 0.1935E-34 0.5460E+00
3085 0.4860E-01 0.3172E+04 0.4663E-02 0.1573E+02 0.3035E+07 0.6798E+02 12.719 0.0039 0.1919E-34 0.5379E+00
3090 0.4878E-01 0.3172E+04 0.4651E-02 0.1571E+02 0.3038E+07 0.6824E+02 12.715 0.0039 0.1904E-34 0.5299E+00
3095 0.4896E-01 0.3172E+04 0.4639E-02 0.1569E+02 0.3041E+07 0.6848E+02 12.712 0.0040 0.1889E-34 0.5220E+00
3100 0.4913E-01 0.3172E+04 0.4628E-02 0.1567E+02 0.3044E+07 0.6873E+02 12.708 0.0040 0.1875E-34 0.5142E+00
3105 0.4930E-01 0.3171E+04 0.4616E-02 0.1565E+02 0.3047E+07 0.6896E+02 12.705 0.0041 0.1861E-34 0.5065E+00
3110 0.4947E-01 0.3171E+04 0.4605E-02 0.1564E+02 0.3050E+07 0.6920E+02 12.702 0.0041 0.1847E-34 0.4989E+00
3115 0.4963E-01 0.3171E+04 0.4595E-02 0.1562E+02 0.3052E+07 0.6942E+02 12.699 0.0042 0.1834E-34 0.4915E+00
3120 0.4979E-01 0.3171E+04 0.4584E-02 0.1560E+02 0.3055E+07 0.6965E+02 12.696 0.0042 0.1821E-34 0.4842E+00
3125 0.4994E-01 0.3171E+04 0.4574E-02 0.1559E+02 0.3058E+07 0.6987E+02 12.693 0.0043 0.1809E-34 0.4769E+00
3127 0.5000E-01 0.3171E+04 0.4570E-02 0.1558E+02 0.3058E+07 0.6995E+02 12.692 0.0043 0.1805E-34 0.4743E+00
3130 0.5009E-01 0.3171E+04 0.4564E-02 0.1557E+02 0.3060E+07 0.7008E+02 12.690 0.0043 0.1797E-34 0.4701E+00
3135 0.5024E-01 0.3171E+04 0.4555E-02 0.1555E+02 0.3062E+07 0.7029E+02 12.687 0.0044 0.1786E-34 0.4630E+00
3140 0.5039E-01 0.3171E+04 0.4545E-02 0.1554E+02 0.3065E+07 0.7049E+02 12.684 0.0044 0.1774E-34 0.4561E+00
3145 0.5053E-01 0.3171E+04 0.4536E-02 0.1552E+02 0.3067E+07 0.7070E+02 12.681 0.0045 0.1763E-34 0.4493E+00
3150 0.5068E-01 0.3171E+04 0.4527E-02 0.1551E+02 0.3069E+07 0.7090E+02 12.679 0.0045 0.1753E-34 0.4426E+00
3155 0.5082E-01 0.3170E+04 0.4518E-02 0.1550E+02 0.3072E+07 0.7109E+02 12.676 0.0046 0.1742E-34 0.4360E+00
3160 0.5095E-01 0.3170E+04 0.4509E-02 0.1548E+02 0.3074E+07 0.7129E+02 12.673 0.0046 0.1732E-34 0.4295E+00
3165 0.5109E-01 0.3170E+04 0.4501E-02 0.1547E+02 0.3076E+07 0.7148E+02 12.671 0.0047 0.1722E-34 0.4231E+00
3170 0.5122E-01 0.3170E+04 0.4493E-02 0.1545E+02 0.3078E+07 0.7166E+02 12.668 0.0047 0.1712E-34 0.4168E+00
3175 0.5135E-01 0.3170E+04 0.4485E-02 0.1544E+02 0.3080E+07 0.7185E+02 12.666 0.0048 0.1703E-34 0.4106E+00
3180 0.5148E-01 0.3170E+04 0.4477E-02 0.1543E+02 0.3082E+07 0.7203E+02 12.664 0.0048 0.1694E-34 0.4045E+00
3185 0.5161E-01 0.3170E+04 0.4469E-02 0.1542E+02 0.3084E+07 0.7221E+02 12.661 0.0048 0.1685E-34 0.3984E+00
3190 0.5174E-01 0.3170E+04 0.4461E-02 0.1540E+02 0.3086E+07 0.7238E+02 12.659 0.0049 0.1676E-34 0.3925E+00
3195 0.5186E-01 0.3170E+04 0.4453E-02 0.1539E+02 0.3088E+07 0.7256E+02 12.657 0.0049 0.1667E-34 0.3866E+00
3200 0.5198E-01 0.3170E+04 0.4446E-02 0.1538E+02 0.3090E+07 0.7273E+02 12.654 0.0050 0.1659E-34 0.3809E+00
3205 0.5210E-01 0.3170E+04 0.4439E-02 0.1537E+02 0.3092E+07 0.7290E+02 12.652 0.0050 0.1651E-34 0.3752E+00
3210 0.5222E-01 0.3170E+04 0.4432E-02 0.1536E+02 0.3094E+07 0.7306E+02 12.650 0.0051 0.1643E-34 0.3696E+00
3215 0.5234E-01 0.3169E+04 0.4425E-02 0.1534E+02 0.3096E+07 0.7322E+02 12.648 0.0051 0.1635E-34 0.3641E+00
3220 0.5245E-01 0.3169E+04 0.4418E-02 0.1533E+02 0.3098E+07 0.7339E+02 12.646 0.0051 0.1627E-34 0.3587E+00
3225 0.5257E-01 0.3169E+04 0.4411E-02 0.1532E+02 0.3099E+07 0.7355E+02 12.644 0.0052 0.1619E-34 0.3533E+00
3230 0.5268E-01 0.3169E+04 0.4404E-02 0.1531E+02 0.3101E+07 0.7370E+02 12.642 0.0052 0.1612E-34 0.3481E+00
3235 0.5279E-01 0.3169E+04 0.4398E-02 0.1530E+02 0.3103E+07 0.7386E+02 12.639 0.0053 0.1605E-34 0.3429E+00
3240 0.5290E-01 0.3169E+04 0.4391E-02 0.1529E+02 0.3104E+07 0.7401E+02 12.638 0.0053 0.1598E-34 0.3378E+00
3245 0.5301E-01 0.3169E+04 0.4385E-02 0.1528E+02 0.3106E+07 0.7416E+02 12.636 0.0053 0.1591E-34 0.3327E+00
3250 0.5311E-01 0.3169E+04 0.4379E-02 0.1527E+02 0.3108E+07 0.7431E+02 12.634 0.0054 0.1584E-34 0.3278E+00
3255 0.5322E-01 0.3169E+04 0.4372E-02 0.1526E+02 0.3109E+07 0.7446E+02 12.632 0.0054 0.1577E-34 0.3229E+00
3260 0.5332E-01 0.3169E+04 0.4366E-02 0.1525E+02 0.3111E+07 0.7460E+02 12.630 0.0055 0.1570E-34 0.3181E+00
3265 0.5343E-01 0.3169E+04 0.4360E-02 0.1524E+02 0.3113E+07 0.7475E+02 12.628 0.0055 0.1564E-34 0.3133E+00
3270 0.5353E-01 0.3169E+04 0.4354E-02 0.1523E+02 0.3114E+07 0.7489E+02 12.626 0.0055 0.1557E-34 0.3087E+00
3275 0.5363E-01 0.3169E+04 0.4349E-02 0.1522E+02 0.3116E+07 0.7503E+02 12.624 0.0056 0.1551E-34 0.3041E+00
3280 0.5373E-01 0.3168E+04 0.4343E-02 0.1521E+02 0.3117E+07 0.7517E+02 12.623 0.0056 0.1545E-34 0.2995E+00
3285 0.5383E-01 0.3168E+04 0.4337E-02 0.1520E+02 0.3119E+07 0.7531E+02 12.621 0.0057 0.1539E-34 0.2951E+00
3290 0.5392E-01 0.3168E+04 0.4332E-02 0.1519E+02 0.3120E+07 0.7544E+02 12.619 0.0057 0.1533E-34 0.2907E+00
3295 0.5402E-01 0.3168E+04 0.4326E-02 0.1518E+02 0.3122E+07 0.7558E+02 12.617 0.0057 0.1527E-34 0.2863E+00
3300 0.5412E-01 0.3168E+04 0.4321E-02 0.1517E+02 0.3123E+07 0.7571E+02 12.616 0.0058 0.1521E-34 0.2821E+00
3305 0.5421E-01 0.3168E+04 0.4315E-02 0.1517E+02 0.3124E+07 0.7584E+02 12.614 0.0058 0.1516E-34 0.2779E+00
3310 0.5430E-01 0.3168E+04 0.4310E-02 0.1516E+02 0.3126E+07 0.7597E+02 12.612 0.0058 0.1510E-34 0.2737E+00
3315 0.5440E-01 0.3168E+04 0.4305E-02 0.1515E+02 0.3127E+07 0.7610E+02 12.611 0.0059 0.1505E-34 0.2696E+00
3320 0.5449E-01 0.3168E+04 0.4300E-02 0.1514E+02 0.3129E+07 0.7623E+02 12.609 0.0059 0.1499E-34 0.2656E+00
3325 0.5458E-01 0.3168E+04 0.4295E-02 0.1513E+02 0.3130E+07 0.7636E+02 12.608 0.0059 0.1494E-34 0.2617E+00
3330 0.5467E-01 0.3168E+04 0.4290E-02 0.1512E+02 0.3131E+07 0.7648E+02 12.606 0.0060 0.1489E-34 0.2578E+00
3335 0.5476E-01 0.3168E+04 0.4285E-02 0.1512E+02 0.3133E+07 0.7661E+02 12.604 0.0060 0.1483E-34 0.2539E+00
3340 0.5484E-01 0.3168E+04 0.4280E-02 0.1511E+02 0.3134E+07 0.7673E+02 12.603 0.0060 0.1478E-34 0.2501E+00
3345 0.5493E-01 0.3168E+04 0.4275E-02 0.1510E+02 0.3135E+07 0.7685E+02 12.601 0.0061 0.1473E-34 0.2464E+00
3350 0.5502E-01 0.3168E+04 0.4270E-02 0.1509E+02 0.3137E+07 0.7697E+02 12.600 0.0061 0.1468E-34 0.2427E+00
3355 0.5510E-01 0.3168E+04 0.4265E-02 0.1508E+02 0.3138E+07 0.7709E+02 12.598 0.0062 0.1464E-34 0.2391E+00
3360 0.5519E-01 0.3167E+04 0.4261E-02 0.1508E+02 0.3139E+07 0.7721E+02 12.597 0.0062 0.1459E-34 0.2356E+00
3365 0.5527E-01 0.3167E+04 0.4256E-02 0.1507E+02 0.3140E+07 0.7733E+02 12.595 0.0062 0.1454E-34 0.2320E+00
3370 0.5535E-01 0.3167E+04 0.4252E-02 0.1506E+02 0.3142E+07 0.7744E+02 12.594 0.0063 0.1449E-34 0.2286E+00
3375 0.5544E-01 0.3167E+04 0.4247E-02 0.1505E+02 0.3143E+07 0.7756E+02 12.593 0.0063 0.1445E-34 0.2252E+00
3380 0.5552E-01 0.3167E+04 0.4243E-02 0.1505E+02 0.3144E+07 0.7767E+02 12.591 0.0063 0.1440E-34 0.2218E+00
3385 0.5560E-01 0.3167E+04 0.4238E-02 0.1504E+02 0.3145E+07 0.7778E+02 12.590 0.0064 0.1436E-34 0.2185E+00
3390 0.5568E-01 0.3167E+04 0.4234E-02 0.1503E+02 0.3146E+07 0.7790E+02 12.588 0.0064 0.1431E-34 0.2153E+00
3395 0.5576E-01 0.3167E+04 0.4230E-02 0.1502E+02 0.3148E+07 0.7801E+02 12.587 0.0064 0.1427E-34 0.2121E+00
3400 0.5584E-01 0.3167E+04 0.4225E-02 0.1502E+02 0.3149E+07 0.7812E+02 12.586 0.0065 0.1423E-34 0.2089E+00
3405 0.5592E-01 0.3167E+04 0.4221E-02 0.1501E+02 0.3150E+07 0.7823E+02 12.584 0.0065 0.1418E-34 0.2058E+00
3410 0.5599E-01 0.3167E+04 0.4217E-02 0.1500E+02 0.3151E+07 0.7833E+02 12.583 0.0065 0.1414E-34 0.2027E+00
3415 0.5607E-01 0.3167E+04 0.4213E-02 0.1500E+02 0.3152E+07 0.7844E+02 12.582 0.0066 0.1410E-34 0.1997E+00
3420 0.5615E-01 0.3167E+04 0.4209E-02 0.1499E+02 0.3153E+07 0.7855E+02 12.580 0.0066 0.1406E-34 0.1967E+00
3425 0.5622E-01 0.3167E+04 0.4205E-02 0.1498E+02 0.3154E+07 0.7865E+02 12.579 0.0066 0.1402E-34 0.1938E+00
3430 0.5630E-01 0.3167E+04 0.4201E-02 0.1498E+02 0.3155E+07 0.7876E+02 12.578 0.0067 0.1398E-34 0.1909E+00
3435 0.5637E-01 0.3167E+04 0.4197E-02 0.1497E+02 0.3156E+07 0.7886E+02 12.576 0.0067 0.1394E-34 0.1881E+00
3440 0.5645E-01 0.3166E+04 0.4192E-02 0.1496E+02 0.3158E+07 0.7897E+02 12.575 0.0067 0.1390E-34 0.1853E+00
3445 0.5652E-01 0.3166E+04 0.4188E-02 0.1496E+02 0.3159E+07 0.7907E+02 12.574 0.0067 0.1386E-34 0.1825E+00
3450 0.5659E-01 0.3166E+04 0.4185E-02 0.1495E+02 0.3160E+07 0.7917E+02 12.573 0.0068 0.1382E-34 0.1798E+00
3455 0.5667E-01 0.3166E+04 0.4181E-02 0.1494E+02 0.3161E+07 0.7927E+02 12.572 0.0068 0.1379E-34 0.1771E+00
3460 0.5674E-01 0.3166E+04 0.4177E-02 0.1494E+02 0.3162E+07 0.7937E+02 12.570 0.0068 0.1375E-34 0.1745E+00
3465 0.5681E-01 0.3166E+04 0.4173E-02 0.1493E+02 0.3163E+07 0.7947E+02 12.569 0.0069 0.1371E-34 0.1719E+00
3470 0.5688E-01 0.3166E+04 0.4170E-02 0.1493E+02 0.3164E+07 0.7957E+02 12.568 0.0069 0.1368E-34 0.1693E+00
3475 0.5695E-01 0.3166E+04 0.4166E-02 0.1492E+02 0.3165E+07 0.7967E+02 12.567 0.0069 0.1364E-34 0.1668E+00
3480 0.5702E-01 0.3166E+04 0.4162E-02 0.1491E+02 0.3166E+07 0.7976E+02 12.566 0.0070 0.1361E-34 0.1643E+00
3485 0.5709E-01 0.3166E+04 0.4159E-02 0.1491E+02 0.3167E+07 0.7986E+02 12.564 0.0070 0.1357E-34 0.1618E+00
3490 0.5716E-01 0.3166E+04 0.4155E-02 0.1490E+02 0.3168E+07 0.7995E+02 12.563 0.0070 0.1354E-34 0.1594E+00
3495 0.5722E-01 0.3166E+04 0.4152E-02 0.1490E+02 0.3169E+07 0.8005E+02 12.562 0.0071 0.1350E-34 0.1571E+00
3500 0.5729E-01 0.3166E+04 0.4148E-02 0.1489E+02 0.3170E+07 0.8014E+02 12.561 0.0071 0.1347E-34 0.1547E+00
3505 0.5736E-01 0.3166E+04 0.4145E-02 0.1488E+02 0.3171E+07 0.8024E+02 12.560 0.0071 0.1343E-34 0.1524E+00
3510 0.5743E-01 0.3166E+04 0.4141E-02 0.1488E+02 0.3172E+07 0.8033E+02 12.559 0.0071 0.1340E-34 0.1501E+00
3515 0.5749E-01 0.3166E+04 0.4138E-02 0.1487E+02 0.3173E+07 0.8042E+02 12.558 0.0072 0.1337E-34 0.1479E+00
3520 0.5756E-01 0.3166E+04 0.4134E-02 0.1487E+02 0.3174E+07 0.8051E+02 12.557 0.0072 0.1334E-34 0.1457E+00
3525 0.5762E-01 0.3166E+04 0.4131E-02 0.1486E+02 0.3174E+07 0.8061E+02 12.555 0.0072 0.1330E-34 0.1435E+00
3530 0.5769E-01 0.3166E+04 0.4128E-02 0.1486E+02 0.3175E+07 0.8070E+02 12.554 0.0073 0.1327E-34 0.1414E+00
3535 0.5775E-01 0.3166E+04 0.4124E-02 0.1485E+02 0.3176E+07 0.8079E+02 12.553 0.0073 0.1324E-34 0.1393E+00
3540 0.5782E-01 0.3166E+04 0.4121E-02 0.1485E+02 0.3177E+07 0.8087E+02 12.552 0.0073 0.1321E-34 0.1372E+00
3545 0.5788E-01 0.3165E+04 0.4118E-02 0.1484E+02 0.3178E+07 0.8096E+02 12.551 0.0074 0.1318E-34 0.1352E+00
3550 0.5794E-01 0.3165E+04 0.4115E-02 0.1483E+02 0.3179E+07 0.8105E+02 12.550 0.0074 0.1315E-34 0.1332E+00
3555 0.5801E-01 0.3165E+04 0.4112E-02 0.1483E+02 0.3180E+07 0.8114E+02 12.549 0.0074 0.1312E-34 0.1312E+00
3560 0.5807E-01 0.3165E+04 0.4108E-02 0.1482E+02 0.3181E+07 0.8123E+02 12.548 0.0074 0.1309E-34 0.1292E+00
3565 0.5813E-01 0.3165E+04 0.4105E-02 0.1482E+02 0.3182E+07 0.8131E+02 12.547 0.0075 0.1306E-34 0.1273E+00
3570 0.5819E-01 0.3165E+04 0.4102E-02 0.1481E+02 0.3182E+07 0.8140E+02 12.546 0.0075 0.1303E-34 0.1254E+00
3575 0.5825E-01 0.3165E+04 0.4099E-02 0.1481E+02 0.3183E+07 0.8148E+02 12.545 0.0075 0.1300E-34 0.1235E+00
3580 0.5832E-01 0.3165E+04 0.4096E-02 0.1480E+02 0.3184E+07 0.8157E+02 12.544 0.0076 0.1297E-34 0.1217E+00
3585 0.5838E-01 0.3165E+04 0.4093E-02 0.1480E+02 0.3185E+07 0.8165E+02 12.543 0.0076 0.1294E-34 0.1199E+00
3590 0.5844E-01 0.3165E+04 0.4090E-02 0.1479E+02 0.3186E+07 0.8174E+02 12.542 0.0076 0.1291E-34 0.1181E+00
3595 0.5850E-01 0.3165E+04 0.4087E-02 0.1479E+02 0.3187E+07 0.8182E+02 12.541 0.0076 0.1289E-34 0.1163E+00
3600 0.5856E-01 0.3165E+04 0.4084E-02 0.1478E+02 0.3188E+07 0.8190E+02 12.540 0.0077 0.1286E-34 0.1146E+00
3605 0.5861E-01 0.3165E+04 0.4081E-02 0.1478E+02 0.3188E+07 0.8198E+02 12.539 0.0077 0.1283E-34 0.1129E+00
3610 0.5867E-01 0.3165E+04 0.4078E-02 0.1477E+02 0.3189E+07 0.8207E+02 12.538 0.0077 0.1280E-34 0.1112E+00
3615 0.5873E-01 0.3165E+04 0.4075E-02 0.1477E+02 0.3190E+07 0.8215E+02 12.537 0.0077 0.1278E-34 0.1095E+00
3620 0.5879E-01 0.3165E+04 0.4072E-02 0.1476E+02 0.3191E+07 0.8223E+02 12.536 0.0078 0.1275E-34 0.1079E+00
3625 0.5885E-01 0.3165E+04 0.4070E-02 0.1476E+02 0.3192E+07 0.8231E+02 12.535 0.0078 0.1272E-34 0.1063E+00
3630 0.5891E-01 0.3165E+04 0.4067E-02 0.1475E+02 0.3192E+07 0.8239E+02 12.534 0.0078 0.1270E-34 0.1047E+00
3635 0.5896E-01 0.3165E+04 0.4064E-02 0.1475E+02 0.3193E+07 0.8247E+02 12.533 0.0079 0.1267E-34 0.1032E+00
3640 0.5902E-01 0.3165E+04 0.4061E-02 0.1474E+02 0.3194E+07 0.8255E+02 12.532 0.0079 0.1264E-34 0.1016E+00
3645 0.5908E-01 0.3165E+04 0.4058E-02 0.1474E+02 0.3195E+07 0.8262E+02 12.532 0.0079 0.1262E-34 0.1001E+00
3650 0.5913E-01 0.3165E+04 0.4056E-02 0.1474E+02 0.3196E+07 0.8270E+02 12.531 0.0079 0.1259E-34 0.9862E-01
3655 0.5919E-01 0.3165E+04 0.4053E-02 0.1473E+02 0.3196E+07 0.8278E+02 12.530 0.0080 0.1257E-34 0.9715E-01
3660 0.5924E-01 0.3165E+04 0.4050E-02 0.1473E+02 0.3197E+07 0.8286E+02 12.529 0.0080 0.1254E-34 0.9571E-01
3665 0.5930E-01 0.3164E+04 0.4047E-02 0.1472E+02 0.3198E+07 0.8293E+02 12.528 0.0080 0.1252E-34 0.9428E-01
3670 0.5935E-01 0.3164E+04 0.4045E-02 0.1472E+02 0.3199E+07 0.8301E+02 12.527 0.0080 0.1249E-34 0.9288E-01
3675 0.5941E-01 0.3164E+04 0.4042E-02 0.1471E+02 0.3199E+07 0.8309E+02 12.526 0.0081 0.1247E-34 0.9149E-01
3680 0.5946E-01 0.3164E+04 0.4039E-02 0.1471E+02 0.3200E+07 0.8316E+02 12.525 0.0081 0.1245E-34 0.9013E-01
3685 0.5952E-01 0.3164E+04 0.4037E-02 0.1470E+02 0.3201E+07 0.8324E+02 12.524 0.0081 0.1242E-34 0.8879E-01
3690 0.5957E-01 0.3164E+04 0.4034E-02 0.1470E+02 0.3202E+07 0.8331E+02 12.524 0.0082 0.1240E-34 0.8746E-01
3695 0.5962E-01 0.3164E+04 0.4032E-02 0.1469E+02 0.3202E+07 0.8338E+02 12.523 0.0082 0.1238E-34 0.8616E-01
3700 0.5968E-01 0.3164E+04 0.4029E-02 0.1469E+02 0.3203E+07 0.8346E+02 12.522 0.0082 0.1235E-34 0.8488E-01
3705 0.5973E-01 0.3164E+04 0.4026E-02 0.1469E+02 0.3204E+07 0.8353E+02 12.521 0.0082 0.1233E-34 0.8361E-01
3710 0.5978E-01 0.3164E+04 0.4024E-02 0.1468E+02 0.3205E+07 0.8360E+02 12.520 0.0083 0.1231E-34 0.8237E-01
3715 0.5983E-01 0.3164E+04 0.4021E-02 0.1468E+02 0.3205E+07 0.8368E+02 12.519 0.0083 0.1228E-34 0.8114E-01
3720 0.5989E-01 0.3164E+04 0.4019E-02 0.1467E+02 0.3206E+07 0.8375E+02 12.518 0.0083 0.1226E-34 0.7993E-01
3725 0.5994E-01 0.3164E+04 0.4016E-02 0.1467E+02 0.3207E+07 0.8382E+02 12.518 0.0083 0.1224E-34 0.7874E-01
3730 0.5999E-01 0.3164E+04 0.4014E-02 0.1467E+02 0.3207E+07 0.8389E+02 12.517 0.0084 0.1222E-34 0.7757E-01
3735 0.6004E-01 0.3164E+04 0.4012E-02 0.1466E+02 0.3208E+07 0.8396E+02 12.516 0.0084 0.1219E-34 0.7641E-01
3740 0.6009E-01 0.3164E+04 0.4009E-02 0.1466E+02 0.3209E+07 0.8404E+02 12.515 0.0084 0.1217E-34 0.7528E-01
3745 0.6014E-01 0.3164E+04 0.4007E-02 0.1465E+02 0.3209E+07 0.8411E+02 12.514 0.0084 0.1215E-34 0.7415E-01
3750 0.6019E-01 0.3164E+04 0.4004E-02 0.1465E+02 0.3210E+07 0.8418E+02 12.514 0.0085 0.1213E-34 0.7305E-01
3755 0.6024E-01 0.3164E+04 0.4002E-02 0.1464E+02 0.3211E+07 0.8425E+02 12.513 0.0085 0.1211E-34 0.7196E-01
3760 0.6029E-01 0.3164E+04 0.4000E-02 0.1464E+02 0.3211E+07 0.8432E+02 12.512 0.0085 0.1209E-34 0.7089E-01
3765 0.6034E-01 0.3164E+04 0.3997E-02 0.1464E+02 0.3212E+07 0.8438E+02 12.511 0.0085 0.1207E-34 0.6983E-01
3770 0.6039E-01 0.3164E+04 0.3995E-02 0.1463E+02 0.3213E+07 0.8445E+02 12.510 0.0086 0.1204E-34 0.6879E-01
3775 0.6044E-01 0.3164E+04 0.3992E-02 0.1463E+02 0.3213E+07 0.8452E+02 12.510 0.0086 0.1202E-34 0.6777E-01
3780 0.6049E-01 0.3164E+04 0.3990E-02 0.1462E+02 0.3214E+07 0.8459E+02 12.509 0.0086 0.1200E-34 0.6676E-01
3785 0.6054E-01 0.3164E+04 0.3988E-02 0.1462E+02 0.3215E+07 0.8466E+02 12.508 0.0086 0.1198E-34 0.6576E-01
3790 0.6059E-01 0.3164E+04 0.3986E-02 0.1462E+02 0.3215E+07 0.8473E+02 12.507 0.0087 0.1196E-34 0.6479E-01
3795 0.6064E-01 0.3163E+04 0.3983E-02 0.1461E+02 0.3216E+07 0.8479E+02 12.507 0.0087 0.1194E-34 0.6382E-01
3800 0.6069E-01 0.3163E+04 0.3981E-02 0.1461E+02 0.3217E+07 0.8486E+02 12.506 0.0087 0.1192E-34 0.6287E-01
3805 0.6073E-01 0.3163E+04 0.3979E-02 0.1461E+02 0.3217E+07 0.8493E+02 12.505 0.0087 0.1190E-34 0.6193E-01
3810 0.6078E-01 0.3163E+04 0.3977E-02 0.1460E+02 0.3218E+07 0.8499E+02 12.504 0.0088 0.1188E-34 0.6101E-01
3815 0.6083E-01 0.3163E+04 0.3974E-02 0.1460E+02 0.3219E+07 0.8506E+02 12.503 0.0088 0.1186E-34 0.6010E-01
3820 0.6088E-01 0.3163E+04 0.3972E-02 0.1459E+02 0.3219E+07 0.8512E+02 12.503 0.0088 0.1184E-34 0.5921E-01
3825 0.6092E-01 0.3163E+04 0.3970E-02 0.1459E+02 0.3220E+07 0.8519E+02 12.502 0.0088 0.1182E-34 0.5832E-01
3830 0.6097E-01 0.3163E+04 0.3968E-02 0.1459E+02 0.3221E+07 0.8525E+02 12.501 0.0089 0.1181E-34 0.5746E-01
3835 0.6102E-01 0.3163E+04 0.3966E-02 0.1458E+02 0.3221E+07 0.8532E+02 12.501 0.0089 0.1179E-34 0.5660E-01
3840 0.6106E-01 0.3163E+04 0.3963E-02 0.1458E+02 0.3222E+07 0.8538E+02 12.500 0.0089 0.1177E-34 0.5576E-01
3845 0.6111E-01 0.3163E+04 0.3961E-02 0.1458E+02 0.3222E+07 0.8545E+02 12.499 0.0089 0.1175E-34 0.5493E-01
3850 0.6116E-01 0.3163E+04 0.3959E-02 0.1457E+02 0.3223E+07 0.8551E+02 12.498 0.0090 0.1173E-34 0.5411E-01
3855 0.6120E-01 0.3163E+04 0.3957E-02 0.1457E+02 0.3224E+07 0.8557E+02 12.498 0.0090 0.1171E-34 0.5330E-01
3860 0.6125E-01 0.3163E+04 0.3955E-02 0.1457E+02 0.3224E+07 0.8564E+02 12.497 0.0090 0.1169E-34 0.5251E-01
3865 0.6129E-01 0.3163E+04 0.3953E-02 0.1456E+02 0.3225E+07 0.8570E+02 12.496 0.0090 0.1167E-34 0.5173E-01
3870 0.6134E-01 0.3163E+04 0.3951E-02 0.1456E+02 0.3226E+07 0.8576E+02 12.495 0.0090 0.1166E-34 0.5096E-01
3875 0.6138E-01 0.3163E+04 0.3949E-02 0.1455E+02 0.3226E+07 0.8583E+02 12.495 0.0091 0.1164E-34 0.5020E-01
3880 0.6143E-01 0.3163E+04 0.3947E-02 0.1455E+02 0.3227E+07 0.8589E+02 12.494 0.0091 0.1162E-34 0.4945E-01
3885 0.6147E-01 0.3163E+04 0.3944E-02 0.1455E+02 0.3227E+07 0.8595E+02 12.493 0.0091 0.1160E-34 0.4871E-01
3890 0.6152E-01 0.3163E+04 0.3942E-02 0.1454E+02 0.3228E+07 0.8601E+02 12.493 0.0091 0.1159E-34 0.4799E-01
3895 0.6156E-01 0.3163E+04 0.3940E-02 0.1454E+02 0.3229E+07 0.8607E+02 12.492 0.0092 0.1157E-34 0.4727E-01
3900 0.6161E-01 0.3163E+04 0.3938E-02 0.1454E+02 0.3229E+07 0.8613E+02 12.491 0.0092 0.1155E-34 0.4657E-01
3905 0.6168E-01 0.3163E+04 0.3935E-02 0.1453E+02 0.3230E+07 0.8623E+02 12.490 0.0092 0.1152E-34 0.4546E-01
3910 0.6194E-01 0.3163E+04 0.3923E-02 0.1451E+02 0.3234E+07 0.8659E+02 12.486 0.0094 0.1142E-34 0.4155E-01
3915 0.6241E-01 0.3162E+04 0.3902E-02 0.1448E+02 0.3240E+07 0.8724E+02 12.479 0.0096 0.1124E-34 0.3521E-01
3920 0.6306E-01 0.3162E+04 0.3873E-02 0.1443E+02 0.3248E+07 0.8814E+02 12.469 0.0100 0.1100E-34 0.2766E-01
3925 0.6387E-01 0.3161E+04 0.3838E-02 0.1437E+02 0.3259E+07 0.8926E+02 12.457 0.0104 0.1071E-34 0.2014E-01
3930 0.6481E-01 0.3160E+04 0.3798E-02 0.1430E+02 0.3270E+07 0.9055E+02 12.443 0.0110 0.1039E-34 0.1359E-01
3935 0.6584E-01 0.3160E+04 0.3755E-02 0.1422E+02 0.3283E+07 0.9197E+02 12.428 0.0116 0.1005E-34 0.8499E-02
3940 0.6695E-01 0.3159E+04 0.3711E-02 0.1415E+02 0.3297E+07 0.9349E+02 12.412 0.0123 0.9712E-35 0.4922E-02
3945 0.6811E-01 0.3158E+04 0.3665E-02 0.1407E+02 0.3311E+07 0.9507E+02 12.395 0.0131 0.9374E-35 0.2640E-02
3950 0.6931E-01 0.3157E+04 0.3620E-02 0.1399E+02 0.3325E+07 0.9670E+02 12.379 0.0139 0.9045E-35 0.1311E-02
3953 0.7000E-01 0.3157E+04 0.3594E-02 0.1394E+02 0.3333E+07 0.9765E+02 12.369 0.0144 0.8861E-35 0.8464E-03
3955 0.7049E-01 0.3156E+04 0.3576E-02 0.1391E+02 0.3339E+07 0.9831E+02 12.363 0.0147 0.8737E-35 0.6158E-03
3960 0.7172E-01 0.3155E+04 0.3532E-02 0.1383E+02 0.3353E+07 0.9998E+02 12.346 0.0156 0.8433E-35 0.2618E-03
3965 0.7295E-01 0.3154E+04 0.3489E-02 0.1376E+02 0.3367E+07 0.1017E+03 12.330 0.0166 0.8144E-35 0.1029E-03
3970 0.7418E-01 0.3153E+04 0.3447E-02 0.1368E+02 0.3381E+07 0.1033E+03 12.314 0.0176 0.7870E-35 0.3736E-04
3975 0.7541E-01 0.3152E+04 0.3407E-02 0.1361E+02 0.3394E+07 0.1050E+03 12.298 0.0186 0.7612E-35 0.1252E-04
3980 0.7664E-01 0.3151E+04 0.3367E-02 0.1354E+02 0.3407E+07 0.1066E+03 12.283 0.0196 0.7368E-35 0.3871E-05
3985 0.7786E-01 0.3150E+04 0.3329E-02 0.1347E+02 0.3420E+07 0.1083E+03 12.268 0.0207 0.7137E-35 0.1103E-05
3990 0.7907E-01 0.3149E+04 0.3292E-02 0.1340E+02 0.3432E+07 0.1099E+03 12.253 0.0218 0.6919E-35 0.2889E-06
3995 0.8027E-01 0.3148E+04 0.3257E-02 0.1334E+02 0.3445E+07 0.1115E+03 12.238 0.0230 0.6713E-35 0.6953E-07
4000 0.8146E-01 0.3147E+04 0.3222E-02 0.1328E+02 0.3457E+07 0.1131E+03 12.224 0.0241 0.6517E-35 0.1534E-07
4005 0.8266E-01 0.3146E+04 0.3188E-02 0.1322E+02 0.3468E+07 0.1147E+03 12.211 0.0253 0.6331E-35 0.3095E-08
4010 0.8384E-01 0.3145E+04 0.3155E-02 0.1316E+02 0.3480E+07 0.1163E+03 12.197 0.0266 0.6153E-35 0.5695E-09
4015 0.8503E-01 0.3144E+04 0.3123E-02 0.1310E+02 0.3491E+07 0.1179E+03 12.184 0.0279 0.5983E-35 0.9521E-10
4020 0.8623E-01 0.3143E+04 0.3091E-02 0.1304E+02 0.3502E+07 0.1195E+03 12.170 0.0292 0.5821E-35 0.1440E-10
4025 0.8743E-01 0.3142E+04 0.3060E-02 0.1298E+02 0.3513E+07 0.1210E+03 12.157 0.0305 0.5664E-35 0.1957E-11
4030 0.8864E-01 0.3141E+04 0.3030E-02 0.1292E+02 0.3524E+07 0.1227E+03 12.144 0.0320 0.5512E-35 0.2369E-12
4035 0.8988E-01 0.3140E+04 0.2999E-02 0.1287E+02 0.3536E+07 0.1243E+03 12.131 0.0335 0.5363E-35 0.2524E-13
4040 0.9117E-01 0.3139E+04 0.2968E-02 0.1281E+02 0.3547E+07 0.1260E+03 12.117 0.0351 0.5216E-35 0.2315E-14
4045 0.9255E-01 0.3138E+04 0.2936E-02 0.1275E+02 0.3559E+07 0.1278E+03 12.103 0.0368 0.5065E-35 0.1752E-15
4050 0.9421E-01 0.3137E+04 0.2899E-02 0.1268E+02 0.3573E+07 0.1299E+03 12.086 0.0390 0.4893E-35 0.9636E-17
4055 0.9717E-01 0.3135E+04 0.2836E-02 0.1256E+02 0.3597E+07 0.1338E+03 12.057 0.0431 0.4609E-35 0.3272E-18
4060 0.1000E+00 0.3133E+04 0.2779E-02 0.1245E+02 0.3619E+07 0.1374E+03 12.030 0.0472 0.4362E-35 0.1148E-19
4060 0.1000E+00 0.3133E+04 0.2779E-02 0.1245E+02 0.3619E+07 0.1374E+03 12.030 0.0472 0.4362E-35 0.1148E-19
4065 0.1027E+00 0.3131E+04 0.2726E-02 0.1234E+02 0.3640E+07 0.1409E+03 12.005 0.0513 0.4145E-35 0.3925E-21
4070 0.1062E+00 0.3128E+04 0.2663E-02 0.1222E+02 0.3666E+07 0.1452E+03 11.974 0.0569 0.3893E-35 0.1230E-22
4075 0.1098E+00 0.3126E+04 0.2601E-02 0.1210E+02 0.3691E+07 0.1497E+03 11.943 0.0631 0.3656E-35 0.3844E-24
4080 0.1135E+00 0.3123E+04 0.2540E-02 0.1197E+02 0.3717E+07 0.1544E+03 11.912 0.0699 0.3434E-35 0.1201E-25
4085 0.1174E+00 0.3120E+04 0.2480E-02 0.1185E+02 0.3742E+07 0.1592E+03 11.881 0.0775 0.3225E-35 0.3756E-27
4090 0.1215E+00 0.3117E+04 0.2421E-02 0.1173E+02 0.3767E+07 0.1641E+03 11.850 0.0857 0.3030E-35 0.1176E-28
4095 0.1257E+00 0.3115E+04 0.2364E-02 0.1161E+02 0.3792E+07 0.1692E+03 11.819 0.0948 0.2847E-35 0.4295E-30
4100 0.1301E+00 0.3112E+04 0.2309E-02 0.1150E+02 0.3817E+07 0.1743E+03 11.788 0.1047 0.2677E-35 0.1199E-30
4105 0.1346E+00 0.3109E+04 0.2254E-02 0.1139E+02 0.3842E+07 0.1796E+03 11.757 0.1155 0.2517E-35 0.7619E-31
4110 0.1394E+00 0.3106E+04 0.2202E-02 0.1127E+02 0.3866E+07 0.1850E+03 11.726 0.1273 0.2367E-35 0.5761E-31
4115 0.1443E+00 0.3103E+04 0.2150E-02 0.1116E+02 0.3890E+07 0.1906E+03 11.695 0.1401 0.2227E-35 0.4669E-31
4120 0.1495E+00 0.3099E+04 0.2100E-02 0.1105E+02 0.3914E+07 0.1963E+03 11.664 0.1542 0.2095E-35 0.3924E-31
4121 0.1500E+00 0.3099E+04 0.2095E-02 0.1104E+02 0.3916E+07 0.1969E+03 11.661 0.1557 0.2082E-35 0.3860E-31
4125 0.1543E+00 0.3096E+04 0.2056E-02 0.1096E+02 0.3935E+07 0.2015E+03 11.637 0.1679 0.1983E-35 0.3420E-31
4130 0.1599E+00 0.3093E+04 0.2008E-02 0.1085E+02 0.3958E+07 0.2075E+03 11.606 0.1843 0.1866E-35 0.2979E-31
4135 0.1658E+00 0.3090E+04 0.1961E-02 0.1075E+02 0.3981E+07 0.2136E+03 11.576 0.2022 0.1756E-35 0.2621E-31
4140 0.1721E+00 0.3086E+04 0.1915E-02 0.1065E+02 0.4003E+07 0.2198E+03 11.545 0.2216 0.1651E-35 0.2324E-31
4145 0.1786E+00 0.3083E+04 0.1871E-02 0.1055E+02 0.4026E+07 0.2262E+03 11.515 0.2426 0.1553E-35 0.2073E-31
4150 0.1855E+00 0.3079E+04 0.1828E-02 0.1045E+02 0.4048E+07 0.2327E+03 11.484 0.2653 0.1461E-35 0.1858E-31
4155 0.1928E+00 0.3076E+04 0.1786E-02 0.1035E+02 0.4069E+07 0.2393E+03 11.454 0.2897 0.1374E-35 0.1671E-31
4160 0.2000E+00 0.3073E+04 0.1748E-02 0.1026E+02 0.4089E+07 0.2455E+03 11.427 0.3139 0.1298E-35 0.1519E-31
4160 0.2000E+00 0.3073E+04 0.1748E-02 0.1026E+02 0.4089E+07 0.2455E+03 11.427 0.3139 0.1298E-35 0.1519E-31
4165 0.2082E+00 0.3069E+04 0.1708E-02 0.1017E+02 0.4109E+07 0.2524E+03 11.397 0.3418 0.1220E-35 0.1373E-31
4170 0.2169E+00 0.3065E+04 0.1670E-02 0.1008E+02 0.4130E+07 0.2594E+03 11.367 0.3718 0.1147E-35 0.1244E-31
4175 0.2263E+00 0.3062E+04 0.1632E-02 0.9986E+01 0.4149E+07 0.2665E+03 11.338 0.4039 0.1077E-35 0.1128E-31
4180 0.2365E+00 0.3058E+04 0.1596E-02 0.9898E+01 0.4169E+07 0.2737E+03 11.309 0.4383 0.1010E-35 0.1023E-31
4185 0.2476E+00 0.3054E+04 0.1560E-02 0.9811E+01 0.4187E+07 0.2810E+03 11.280 0.4749 0.9466E-36 0.9279E-32
4187 0.2500E+00 0.3053E+04 0.1553E-02 0.9794E+01 0.4191E+07 0.2825E+03 11.274 0.4828 0.9338E-36 0.9093E-32
4190 0.2574E+00 0.3051E+04 0.1528E-02 0.9734E+01 0.4204E+07 0.2878E+03 11.253 0.5106 0.8968E-36 0.8566E-32
4195 0.2708E+00 0.3047E+04 0.1494E-02 0.9650E+01 0.4222E+07 0.2954E+03 11.225 0.5521 0.8369E-36 0.7746E-32
4200 0.2858E+00 0.3043E+04 0.1461E-02 0.9568E+01 0.4240E+07 0.3031E+03 11.196 0.5963 0.7790E-36 0.6993E-32
4205 0.3000E+00 0.3039E+04 0.1434E-02 0.9501E+01 0.4254E+07 0.3096E+03 11.172 0.6349 0.7321E-36 0.6410E-32
4205 0.3000E+00 0.3039E+04 0.1434E-02 0.9501E+01 0.4254E+07 0.3096E+03 11.172 0.6349 0.7321E-36 0.6410E-32
4210 0.3196E+00 0.3035E+04 0.1403E-02 0.9420E+01 0.4271E+07 0.3176E+03 11.144 0.6850 0.6767E-36 0.5751E-32
4215 0.3433E+00 0.3031E+04 0.1372E-02 0.9342E+01 0.4287E+07 0.3256E+03 11.116 0.7373 0.6216E-36 0.5128E-32
4217 0.3500E+00 0.3030E+04 0.1365E-02 0.9323E+01 0.4291E+07 0.3276E+03 11.109 0.7503 0.6079E-36 0.4977E-32
4220 0.3679E+00 0.3027E+04 0.1346E-02 0.9277E+01 0.4301E+07 0.3325E+03 11.092 0.7842 0.5745E-36 0.4620E-32
4225 0.4000E+00 0.3024E+04 0.1322E-02 0.9213E+01 0.4314E+07 0.3396E+03 11.068 0.8335 0.5248E-36 0.4108E-32
4225 0.4000E+00 0.3024E+04 0.1322E-02 0.9213E+01 0.4314E+07 0.3396E+03 11.068 0.8335 0.5248E-36 0.4108E-32
4230 0.4500E+00 0.3020E+04 0.1295E-02 0.9144E+01 0.4328E+07 0.3473E+03 11.042 0.8904 0.4657E-36 0.3533E-32
4230 0.4500E+00 0.3020E+04 0.1295E-02 0.9144E+01 0.4328E+07 0.3473E+03 11.042 0.8904 0.4657E-36 0.3533E-32
4234 0.5000E+00 0.3017E+04 0.1278E-02 0.9100E+01 0.4336E+07 0.3523E+03 11.026 0.9276 0.4216E-36 0.3127E-32
4235 0.5207E+00 0.3016E+04 0.1272E-02 0.9086E+01 0.4339E+07 0.3540E+03 11.020 0.9426 0.4065E-36 0.2993E-32
4237 0.5500E+00 0.3016E+04 0.1267E-02 0.9072E+01 0.4342E+07 0.3557E+03 11.015 0.9529 0.3875E-36 0.2826E-32
4239 0.6000E+00 0.3014E+04 0.1260E-02 0.9052E+01 0.4346E+07 0.3580E+03 11.008 0.9713 0.3601E-36 0.2593E-32
4240 0.6500E+00 0.3014E+04 0.1255E-02 0.9042E+01 0.4348E+07 0.3592E+03 11.003 0.9825 0.3379E-36 0.2409E-32
4240 0.6500E+00 0.3014E+04 0.1255E-02 0.9042E+01 0.4348E+07 0.3592E+03 11.003 0.9825 0.3379E-36 0.2409E-32
4241 0.7000E+00 0.3013E+04 0.1253E-02 0.9036E+01 0.4349E+07 0.3600E+03 11.001 0.9880 0.3192E-36 0.2257E-32
4242 0.7500E+00 0.3013E+04 0.1251E-02 0.9031E+01 0.4350E+07 0.3605E+03 10.999 0.9918 0.3032E-36 0.2130E-32
4243 0.8000E+00 0.3013E+04 0.1250E-02 0.9028E+01 0.4351E+07 0.3609E+03 10.998 0.9942 0.2893E-36 0.2021E-32
4244 0.8500E+00 0.3013E+04 0.1250E-02 0.9026E+01 0.4351E+07 0.3611E+03 10.998 0.9961 0.2771E-36 0.1927E-32
4245 0.9000E+00 0.3013E+04 0.1249E-02 0.9024E+01 0.4351E+07 0.3613E+03 10.997 0.9974 0.2663E-36 0.1845E-32
4245 0.9000E+00 0.3013E+04 0.1249E-02 0.9024E+01 0.4351E+07 0.3613E+03 10.997 0.9974 0.2663E-36 0.1845E-32
4246 0.9500E+00 0.3013E+04 0.1249E-02 0.9023E+01 0.4351E+07 0.3614E+03 10.997 0.9982 0.2567E-36 0.1772E-32
4247 0.1000E+01 0.3013E+04 0.1249E-02 0.9023E+01 0.4352E+07 0.3615E+03 10.996 0.9988 0.2480E-36 0.1707E-32
4248 0.1500E+01 0.3012E+04 0.1248E-02 0.9022E+01 0.4352E+07 0.3616E+03 10.995 1.0011 0.1984E-36 0.1348E-32
4249 0.2000E+01 0.3012E+04 0.1248E-02 0.9022E+01 0.4352E+07 0.3616E+03 10.996 1.0005 0.1685E-36 0.1137E-32
4250 0.2500E+01 0.3012E+04 0.1248E-02 0.9022E+01 0.4352E+07 0.3616E+03 10.996 1.0004 0.1485E-36 0.9974E-33
4250 0.2500E+01 0.3012E+04 0.1248E-02 0.9022E+01 0.4352E+07 0.3616E+03 10.996 1.0004 0.1485E-36 0.9974E-33
4251 0.3000E+01 0.3012E+04 0.1248E-02 0.9022E+01 0.4352E+07 0.3616E+03 10.996 1.0003 0.1340E-36 0.8973E-33
4252 0.3500E+01 0.3012E+04 0.1248E-02 0.9022E+01 0.4352E+07 0.3616E+03 10.996 1.0002 0.1230E-36 0.8214E-33
4253 0.4000E+01 0.3012E+04 0.1248E-02 0.9021E+01 0.4352E+07 0.3617E+03 10.996 1.0001 0.1142E-36 0.7615E-33
4254 0.4500E+01 0.3012E+04 0.1248E-02 0.9021E+01 0.4352E+07 0.3617E+03 10.996 1.0001 0.1070E-36 0.7127E-33
4255 0.5000E+01 0.3012E+04 0.1248E-02 0.9021E+01 0.4352E+07 0.3617E+03 10.996 1.0000 0.1010E-36 0.6721E-33
4255 0.5000E+01 0.3012E+04 0.1248E-02 0.9021E+01 0.4352E+07 0.3617E+03 10.996 1.0000 0.1010E-36 0.6721E-33
4256 0.5500E+01 0.3012E+04 0.1248E-02 0.9021E+01 0.4352E+07 0.3617E+03 10.996 1.0000 0.9591E-37 0.6376E-33
4257 0.6000E+01 0.3012E+04 0.1248E-02 0.9021E+01 0.4352E+07 0.3617E+03 10.996 1.0000 0.9150E-37 0.6078E-33
4258 0.6500E+01 0.3012E+04 0.1248E-02 0.9021E+01 0.4352E+07 0.3617E+03 10.996 1.0000 0.8763E-37 0.5818E-33
4259 0.7000E+01 0.3012E+04 0.1248E-02 0.9021E+01 0.4352E+07 0.3617E+03 10.996 1.0000 0.8421E-37 0.5588E-33
4260 0.7500E+01 0.3012E+04 0.1248E-02 0.9021E+01 0.4352E+07 0.3617E+03 10.996 1.0000 0.8115E-37 0.5383E-33
4260 0.7500E+01 0.3012E+04 0.1248E-02 0.9021E+01 0.4352E+07 0.3617E+03 10.996 1.0000 0.8115E-37 0.5383E-33
4261 0.8000E+01 0.3012E+04 0.1248E-02 0.9021E+01 0.4352E+07 0.3617E+03 10.996 1.0000 0.7841E-37 0.5199E-33
4262 0.8500E+01 0.3012E+04 0.1248E-02 0.9021E+01 0.4352E+07 0.3617E+03 10.996 1.0000 0.7592E-37 0.5032E-33
4263 0.9000E+01 0.3012E+04 0.1248E-02 0.9021E+01 0.4352E+07 0.3617E+03 10.996 1.0000 0.7365E-37 0.4880E-33
4264 0.9500E+01 0.3012E+04 0.1248E-02 0.9021E+01 0.4352E+07 0.3617E+03 10.996 1.0000 0.7157E-37 0.4741E-33
4265 0.1000E+02 0.3012E+04 0.1248E-02 0.9021E+01 0.4352E+07 0.3617E+03 10.996 1.0000 0.6966E-37 0.4613E-33
4265 0.1000E+02 0.3012E+04 0.1248E-02 0.9021E+01 0.4352E+07 0.3617E+03 10.996 1.0000 0.6966E-37 0.4613E-33
4266 0.1050E+02 0.3012E+04 0.1248E-02 0.9021E+01 0.4352E+07 0.3617E+03 10.996 1.0000 0.6789E-37 0.4495E-33
4267 0.1100E+02 0.3012E+04 0.1248E-02 0.9021E+01 0.4352E+07 0.3617E+03 10.996 1.0000 0.6624E-37 0.4385E-33
4268 0.1150E+02 0.3012E+04 0.1248E-02 0.9021E+01 0.4352E+07 0.3617E+03 10.996 1.0000 0.6471E-37 0.4283E-33
4269 0.1200E+02 0.3012E+04 0.1248E-02 0.9021E+01 0.4352E+07 0.3617E+03 10.996 1.0000 0.6329E-37 0.4188E-33
4270 0.1250E+02 0.3012E+04 0.1248E-02 0.9021E+01 0.4352E+07 0.3617E+03 10.996 1.0000 0.6195E-37 0.4099E-33
4270 0.1250E+02 0.3012E+04 0.1248E-02 0.9021E+01 0.4352E+07 0.3617E+03 10.996 1.0000 0.6195E-37 0.4099E-33
4271 0.1300E+02 0.3012E+04 0.1248E-02 0.9021E+01 0.4352E+07 0.3617E+03 10.996 1.0000 0.6069E-37 0.4015E-33
4272 0.1350E+02 0.3012E+04 0.1248E-02 0.9021E+01 0.4352E+07 0.3617E+03 10.996 1.0000 0.5950E-37 0.3936E-33
4273 0.1400E+02 0.3012E+04 0.1248E-02 0.9021E+01 0.4352E+07 0.3617E+03 10.996 1.0000 0.5838E-37 0.3862E-33
4274 0.1450E+02 0.3012E+04 0.1248E-02 0.9021E+01 0.4352E+07 0.3617E+03 10.996 1.0000 0.5733E-37 0.3791E-33
4275 0.1500E+02 0.3012E+04 0.1248E-02 0.9021E+01 0.4352E+07 0.3617E+03 10.996 1.0000 0.5632E-37 0.3725E-33
4275 0.1500E+02 0.3012E+04 0.1248E-02 0.9021E+01 0.4352E+07 0.3617E+03 10.996 1.0000 0.5632E-37 0.3725E-33
4276 0.1550E+02 0.3012E+04 0.1248E-02 0.9021E+01 0.4352E+07 0.3617E+03 10.996 1.0000 0.5537E-37 0.3661E-33
4277 0.1600E+02 0.3012E+04 0.1248E-02 0.9021E+01 0.4352E+07 0.3617E+03 10.996 1.0000 0.5447E-37 0.3601E-33
4278 0.1650E+02 0.3012E+04 0.1248E-02 0.9021E+01 0.4352E+07 0.3617E+03 10.996 1.0000 0.5360E-37 0.3544E-33
4279 0.1700E+02 0.3012E+04 0.1248E-02 0.9021E+01 0.4352E+07 0.3617E+03 10.996 1.0000 0.5278E-37 0.3489E-33
4280 0.1750E+02 0.3012E+04 0.1248E-02 0.9021E+01 0.4352E+07 0.3617E+03 10.996 1.0000 0.5199E-37 0.3437E-33
4280 0.1750E+02 0.3012E+04 0.1248E-02 0.9021E+01 0.4352E+07 0.3617E+03 10.996 1.0000 0.5199E-37 0.3437E-33
4281 0.1800E+02 0.3012E+04 0.1248E-02 0.9021E+01 0.4352E+07 0.3617E+03 10.996 1.0000 0.5124E-37 0.3387E-33
4282 0.1850E+02 0.3012E+04 0.1248E-02 0.9021E+01 0.4352E+07 0.3617E+03 10.996 1.0000 0.5052E-37 0.3339E-33
4283 0.1900E+02 0.3012E+04 0.1248E-02 0.9021E+01 0.4352E+07 0.3617E+03 10.996 1.0000 0.4983E-37 0.3293E-33
4284 0.1950E+02 0.3012E+04 0.1248E-02 0.9021E+01 0.4352E+07 0.3617E+03 10.996 1.0000 0.4916E-37 0.3249E-33
4285 0.2000E+02 0.3012E+04 0.1248E-02 0.9021E+01 0.4352E+07 0.3617E+03 10.996 1.0000 0.4852E-37 0.3206E-33
4285 0.2000E+02 0.3012E+04 0.1248E-02 0.9021E+01 0.4352E+07 0.3617E+03 10.996 1.0000 0.4852E-37 0.3206E-33
