 $INPUT
 IMODEL	=             1
 N	=           120
 MINSTP	=             0
 VEOS	=  1.000000000000000
 ILOOP	=             1
 STATIC	=   F
 FRACT	=  2.3000000000000000E-03
 SHINE	=  0.3000000000000000
 SHAVE	=  9.9999999999999995E-08
 POUT	=  5000000.000000000
 AMETH	=             2
 CMETH	=             1
 NOBOND	=             1
 TBEG	=  5.0000000000000004E-06
 TIMEF	=  20.00000000000000
 DTIMEO	=  5.0000000000000003E-02
 STEPO	=  0.5000000000000000
 LCORR	=   T
 LSTART	=   F
 MAXSTP	=         10000
 SPK	=  16.60000000000000
 STARL	=  0.0000000000000000E+00
 DIST	=  5.200000000000000
 ALB	=  0.3500000000000000
 TEFFS	=  5770.000000000000
 LCONV	=   T
 LTRANS	=   T
 LPOUT	=   F
 LFILL	=   F
 LCONT	=   T
 LBURN	=   T
 MAG	=  'O '
 GAM	=  'LN'
 MASS	=  99.45999999999999
 YHEA	=  0.2500000000000000
 YDI	=  2.0000000000000002E-05
 HB	=  1.000000000000000
 $end
 
 
 Gam,Mass,Yhe,Ydi,Dist,starl,alb=  LN  99.460   0.250 0.200E-04 0.520E+01 0.000E+00 0.350E+00
  I  Time(Gyrs) Teff        Lumin      Rad(Gcm)  Tc         Rhoc       S      Ratio  Yd         Yl


   5 0.2204E-05 0.2750E+04 0.7884E-01 0.8603E+02 0.3585E+06 0.2637E+00 16.589 0.0000 0.2000E-04 0.1000E+01
  10 0.5000E-05 0.2751E+04 0.7777E-01 0.8539E+02 0.3606E+06 0.2687E+00 16.573 0.0000 0.2000E-04 0.1000E+01
  10 0.0000E+00 0.2751E+04 0.7777E-01 0.8539E+02 0.3606E+06 0.2687E+00 16.573 0.0000 0.2000E-04 0.1000E+01
  15 0.2858E-05 0.2752E+04 0.7672E-01 0.8476E+02 0.3628E+06 0.2738E+00 16.557 0.0000 0.2000E-04 0.1000E+01
  20 0.5774E-05 0.2753E+04 0.7568E-01 0.8413E+02 0.3649E+06 0.2790E+00 16.540 0.0000 0.2000E-04 0.1000E+01
  25 0.8749E-05 0.2753E+04 0.7466E-01 0.8351E+02 0.3671E+06 0.2843E+00 16.524 0.0000 0.2000E-04 0.1000E+01
  30 0.1178E-04 0.2754E+04 0.7365E-01 0.8290E+02 0.3693E+06 0.2896E+00 16.508 0.0000 0.2000E-04 0.1000E+01
  35 0.1487E-04 0.2755E+04 0.7266E-01 0.8229E+02 0.3714E+06 0.2950E+00 16.492 0.0000 0.2000E-04 0.1000E+01
  40 0.1801E-04 0.2756E+04 0.7169E-01 0.8169E+02 0.3736E+06 0.3006E+00 16.476 0.0000 0.2000E-04 0.1000E+01
  45 0.2122E-04 0.2757E+04 0.7077E-01 0.8109E+02 0.3757E+06 0.3062E+00 16.460 0.0000 0.2000E-04 0.1000E+01
  50 0.2448E-04 0.2758E+04 0.6988E-01 0.8050E+02 0.3779E+06 0.3119E+00 16.444 0.0000 0.2000E-04 0.1000E+01
  55 0.2781E-04 0.2760E+04 0.6900E-01 0.7992E+02 0.3801E+06 0.3177E+00 16.428 0.0000 0.2000E-04 0.1000E+01
  60 0.3120E-04 0.2761E+04 0.6813E-01 0.7934E+02 0.3823E+06 0.3236E+00 16.412 0.0000 0.2000E-04 0.1000E+01
  65 0.3465E-04 0.2762E+04 0.6728E-01 0.7877E+02 0.3845E+06 0.3296E+00 16.396 0.0000 0.2000E-04 0.1000E+01
  70 0.3817E-04 0.2764E+04 0.6644E-01 0.7820E+02 0.3867E+06 0.3356E+00 16.380 0.0000 0.2000E-04 0.1000E+01
  75 0.4176E-04 0.2765E+04 0.6562E-01 0.7763E+02 0.3889E+06 0.3418E+00 16.364 0.0000 0.2000E-04 0.1000E+01
  80 0.4541E-04 0.2766E+04 0.6481E-01 0.7708E+02 0.3911E+06 0.3481E+00 16.347 0.0000 0.2000E-04 0.1000E+01
  85 0.4913E-04 0.2768E+04 0.6401E-01 0.7652E+02 0.3933E+06 0.3546E+00 16.331 0.0000 0.2000E-04 0.1000E+01
  90 0.5292E-04 0.2769E+04 0.6322E-01 0.7597E+02 0.3955E+06 0.3611E+00 16.315 0.0000 0.2000E-04 0.1000E+01
  95 0.5678E-04 0.2771E+04 0.6245E-01 0.7543E+02 0.3977E+06 0.3677E+00 16.299 0.0000 0.2000E-04 0.1000E+01
 100 0.6071E-04 0.2772E+04 0.6169E-01 0.7490E+02 0.3999E+06 0.3744E+00 16.283 0.0001 0.2000E-04 0.1000E+01
 105 0.6471E-04 0.2774E+04 0.6094E-01 0.7436E+02 0.4021E+06 0.3813E+00 16.267 0.0001 0.2000E-04 0.1000E+01
 110 0.6878E-04 0.2775E+04 0.6020E-01 0.7383E+02 0.4043E+06 0.3883E+00 16.251 0.0001 0.2000E-04 0.1000E+01
 115 0.7294E-04 0.2776E+04 0.5948E-01 0.7331E+02 0.4066E+06 0.3954E+00 16.235 0.0001 0.2000E-04 0.1000E+01
 120 0.7717E-04 0.2778E+04 0.5877E-01 0.7279E+02 0.4088E+06 0.4026E+00 16.219 0.0001 0.2000E-04 0.1000E+01
 125 0.8148E-04 0.2780E+04 0.5807E-01 0.7227E+02 0.4111E+06 0.4099E+00 16.203 0.0001 0.2000E-04 0.1000E+01
 130 0.8587E-04 0.2781E+04 0.5738E-01 0.7176E+02 0.4133E+06 0.4174E+00 16.187 0.0001 0.2000E-04 0.1000E+01
 135 0.9034E-04 0.2783E+04 0.5670E-01 0.7126E+02 0.4156E+06 0.4250E+00 16.170 0.0001 0.2000E-04 0.1000E+01
 140 0.9489E-04 0.2784E+04 0.5604E-01 0.7076E+02 0.4178E+06 0.4327E+00 16.154 0.0001 0.2000E-04 0.1000E+01
 145 0.9952E-04 0.2786E+04 0.5539E-01 0.7026E+02 0.4201E+06 0.4405E+00 16.138 0.0002 0.2000E-04 0.1000E+01
 150 0.1042E-03 0.2788E+04 0.5474E-01 0.6976E+02 0.4224E+06 0.4485E+00 16.122 0.0002 0.2000E-04 0.1000E+01
 155 0.1090E-03 0.2789E+04 0.5410E-01 0.6928E+02 0.4247E+06 0.4566E+00 16.106 0.0002 0.2000E-04 0.1000E+01
 160 0.1139E-03 0.2791E+04 0.5347E-01 0.6879E+02 0.4270E+06 0.4649E+00 16.089 0.0002 0.2000E-04 0.1000E+01
 165 0.1189E-03 0.2793E+04 0.5286E-01 0.6831E+02 0.4293E+06 0.4733E+00 16.073 0.0003 0.2000E-04 0.1000E+01
 170 0.1240E-03 0.2794E+04 0.5225E-01 0.6783E+02 0.4316E+06 0.4818E+00 16.057 0.0003 0.2000E-04 0.1000E+01
 175 0.1291E-03 0.2795E+04 0.5160E-01 0.6736E+02 0.4339E+06 0.4905E+00 16.041 0.0003 0.2000E-04 0.1000E+01
 180 0.1344E-03 0.2796E+04 0.5095E-01 0.6689E+02 0.4363E+06 0.4994E+00 16.025 0.0004 0.2000E-04 0.1000E+01
 185 0.1397E-03 0.2797E+04 0.5032E-01 0.6643E+02 0.4386E+06 0.5084E+00 16.008 0.0004 0.2000E-04 0.1000E+01
 190 0.1452E-03 0.2798E+04 0.4969E-01 0.6597E+02 0.4409E+06 0.5175E+00 15.992 0.0004 0.2000E-04 0.1000E+01
 195 0.1508E-03 0.2799E+04 0.4908E-01 0.6551E+02 0.4433E+06 0.5268E+00 15.976 0.0005 0.2000E-04 0.1000E+01
 200 0.1564E-03 0.2800E+04 0.4846E-01 0.6506E+02 0.4456E+06 0.5363E+00 15.960 0.0006 0.2000E-04 0.1000E+01
 205 0.1622E-03 0.2801E+04 0.4785E-01 0.6461E+02 0.4480E+06 0.5459E+00 15.943 0.0006 0.2000E-04 0.1000E+01
 210 0.1680E-03 0.2802E+04 0.4725E-01 0.6417E+02 0.4504E+06 0.5557E+00 15.927 0.0007 0.2000E-04 0.1000E+01
 215 0.1740E-03 0.2803E+04 0.4666E-01 0.6373E+02 0.4527E+06 0.5656E+00 15.911 0.0008 0.2000E-04 0.1000E+01
 220 0.1801E-03 0.2803E+04 0.4608E-01 0.6329E+02 0.4551E+06 0.5758E+00 15.895 0.0009 0.2000E-04 0.1000E+01
 225 0.1863E-03 0.2804E+04 0.4551E-01 0.6286E+02 0.4575E+06 0.5861E+00 15.878 0.0010 0.2000E-04 0.1000E+01
 230 0.1926E-03 0.2805E+04 0.4495E-01 0.6242E+02 0.4599E+06 0.5966E+00 15.862 0.0011 0.2000E-04 0.1000E+01
 235 0.1991E-03 0.2806E+04 0.4439E-01 0.6200E+02 0.4624E+06 0.6073E+00 15.846 0.0012 0.2000E-04 0.1000E+01
 240 0.2057E-03 0.2807E+04 0.4385E-01 0.6157E+02 0.4648E+06 0.6182E+00 15.829 0.0014 0.2000E-04 0.1000E+01
 245 0.2124E-03 0.2808E+04 0.4331E-01 0.6115E+02 0.4672E+06 0.6293E+00 15.813 0.0015 0.2000E-04 0.1000E+01
 250 0.2192E-03 0.2809E+04 0.4278E-01 0.6073E+02 0.4697E+06 0.6406E+00 15.797 0.0017 0.2000E-04 0.1000E+01
 255 0.2261E-03 0.2810E+04 0.4226E-01 0.6032E+02 0.4722E+06 0.6521E+00 15.780 0.0019 0.2000E-04 0.1000E+01
 260 0.2332E-03 0.2811E+04 0.4173E-01 0.5991E+02 0.4746E+06 0.6638E+00 15.764 0.0021 0.2000E-04 0.1000E+01
 265 0.2404E-03 0.2812E+04 0.4121E-01 0.5950E+02 0.4771E+06 0.6757E+00 15.747 0.0023 0.2000E-04 0.1000E+01
 270 0.2478E-03 0.2813E+04 0.4071E-01 0.5909E+02 0.4797E+06 0.6879E+00 15.731 0.0026 0.2000E-04 0.1000E+01
 275 0.2553E-03 0.2814E+04 0.4021E-01 0.5869E+02 0.4822E+06 0.7002E+00 15.714 0.0029 0.2000E-04 0.1000E+01
 280 0.2629E-03 0.2815E+04 0.3972E-01 0.5830E+02 0.4847E+06 0.7128E+00 15.698 0.0033 0.2000E-04 0.1000E+01
 285 0.2707E-03 0.2816E+04 0.3924E-01 0.5790E+02 0.4873E+06 0.7256E+00 15.681 0.0036 0.2000E-04 0.1000E+01
 290 0.2786E-03 0.2817E+04 0.3877E-01 0.5751E+02 0.4899E+06 0.7386E+00 15.665 0.0040 0.2000E-04 0.1000E+01
 295 0.2866E-03 0.2818E+04 0.3830E-01 0.5712E+02 0.4925E+06 0.7519E+00 15.648 0.0045 0.2000E-04 0.1000E+01
 300 0.2948E-03 0.2819E+04 0.3785E-01 0.5673E+02 0.4951E+06 0.7654E+00 15.632 0.0050 0.2000E-04 0.1000E+01
 305 0.3032E-03 0.2820E+04 0.3740E-01 0.5635E+02 0.4977E+06 0.7791E+00 15.615 0.0056 0.2000E-04 0.1000E+01
 310 0.3117E-03 0.2821E+04 0.3696E-01 0.5597E+02 0.5003E+06 0.7931E+00 15.599 0.0062 0.2000E-04 0.1000E+01
 315 0.3204E-03 0.2822E+04 0.3652E-01 0.5559E+02 0.5030E+06 0.8074E+00 15.582 0.0069 0.2000E-04 0.1000E+01
 320 0.3292E-03 0.2823E+04 0.3609E-01 0.5522E+02 0.5057E+06 0.8220E+00 15.566 0.0077 0.2000E-04 0.1000E+01
 325 0.3382E-03 0.2825E+04 0.3566E-01 0.5485E+02 0.5084E+06 0.8368E+00 15.549 0.0086 0.1999E-04 0.1000E+01
 330 0.3474E-03 0.2826E+04 0.3523E-01 0.5448E+02 0.5111E+06 0.8519E+00 15.533 0.0096 0.1999E-04 0.1000E+01
 335 0.3568E-03 0.2827E+04 0.3481E-01 0.5411E+02 0.5139E+06 0.8672E+00 15.516 0.0107 0.1999E-04 0.1000E+01
 340 0.3663E-03 0.2828E+04 0.3440E-01 0.5375E+02 0.5166E+06 0.8829E+00 15.499 0.0119 0.1999E-04 0.1000E+01
 345 0.3760E-03 0.2829E+04 0.3399E-01 0.5339E+02 0.5194E+06 0.8988E+00 15.483 0.0133 0.1999E-04 0.1000E+01
 350 0.3859E-03 0.2830E+04 0.3359E-01 0.5303E+02 0.5222E+06 0.9150E+00 15.466 0.0148 0.1999E-04 0.1000E+01
 355 0.3960E-03 0.2831E+04 0.3320E-01 0.5267E+02 0.5250E+06 0.9316E+00 15.450 0.0165 0.1999E-04 0.1000E+01
 360 0.4064E-03 0.2832E+04 0.3281E-01 0.5232E+02 0.5279E+06 0.9485E+00 15.433 0.0183 0.1999E-04 0.1000E+01
 365 0.4169E-03 0.2834E+04 0.3243E-01 0.5197E+02 0.5308E+06 0.9657E+00 15.416 0.0204 0.1999E-04 0.1000E+01
 370 0.4276E-03 0.2835E+04 0.3205E-01 0.5162E+02 0.5336E+06 0.9832E+00 15.399 0.0228 0.1998E-04 0.1000E+01
 375 0.4386E-03 0.2836E+04 0.3168E-01 0.5128E+02 0.5365E+06 0.1001E+01 15.383 0.0254 0.1998E-04 0.1000E+01
 380 0.4497E-03 0.2837E+04 0.3131E-01 0.5093E+02 0.5395E+06 0.1019E+01 15.366 0.0282 0.1998E-04 0.1000E+01
 385 0.4611E-03 0.2839E+04 0.3095E-01 0.5059E+02 0.5424E+06 0.1038E+01 15.349 0.0315 0.1998E-04 0.1000E+01
 390 0.4728E-03 0.2840E+04 0.3060E-01 0.5025E+02 0.5454E+06 0.1057E+01 15.332 0.0350 0.1998E-04 0.1000E+01
 395 0.4847E-03 0.2841E+04 0.3024E-01 0.4992E+02 0.5484E+06 0.1076E+01 15.316 0.0390 0.1997E-04 0.1000E+01
 400 0.4969E-03 0.2843E+04 0.2990E-01 0.4959E+02 0.5514E+06 0.1096E+01 15.299 0.0435 0.1997E-04 0.1000E+01
 405 0.5093E-03 0.2844E+04 0.2956E-01 0.4926E+02 0.5544E+06 0.1115E+01 15.282 0.0484 0.1996E-04 0.1000E+01
 410 0.5221E-03 0.2845E+04 0.2923E-01 0.4893E+02 0.5575E+06 0.1136E+01 15.266 0.0539 0.1996E-04 0.1000E+01
 415 0.5351E-03 0.2847E+04 0.2889E-01 0.4860E+02 0.5606E+06 0.1157E+01 15.249 0.0600 0.1996E-04 0.1000E+01
 420 0.5485E-03 0.2848E+04 0.2856E-01 0.4828E+02 0.5637E+06 0.1178E+01 15.232 0.0669 0.1995E-04 0.1000E+01
 425 0.5623E-03 0.2849E+04 0.2823E-01 0.4795E+02 0.5668E+06 0.1200E+01 15.215 0.0745 0.1994E-04 0.1000E+01
 430 0.5764E-03 0.2851E+04 0.2790E-01 0.4763E+02 0.5700E+06 0.1222E+01 15.198 0.0831 0.1994E-04 0.1000E+01
 435 0.5909E-03 0.2852E+04 0.2758E-01 0.4732E+02 0.5732E+06 0.1244E+01 15.181 0.0926 0.1993E-04 0.1000E+01
 440 0.6058E-03 0.2853E+04 0.2727E-01 0.4700E+02 0.5764E+06 0.1267E+01 15.164 0.1031 0.1992E-04 0.1000E+01
 445 0.6212E-03 0.2855E+04 0.2698E-01 0.4668E+02 0.5797E+06 0.1290E+01 15.147 0.1149 0.1991E-04 0.1000E+01
 450 0.6371E-03 0.2857E+04 0.2670E-01 0.4637E+02 0.5829E+06 0.1314E+01 15.130 0.1279 0.1990E-04 0.1000E+01
 455 0.6536E-03 0.2859E+04 0.2641E-01 0.4606E+02 0.5862E+06 0.1339E+01 15.113 0.1424 0.1988E-04 0.1000E+01
 460 0.6706E-03 0.2861E+04 0.2613E-01 0.4575E+02 0.5896E+06 0.1364E+01 15.096 0.1586 0.1987E-04 0.1000E+01
 465 0.6882E-03 0.2863E+04 0.2585E-01 0.4545E+02 0.5929E+06 0.1389E+01 15.079 0.1766 0.1985E-04 0.1000E+01
 470 0.7066E-03 0.2865E+04 0.2557E-01 0.4514E+02 0.5963E+06 0.1415E+01 15.062 0.1966 0.1983E-04 0.1000E+01
 475 0.7259E-03 0.2867E+04 0.2530E-01 0.4484E+02 0.5997E+06 0.1441E+01 15.045 0.2190 0.1981E-04 0.1000E+01
 480 0.7460E-03 0.2869E+04 0.2502E-01 0.4454E+02 0.6032E+06 0.1468E+01 15.028 0.2438 0.1978E-04 0.1000E+01
 485 0.7673E-03 0.2871E+04 0.2476E-01 0.4424E+02 0.6066E+06 0.1495E+01 15.011 0.2714 0.1975E-04 0.1000E+01
 490 0.7898E-03 0.2873E+04 0.2449E-01 0.4394E+02 0.6101E+06 0.1523E+01 14.993 0.3021 0.1971E-04 0.1000E+01
 495 0.8138E-03 0.2874E+04 0.2422E-01 0.4365E+02 0.6136E+06 0.1552E+01 14.976 0.3362 0.1967E-04 0.1000E+01
 500 0.8397E-03 0.2876E+04 0.2396E-01 0.4336E+02 0.6172E+06 0.1581E+01 14.959 0.3741 0.1962E-04 0.1000E+01
 505 0.8677E-03 0.2878E+04 0.2370E-01 0.4306E+02 0.6207E+06 0.1611E+01 14.942 0.4160 0.1956E-04 0.1000E+01
 510 0.8985E-03 0.2880E+04 0.2344E-01 0.4277E+02 0.6243E+06 0.1641E+01 14.924 0.4622 0.1949E-04 0.1000E+01
 515 0.9327E-03 0.2882E+04 0.2318E-01 0.4249E+02 0.6279E+06 0.1672E+01 14.907 0.5132 0.1940E-04 0.1000E+01
 520 0.9715E-03 0.2883E+04 0.2293E-01 0.4220E+02 0.6315E+06 0.1704E+01 14.890 0.5690 0.1929E-04 0.1000E+01
 525 0.1017E-02 0.2885E+04 0.2268E-01 0.4192E+02 0.6352E+06 0.1736E+01 14.873 0.6298 0.1914E-04 0.1000E+01
 530 0.1071E-02 0.2887E+04 0.2243E-01 0.4164E+02 0.6388E+06 0.1768E+01 14.855 0.6952 0.1896E-04 0.1000E+01
 535 0.1130E-02 0.2888E+04 0.2222E-01 0.4140E+02 0.6420E+06 0.1797E+01 14.840 0.7547 0.1874E-04 0.1000E+01
 540 0.1185E-02 0.2890E+04 0.2206E-01 0.4122E+02 0.6444E+06 0.1819E+01 14.829 0.7998 0.1852E-04 0.1000E+01
 545 0.1237E-02 0.2890E+04 0.2194E-01 0.4109E+02 0.6462E+06 0.1835E+01 14.821 0.8341 0.1831E-04 0.1000E+01
 550 0.1286E-02 0.2891E+04 0.2185E-01 0.4098E+02 0.6477E+06 0.1849E+01 14.814 0.8604 0.1810E-04 0.1000E+01
 555 0.1334E-02 0.2892E+04 0.2177E-01 0.4089E+02 0.6488E+06 0.1860E+01 14.808 0.8805 0.1789E-04 0.1000E+01
 560 0.1381E-02 0.2892E+04 0.2171E-01 0.4082E+02 0.6498E+06 0.1869E+01 14.804 0.8960 0.1769E-04 0.1000E+01
 565 0.1426E-02 0.2892E+04 0.2165E-01 0.4075E+02 0.6507E+06 0.1877E+01 14.800 0.9079 0.1748E-04 0.1000E+01
 570 0.1470E-02 0.2893E+04 0.2160E-01 0.4070E+02 0.6514E+06 0.1884E+01 14.796 0.9171 0.1728E-04 0.1000E+01
 575 0.1514E-02 0.2893E+04 0.2156E-01 0.4065E+02 0.6521E+06 0.1891E+01 14.793 0.9241 0.1709E-04 0.1000E+01
 580 0.1557E-02 0.2893E+04 0.2152E-01 0.4061E+02 0.6527E+06 0.1896E+01 14.791 0.9295 0.1689E-04 0.1000E+01
 585 0.1599E-02 0.2894E+04 0.2149E-01 0.4057E+02 0.6532E+06 0.1901E+01 14.788 0.9337 0.1670E-04 0.1000E+01
 590 0.1640E-02 0.2894E+04 0.2145E-01 0.4053E+02 0.6537E+06 0.1906E+01 14.786 0.9368 0.1651E-04 0.1000E+01
 595 0.1682E-02 0.2894E+04 0.2142E-01 0.4050E+02 0.6542E+06 0.1911E+01 14.783 0.9392 0.1632E-04 0.1000E+01
 600 0.1722E-02 0.2894E+04 0.2139E-01 0.4046E+02 0.6547E+06 0.1915E+01 14.781 0.9410 0.1613E-04 0.1000E+01
 605 0.1762E-02 0.2894E+04 0.2137E-01 0.4043E+02 0.6551E+06 0.1920E+01 14.779 0.9423 0.1595E-04 0.1000E+01
 610 0.1802E-02 0.2895E+04 0.2134E-01 0.4040E+02 0.6556E+06 0.1924E+01 14.777 0.9432 0.1576E-04 0.1000E+01
 615 0.1841E-02 0.2895E+04 0.2131E-01 0.4037E+02 0.6560E+06 0.1928E+01 14.775 0.9438 0.1558E-04 0.1000E+01
 620 0.1880E-02 0.2895E+04 0.2129E-01 0.4034E+02 0.6564E+06 0.1932E+01 14.773 0.9441 0.1540E-04 0.1000E+01
 625 0.1918E-02 0.2895E+04 0.2126E-01 0.4031E+02 0.6568E+06 0.1936E+01 14.772 0.9443 0.1523E-04 0.1000E+01
 630 0.1956E-02 0.2895E+04 0.2124E-01 0.4028E+02 0.6572E+06 0.1940E+01 14.770 0.9443 0.1505E-04 0.1000E+01
 635 0.1994E-02 0.2896E+04 0.2121E-01 0.4025E+02 0.6576E+06 0.1943E+01 14.768 0.9442 0.1488E-04 0.1000E+01
 640 0.2031E-02 0.2896E+04 0.2119E-01 0.4022E+02 0.6580E+06 0.1947E+01 14.766 0.9440 0.1471E-04 0.1000E+01
 645 0.2068E-02 0.2896E+04 0.2116E-01 0.4020E+02 0.6584E+06 0.1951E+01 14.764 0.9437 0.1454E-04 0.1000E+01
 650 0.2104E-02 0.2896E+04 0.2114E-01 0.4017E+02 0.6588E+06 0.1955E+01 14.762 0.9434 0.1438E-04 0.1000E+01
 655 0.2140E-02 0.2896E+04 0.2111E-01 0.4014E+02 0.6592E+06 0.1959E+01 14.761 0.9430 0.1421E-04 0.1000E+01
 660 0.2176E-02 0.2896E+04 0.2109E-01 0.4011E+02 0.6596E+06 0.1962E+01 14.759 0.9425 0.1405E-04 0.1000E+01
 665 0.2212E-02 0.2897E+04 0.2107E-01 0.4009E+02 0.6600E+06 0.1966E+01 14.757 0.9420 0.1389E-04 0.1000E+01
 670 0.2247E-02 0.2897E+04 0.2104E-01 0.4006E+02 0.6603E+06 0.1970E+01 14.755 0.9415 0.1373E-04 0.1000E+01
 675 0.2281E-02 0.2897E+04 0.2102E-01 0.4003E+02 0.6607E+06 0.1973E+01 14.754 0.9410 0.1357E-04 0.1000E+01
 680 0.2316E-02 0.2897E+04 0.2099E-01 0.4000E+02 0.6611E+06 0.1977E+01 14.752 0.9404 0.1342E-04 0.1000E+01
 685 0.2350E-02 0.2897E+04 0.2097E-01 0.3998E+02 0.6615E+06 0.1981E+01 14.750 0.9398 0.1326E-04 0.1000E+01
 690 0.2383E-02 0.2897E+04 0.2095E-01 0.3995E+02 0.6619E+06 0.1985E+01 14.748 0.9392 0.1311E-04 0.1000E+01
 695 0.2417E-02 0.2898E+04 0.2092E-01 0.3992E+02 0.6622E+06 0.1988E+01 14.747 0.9385 0.1296E-04 0.1000E+01
 700 0.2450E-02 0.2898E+04 0.2090E-01 0.3990E+02 0.6626E+06 0.1992E+01 14.745 0.9379 0.1281E-04 0.1000E+01
 705 0.2483E-02 0.2898E+04 0.2088E-01 0.3987E+02 0.6630E+06 0.1996E+01 14.743 0.9372 0.1267E-04 0.1000E+01
 710 0.2515E-02 0.2898E+04 0.2085E-01 0.3984E+02 0.6634E+06 0.2000E+01 14.741 0.9366 0.1252E-04 0.1000E+01
 715 0.2547E-02 0.2898E+04 0.2083E-01 0.3982E+02 0.6638E+06 0.2003E+01 14.740 0.9359 0.1238E-04 0.1000E+01
 720 0.2579E-02 0.2898E+04 0.2081E-01 0.3979E+02 0.6641E+06 0.2007E+01 14.738 0.9352 0.1224E-04 0.1000E+01
 725 0.2610E-02 0.2899E+04 0.2078E-01 0.3976E+02 0.6645E+06 0.2011E+01 14.736 0.9345 0.1210E-04 0.1000E+01
 730 0.2642E-02 0.2899E+04 0.2076E-01 0.3974E+02 0.6649E+06 0.2015E+01 14.735 0.9338 0.1196E-04 0.1000E+01
 735 0.2672E-02 0.2899E+04 0.2074E-01 0.3971E+02 0.6653E+06 0.2018E+01 14.733 0.9331 0.1182E-04 0.1000E+01
 740 0.2703E-02 0.2899E+04 0.2071E-01 0.3968E+02 0.6657E+06 0.2022E+01 14.731 0.9324 0.1169E-04 0.1000E+01
 745 0.2733E-02 0.2899E+04 0.2069E-01 0.3966E+02 0.6660E+06 0.2026E+01 14.729 0.9317 0.1155E-04 0.1000E+01
 750 0.2763E-02 0.2899E+04 0.2067E-01 0.3963E+02 0.6664E+06 0.2030E+01 14.728 0.9309 0.1142E-04 0.1000E+01
 755 0.2793E-02 0.2899E+04 0.2065E-01 0.3960E+02 0.6668E+06 0.2033E+01 14.726 0.9302 0.1129E-04 0.1000E+01
 760 0.2822E-02 0.2900E+04 0.2062E-01 0.3958E+02 0.6672E+06 0.2037E+01 14.724 0.9294 0.1116E-04 0.1000E+01
 765 0.2852E-02 0.2900E+04 0.2060E-01 0.3955E+02 0.6676E+06 0.2041E+01 14.722 0.9287 0.1103E-04 0.1000E+01
 770 0.2881E-02 0.2900E+04 0.2058E-01 0.3953E+02 0.6679E+06 0.2045E+01 14.721 0.9279 0.1091E-04 0.1000E+01
 775 0.2909E-02 0.2900E+04 0.2055E-01 0.3950E+02 0.6683E+06 0.2049E+01 14.719 0.9271 0.1078E-04 0.1000E+01
 780 0.2937E-02 0.2900E+04 0.2053E-01 0.3947E+02 0.6687E+06 0.2052E+01 14.717 0.9263 0.1066E-04 0.1000E+01
 785 0.2966E-02 0.2900E+04 0.2051E-01 0.3945E+02 0.6691E+06 0.2056E+01 14.716 0.9255 0.1054E-04 0.1000E+01
 790 0.2993E-02 0.2901E+04 0.2049E-01 0.3942E+02 0.6695E+06 0.2060E+01 14.714 0.9248 0.1042E-04 0.1000E+01
 792 0.3000E-02 0.2901E+04 0.2048E-01 0.3941E+02 0.6696E+06 0.2061E+01 14.713 0.9245 0.1039E-04 0.1000E+01
 795 0.3017E-02 0.2901E+04 0.2047E-01 0.3940E+02 0.6698E+06 0.2063E+01 14.712 0.9241 0.1032E-04 0.1000E+01
 800 0.3044E-02 0.2901E+04 0.2045E-01 0.3937E+02 0.6702E+06 0.2067E+01 14.711 0.9233 0.1020E-04 0.1000E+01
 805 0.3071E-02 0.2901E+04 0.2042E-01 0.3935E+02 0.6705E+06 0.2071E+01 14.709 0.9225 0.1008E-04 0.1000E+01
 810 0.3098E-02 0.2901E+04 0.2040E-01 0.3932E+02 0.6709E+06 0.2075E+01 14.707 0.9216 0.9965E-05 0.1000E+01
 815 0.3124E-02 0.2901E+04 0.2038E-01 0.3930E+02 0.6713E+06 0.2078E+01 14.706 0.9208 0.9851E-05 0.1000E+01
 820 0.3151E-02 0.2902E+04 0.2036E-01 0.3927E+02 0.6717E+06 0.2082E+01 14.704 0.9199 0.9738E-05 0.1000E+01
 825 0.3177E-02 0.2902E+04 0.2033E-01 0.3924E+02 0.6721E+06 0.2086E+01 14.702 0.9191 0.9627E-05 0.1000E+01
 830 0.3202E-02 0.2902E+04 0.2031E-01 0.3922E+02 0.6724E+06 0.2090E+01 14.700 0.9182 0.9517E-05 0.1000E+01
 835 0.3228E-02 0.2902E+04 0.2029E-01 0.3919E+02 0.6728E+06 0.2094E+01 14.699 0.9174 0.9408E-05 0.1000E+01
 840 0.3253E-02 0.2902E+04 0.2027E-01 0.3917E+02 0.6732E+06 0.2098E+01 14.697 0.9165 0.9300E-05 0.1000E+01
 845 0.3278E-02 0.2902E+04 0.2024E-01 0.3914E+02 0.6736E+06 0.2101E+01 14.695 0.9156 0.9194E-05 0.1000E+01
 850 0.3303E-02 0.2902E+04 0.2022E-01 0.3912E+02 0.6739E+06 0.2105E+01 14.694 0.9147 0.9088E-05 0.1000E+01
 855 0.3328E-02 0.2903E+04 0.2020E-01 0.3909E+02 0.6743E+06 0.2109E+01 14.692 0.9138 0.8984E-05 0.1000E+01
 860 0.3352E-02 0.2903E+04 0.2018E-01 0.3906E+02 0.6747E+06 0.2113E+01 14.690 0.9129 0.8881E-05 0.1000E+01
 865 0.3376E-02 0.2903E+04 0.2016E-01 0.3904E+02 0.6751E+06 0.2117E+01 14.689 0.9120 0.8780E-05 0.1000E+01
 870 0.3400E-02 0.2903E+04 0.2013E-01 0.3901E+02 0.6755E+06 0.2121E+01 14.687 0.9111 0.8679E-05 0.1000E+01
 875 0.3424E-02 0.2903E+04 0.2011E-01 0.3899E+02 0.6758E+06 0.2125E+01 14.685 0.9102 0.8580E-05 0.1000E+01
 880 0.3447E-02 0.2903E+04 0.2009E-01 0.3896E+02 0.6762E+06 0.2129E+01 14.683 0.9092 0.8482E-05 0.1000E+01
 885 0.3471E-02 0.2904E+04 0.2007E-01 0.3894E+02 0.6766E+06 0.2132E+01 14.682 0.9083 0.8385E-05 0.1000E+01
 890 0.3494E-02 0.2904E+04 0.2005E-01 0.3891E+02 0.6770E+06 0.2136E+01 14.680 0.9073 0.8289E-05 0.1000E+01
 895 0.3516E-02 0.2904E+04 0.2002E-01 0.3889E+02 0.6773E+06 0.2140E+01 14.678 0.9064 0.8194E-05 0.1000E+01
 900 0.3539E-02 0.2904E+04 0.2000E-01 0.3886E+02 0.6777E+06 0.2144E+01 14.677 0.9054 0.8100E-05 0.1000E+01
 905 0.3562E-02 0.2904E+04 0.1998E-01 0.3884E+02 0.6781E+06 0.2148E+01 14.675 0.9044 0.8007E-05 0.1000E+01
 910 0.3584E-02 0.2904E+04 0.1996E-01 0.3881E+02 0.6785E+06 0.2152E+01 14.673 0.9034 0.7916E-05 0.1000E+01
 915 0.3606E-02 0.2904E+04 0.1994E-01 0.3879E+02 0.6789E+06 0.2156E+01 14.672 0.9024 0.7825E-05 0.1000E+01
 920 0.3627E-02 0.2905E+04 0.1992E-01 0.3876E+02 0.6792E+06 0.2160E+01 14.670 0.9014 0.7736E-05 0.1000E+01
 925 0.3649E-02 0.2905E+04 0.1989E-01 0.3874E+02 0.6796E+06 0.2164E+01 14.668 0.9004 0.7647E-05 0.1000E+01
 930 0.3670E-02 0.2905E+04 0.1987E-01 0.3871E+02 0.6800E+06 0.2168E+01 14.667 0.8994 0.7560E-05 0.1000E+01
 935 0.3692E-02 0.2905E+04 0.1985E-01 0.3869E+02 0.6804E+06 0.2172E+01 14.665 0.8984 0.7473E-05 0.1000E+01
 940 0.3713E-02 0.2905E+04 0.1983E-01 0.3866E+02 0.6807E+06 0.2176E+01 14.663 0.8973 0.7388E-05 0.1000E+01
 945 0.3733E-02 0.2905E+04 0.1981E-01 0.3864E+02 0.6811E+06 0.2179E+01 14.662 0.8963 0.7303E-05 0.1000E+01
 950 0.3754E-02 0.2905E+04 0.1979E-01 0.3861E+02 0.6815E+06 0.2183E+01 14.660 0.8952 0.7219E-05 0.1000E+01
 955 0.3774E-02 0.2906E+04 0.1976E-01 0.3859E+02 0.6819E+06 0.2187E+01 14.658 0.8942 0.7137E-05 0.1000E+01
 960 0.3795E-02 0.2906E+04 0.1974E-01 0.3856E+02 0.6822E+06 0.2191E+01 14.657 0.8931 0.7055E-05 0.1000E+01
 965 0.3815E-02 0.2906E+04 0.1972E-01 0.3854E+02 0.6826E+06 0.2195E+01 14.655 0.8920 0.6974E-05 0.1000E+01
 970 0.3835E-02 0.2906E+04 0.1970E-01 0.3851E+02 0.6830E+06 0.2199E+01 14.653 0.8909 0.6895E-05 0.1000E+01
 975 0.3854E-02 0.2906E+04 0.1968E-01 0.3849E+02 0.6834E+06 0.2203E+01 14.652 0.8898 0.6816E-05 0.1000E+01
 980 0.3874E-02 0.2906E+04 0.1966E-01 0.3846E+02 0.6837E+06 0.2207E+01 14.650 0.8887 0.6738E-05 0.1000E+01
 985 0.3893E-02 0.2907E+04 0.1964E-01 0.3844E+02 0.6841E+06 0.2211E+01 14.648 0.8876 0.6661E-05 0.1000E+01
 990 0.3912E-02 0.2907E+04 0.1962E-01 0.3841E+02 0.6845E+06 0.2215E+01 14.647 0.8865 0.6584E-05 0.1000E+01
 995 0.3931E-02 0.2907E+04 0.1960E-01 0.3839E+02 0.6849E+06 0.2219E+01 14.645 0.8854 0.6509E-05 0.1000E+01
1000 0.3950E-02 0.2907E+04 0.1957E-01 0.3836E+02 0.6852E+06 0.2223E+01 14.643 0.8842 0.6434E-05 0.1000E+01
1005 0.3969E-02 0.2907E+04 0.1955E-01 0.3834E+02 0.6856E+06 0.2227E+01 14.642 0.8831 0.6361E-05 0.1000E+01
1010 0.3987E-02 0.2907E+04 0.1953E-01 0.3832E+02 0.6860E+06 0.2231E+01 14.640 0.8819 0.6288E-05 0.1000E+01
1015 0.4005E-02 0.2907E+04 0.1951E-01 0.3829E+02 0.6864E+06 0.2235E+01 14.638 0.8808 0.6216E-05 0.1000E+01
1020 0.4023E-02 0.2908E+04 0.1949E-01 0.3827E+02 0.6867E+06 0.2239E+01 14.637 0.8796 0.6145E-05 0.1000E+01
1025 0.4041E-02 0.2908E+04 0.1947E-01 0.3824E+02 0.6871E+06 0.2243E+01 14.635 0.8784 0.6075E-05 0.1000E+01
1030 0.4059E-02 0.2908E+04 0.1945E-01 0.3822E+02 0.6875E+06 0.2247E+01 14.633 0.8772 0.6005E-05 0.1000E+01
1035 0.4077E-02 0.2908E+04 0.1943E-01 0.3819E+02 0.6878E+06 0.2251E+01 14.632 0.8760 0.5936E-05 0.1000E+01
1040 0.4094E-02 0.2908E+04 0.1941E-01 0.3817E+02 0.6882E+06 0.2255E+01 14.630 0.8748 0.5868E-05 0.1000E+01
1045 0.4112E-02 0.2908E+04 0.1939E-01 0.3815E+02 0.6886E+06 0.2259E+01 14.628 0.8736 0.5801E-05 0.1000E+01
1050 0.4129E-02 0.2908E+04 0.1937E-01 0.3812E+02 0.6890E+06 0.2263E+01 14.627 0.8724 0.5735E-05 0.1000E+01
1055 0.4146E-02 0.2909E+04 0.1935E-01 0.3810E+02 0.6893E+06 0.2267E+01 14.625 0.8711 0.5669E-05 0.1000E+01
1060 0.4163E-02 0.2909E+04 0.1933E-01 0.3807E+02 0.6897E+06 0.2271E+01 14.623 0.8699 0.5604E-05 0.1000E+01
1065 0.4179E-02 0.2909E+04 0.1930E-01 0.3805E+02 0.6901E+06 0.2275E+01 14.622 0.8686 0.5540E-05 0.1000E+01
1070 0.4196E-02 0.2909E+04 0.1928E-01 0.3803E+02 0.6904E+06 0.2279E+01 14.620 0.8673 0.5477E-05 0.1000E+01
1075 0.4212E-02 0.2909E+04 0.1926E-01 0.3800E+02 0.6908E+06 0.2283E+01 14.619 0.8661 0.5414E-05 0.1000E+01
1080 0.4228E-02 0.2909E+04 0.1924E-01 0.3798E+02 0.6912E+06 0.2287E+01 14.617 0.8648 0.5352E-05 0.1000E+01
1085 0.4245E-02 0.2909E+04 0.1922E-01 0.3795E+02 0.6916E+06 0.2291E+01 14.615 0.8635 0.5291E-05 0.1000E+01
1090 0.4261E-02 0.2910E+04 0.1920E-01 0.3793E+02 0.6919E+06 0.2295E+01 14.614 0.8622 0.5230E-05 0.1000E+01
1095 0.4276E-02 0.2910E+04 0.1918E-01 0.3791E+02 0.6923E+06 0.2299E+01 14.612 0.8609 0.5171E-05 0.1000E+01
1100 0.4292E-02 0.2910E+04 0.1916E-01 0.3788E+02 0.6927E+06 0.2303E+01 14.610 0.8596 0.5111E-05 0.1000E+01
1105 0.4308E-02 0.2910E+04 0.1914E-01 0.3786E+02 0.6930E+06 0.2307E+01 14.609 0.8583 0.5053E-05 0.1000E+01
1110 0.4323E-02 0.2910E+04 0.1912E-01 0.3784E+02 0.6934E+06 0.2311E+01 14.607 0.8569 0.4995E-05 0.1000E+01
1115 0.4338E-02 0.2910E+04 0.1910E-01 0.3781E+02 0.6938E+06 0.2315E+01 14.606 0.8556 0.4938E-05 0.1000E+01
1120 0.4353E-02 0.2910E+04 0.1908E-01 0.3779E+02 0.6941E+06 0.2319E+01 14.604 0.8542 0.4881E-05 0.1000E+01
1125 0.4368E-02 0.2911E+04 0.1906E-01 0.3777E+02 0.6945E+06 0.2323E+01 14.602 0.8529 0.4826E-05 0.1000E+01
1130 0.4383E-02 0.2911E+04 0.1904E-01 0.3774E+02 0.6949E+06 0.2327E+01 14.601 0.8515 0.4770E-05 0.1000E+01
1135 0.4398E-02 0.2911E+04 0.1902E-01 0.3772E+02 0.6952E+06 0.2331E+01 14.599 0.8501 0.4716E-05 0.1000E+01
1140 0.4413E-02 0.2911E+04 0.1900E-01 0.3770E+02 0.6956E+06 0.2336E+01 14.597 0.8487 0.4662E-05 0.1000E+01
1145 0.4427E-02 0.2911E+04 0.1898E-01 0.3767E+02 0.6960E+06 0.2340E+01 14.596 0.8473 0.4608E-05 0.1000E+01
1150 0.4441E-02 0.2911E+04 0.1896E-01 0.3765E+02 0.6963E+06 0.2344E+01 14.594 0.8459 0.4556E-05 0.1000E+01
1155 0.4456E-02 0.2911E+04 0.1894E-01 0.3763E+02 0.6967E+06 0.2348E+01 14.593 0.8445 0.4503E-05 0.1000E+01
1160 0.4470E-02 0.2912E+04 0.1892E-01 0.3760E+02 0.6971E+06 0.2352E+01 14.591 0.8430 0.4452E-05 0.1000E+01
1165 0.4484E-02 0.2912E+04 0.1890E-01 0.3758E+02 0.6975E+06 0.2356E+01 14.589 0.8416 0.4401E-05 0.1000E+01
1170 0.4498E-02 0.2912E+04 0.1888E-01 0.3756E+02 0.6978E+06 0.2360E+01 14.588 0.8401 0.4351E-05 0.1000E+01
1175 0.4511E-02 0.2912E+04 0.1887E-01 0.3753E+02 0.6982E+06 0.2364E+01 14.586 0.8387 0.4301E-05 0.1000E+01
1180 0.4525E-02 0.2912E+04 0.1885E-01 0.3751E+02 0.6985E+06 0.2368E+01 14.585 0.8372 0.4252E-05 0.1000E+01
1185 0.4539E-02 0.2912E+04 0.1883E-01 0.3749E+02 0.6989E+06 0.2372E+01 14.583 0.8357 0.4203E-05 0.1000E+01
1190 0.4552E-02 0.2912E+04 0.1881E-01 0.3747E+02 0.6993E+06 0.2376E+01 14.581 0.8343 0.4155E-05 0.1000E+01
1195 0.4565E-02 0.2912E+04 0.1879E-01 0.3744E+02 0.6996E+06 0.2380E+01 14.580 0.8328 0.4107E-05 0.1000E+01
1200 0.4578E-02 0.2913E+04 0.1877E-01 0.3742E+02 0.7000E+06 0.2384E+01 14.578 0.8313 0.4060E-05 0.1000E+01
1205 0.4591E-02 0.2913E+04 0.1875E-01 0.3740E+02 0.7004E+06 0.2388E+01 14.577 0.8298 0.4014E-05 0.1000E+01
1210 0.4604E-02 0.2913E+04 0.1873E-01 0.3738E+02 0.7007E+06 0.2392E+01 14.575 0.8283 0.3968E-05 0.1000E+01
1215 0.4617E-02 0.2913E+04 0.1871E-01 0.3735E+02 0.7011E+06 0.2397E+01 14.574 0.8267 0.3923E-05 0.1000E+01
1220 0.4630E-02 0.2913E+04 0.1869E-01 0.3733E+02 0.7015E+06 0.2401E+01 14.572 0.8252 0.3878E-05 0.1000E+01
1225 0.4642E-02 0.2913E+04 0.1867E-01 0.3731E+02 0.7018E+06 0.2405E+01 14.570 0.8236 0.3833E-05 0.1000E+01
1230 0.4655E-02 0.2913E+04 0.1865E-01 0.3729E+02 0.7022E+06 0.2409E+01 14.569 0.8221 0.3789E-05 0.1000E+01
1235 0.4667E-02 0.2914E+04 0.1863E-01 0.3726E+02 0.7026E+06 0.2413E+01 14.567 0.8205 0.3746E-05 0.1000E+01
1240 0.4680E-02 0.2914E+04 0.1862E-01 0.3724E+02 0.7029E+06 0.2417E+01 14.566 0.8189 0.3703E-05 0.1000E+01
1245 0.4692E-02 0.2914E+04 0.1860E-01 0.3722E+02 0.7033E+06 0.2421E+01 14.564 0.8173 0.3661E-05 0.1000E+01
1250 0.4704E-02 0.2914E+04 0.1858E-01 0.3720E+02 0.7036E+06 0.2425E+01 14.563 0.8157 0.3619E-05 0.1000E+01
1255 0.4716E-02 0.2914E+04 0.1856E-01 0.3717E+02 0.7040E+06 0.2429E+01 14.561 0.8141 0.3577E-05 0.1000E+01
1260 0.4728E-02 0.2914E+04 0.1854E-01 0.3715E+02 0.7044E+06 0.2433E+01 14.559 0.8125 0.3537E-05 0.1000E+01
1265 0.4739E-02 0.2914E+04 0.1852E-01 0.3713E+02 0.7047E+06 0.2437E+01 14.558 0.8109 0.3496E-05 0.1000E+01
1270 0.4751E-02 0.2914E+04 0.1850E-01 0.3711E+02 0.7051E+06 0.2441E+01 14.556 0.8092 0.3456E-05 0.1000E+01
1275 0.4763E-02 0.2915E+04 0.1848E-01 0.3709E+02 0.7054E+06 0.2446E+01 14.555 0.8076 0.3417E-05 0.1000E+01
1280 0.4774E-02 0.2915E+04 0.1847E-01 0.3706E+02 0.7058E+06 0.2450E+01 14.553 0.8059 0.3377E-05 0.1000E+01
1285 0.4785E-02 0.2915E+04 0.1845E-01 0.3704E+02 0.7062E+06 0.2454E+01 14.552 0.8043 0.3339E-05 0.1000E+01
1290 0.4797E-02 0.2915E+04 0.1843E-01 0.3702E+02 0.7065E+06 0.2458E+01 14.550 0.8026 0.3301E-05 0.1000E+01
1295 0.4808E-02 0.2915E+04 0.1841E-01 0.3700E+02 0.7069E+06 0.2462E+01 14.549 0.8010 0.3263E-05 0.1000E+01
1300 0.4819E-02 0.2915E+04 0.1839E-01 0.3698E+02 0.7072E+06 0.2466E+01 14.547 0.7993 0.3225E-05 0.1000E+01
1305 0.4830E-02 0.2915E+04 0.1837E-01 0.3695E+02 0.7076E+06 0.2470E+01 14.546 0.7976 0.3189E-05 0.1000E+01
1310 0.4841E-02 0.2916E+04 0.1835E-01 0.3693E+02 0.7079E+06 0.2474E+01 14.544 0.7959 0.3152E-05 0.1000E+01
1315 0.4852E-02 0.2916E+04 0.1834E-01 0.3691E+02 0.7083E+06 0.2478E+01 14.542 0.7942 0.3116E-05 0.1000E+01
1320 0.4862E-02 0.2916E+04 0.1832E-01 0.3689E+02 0.7087E+06 0.2482E+01 14.541 0.7924 0.3080E-05 0.1000E+01
1325 0.4873E-02 0.2916E+04 0.1830E-01 0.3687E+02 0.7090E+06 0.2487E+01 14.539 0.7907 0.3045E-05 0.1000E+01
1330 0.4884E-02 0.2916E+04 0.1828E-01 0.3685E+02 0.7094E+06 0.2491E+01 14.538 0.7890 0.3010E-05 0.1000E+01
1335 0.4894E-02 0.2916E+04 0.1826E-01 0.3682E+02 0.7097E+06 0.2495E+01 14.536 0.7872 0.2976E-05 0.1000E+01
1340 0.4904E-02 0.2916E+04 0.1825E-01 0.3680E+02 0.7101E+06 0.2499E+01 14.535 0.7854 0.2942E-05 0.1000E+01
1345 0.4915E-02 0.2916E+04 0.1823E-01 0.3678E+02 0.7104E+06 0.2503E+01 14.533 0.7837 0.2908E-05 0.1000E+01
1350 0.4925E-02 0.2917E+04 0.1821E-01 0.3676E+02 0.7108E+06 0.2507E+01 14.532 0.7819 0.2875E-05 0.1000E+01
1355 0.4935E-02 0.2917E+04 0.1819E-01 0.3674E+02 0.7111E+06 0.2511E+01 14.530 0.7801 0.2842E-05 0.1000E+01
1360 0.4945E-02 0.2917E+04 0.1817E-01 0.3672E+02 0.7115E+06 0.2515E+01 14.529 0.7783 0.2809E-05 0.1000E+01
1365 0.4955E-02 0.2917E+04 0.1816E-01 0.3670E+02 0.7119E+06 0.2519E+01 14.527 0.7765 0.2777E-05 0.1000E+01
1370 0.4965E-02 0.2917E+04 0.1814E-01 0.3668E+02 0.7122E+06 0.2523E+01 14.526 0.7747 0.2745E-05 0.1000E+01
1375 0.4975E-02 0.2917E+04 0.1812E-01 0.3665E+02 0.7126E+06 0.2528E+01 14.524 0.7729 0.2714E-05 0.1000E+01
1380 0.4984E-02 0.2917E+04 0.1810E-01 0.3663E+02 0.7129E+06 0.2532E+01 14.523 0.7711 0.2683E-05 0.1000E+01
1385 0.4994E-02 0.2917E+04 0.1808E-01 0.3661E+02 0.7133E+06 0.2536E+01 14.521 0.7693 0.2652E-05 0.1000E+01
1390 0.5004E-02 0.2918E+04 0.1807E-01 0.3659E+02 0.7136E+06 0.2540E+01 14.520 0.7674 0.2622E-05 0.1000E+01
1395 0.5013E-02 0.2918E+04 0.1805E-01 0.3657E+02 0.7140E+06 0.2544E+01 14.518 0.7655 0.2592E-05 0.1000E+01
1400 0.5022E-02 0.2918E+04 0.1803E-01 0.3655E+02 0.7143E+06 0.2548E+01 14.517 0.7637 0.2562E-05 0.1000E+01
1405 0.5032E-02 0.2918E+04 0.1801E-01 0.3653E+02 0.7147E+06 0.2552E+01 14.515 0.7618 0.2533E-05 0.1000E+01
1410 0.5041E-02 0.2918E+04 0.1800E-01 0.3651E+02 0.7150E+06 0.2556E+01 14.514 0.7599 0.2504E-05 0.1000E+01
1415 0.5050E-02 0.2918E+04 0.1798E-01 0.3649E+02 0.7154E+06 0.2560E+01 14.512 0.7581 0.2475E-05 0.1000E+01
1420 0.5059E-02 0.2918E+04 0.1796E-01 0.3647E+02 0.7157E+06 0.2564E+01 14.511 0.7562 0.2447E-05 0.1000E+01
1425 0.5068E-02 0.2918E+04 0.1794E-01 0.3645E+02 0.7161E+06 0.2568E+01 14.509 0.7543 0.2419E-05 0.1000E+01
1430 0.5077E-02 0.2918E+04 0.1793E-01 0.3643E+02 0.7164E+06 0.2573E+01 14.508 0.7524 0.2391E-05 0.1000E+01
1435 0.5086E-02 0.2919E+04 0.1791E-01 0.3641E+02 0.7167E+06 0.2577E+01 14.506 0.7504 0.2364E-05 0.1000E+01
1440 0.5095E-02 0.2919E+04 0.1789E-01 0.3638E+02 0.7171E+06 0.2581E+01 14.505 0.7485 0.2337E-05 0.1000E+01
1445 0.5104E-02 0.2919E+04 0.1788E-01 0.3636E+02 0.7174E+06 0.2585E+01 14.503 0.7466 0.2310E-05 0.1000E+01
1450 0.5112E-02 0.2919E+04 0.1786E-01 0.3634E+02 0.7178E+06 0.2589E+01 14.502 0.7446 0.2284E-05 0.1000E+01
1455 0.5121E-02 0.2919E+04 0.1784E-01 0.3632E+02 0.7181E+06 0.2593E+01 14.500 0.7427 0.2258E-05 0.1000E+01
1460 0.5130E-02 0.2919E+04 0.1782E-01 0.3630E+02 0.7185E+06 0.2597E+01 14.499 0.7407 0.2232E-05 0.1000E+01
1465 0.5138E-02 0.2919E+04 0.1781E-01 0.3628E+02 0.7188E+06 0.2601E+01 14.498 0.7388 0.2206E-05 0.1000E+01
1470 0.5146E-02 0.2919E+04 0.1779E-01 0.3626E+02 0.7192E+06 0.2605E+01 14.496 0.7368 0.2181E-05 0.1000E+01
1475 0.5155E-02 0.2920E+04 0.1777E-01 0.3624E+02 0.7195E+06 0.2609E+01 14.495 0.7348 0.2156E-05 0.1000E+01
1480 0.5163E-02 0.2920E+04 0.1776E-01 0.3622E+02 0.7198E+06 0.2613E+01 14.493 0.7328 0.2131E-05 0.1000E+01
1485 0.5171E-02 0.2920E+04 0.1774E-01 0.3620E+02 0.7202E+06 0.2618E+01 14.492 0.7308 0.2107E-05 0.1000E+01
1490 0.5179E-02 0.2920E+04 0.1772E-01 0.3618E+02 0.7205E+06 0.2622E+01 14.490 0.7288 0.2083E-05 0.1000E+01
1495 0.5187E-02 0.2920E+04 0.1771E-01 0.3616E+02 0.7209E+06 0.2626E+01 14.489 0.7268 0.2059E-05 0.1000E+01
1500 0.5195E-02 0.2920E+04 0.1769E-01 0.3614E+02 0.7212E+06 0.2630E+01 14.487 0.7248 0.2035E-05 0.1000E+01
1505 0.5203E-02 0.2920E+04 0.1767E-01 0.3612E+02 0.7215E+06 0.2634E+01 14.486 0.7228 0.2012E-05 0.1000E+01
1510 0.5211E-02 0.2920E+04 0.1766E-01 0.3610E+02 0.7219E+06 0.2638E+01 14.485 0.7208 0.1989E-05 0.1000E+01
1515 0.5219E-02 0.2921E+04 0.1764E-01 0.3608E+02 0.7222E+06 0.2642E+01 14.483 0.7187 0.1966E-05 0.1000E+01
1520 0.5227E-02 0.2921E+04 0.1762E-01 0.3606E+02 0.7226E+06 0.2646E+01 14.482 0.7167 0.1944E-05 0.1000E+01
1525 0.5235E-02 0.2921E+04 0.1761E-01 0.3604E+02 0.7229E+06 0.2650E+01 14.480 0.7146 0.1922E-05 0.1000E+01
1530 0.5242E-02 0.2921E+04 0.1759E-01 0.3602E+02 0.7232E+06 0.2654E+01 14.479 0.7126 0.1900E-05 0.1000E+01
1535 0.5250E-02 0.2921E+04 0.1758E-01 0.3601E+02 0.7236E+06 0.2658E+01 14.477 0.7105 0.1878E-05 0.1000E+01
1540 0.5257E-02 0.2921E+04 0.1756E-01 0.3599E+02 0.7239E+06 0.2662E+01 14.476 0.7084 0.1856E-05 0.1000E+01
1545 0.5265E-02 0.2921E+04 0.1754E-01 0.3597E+02 0.7242E+06 0.2666E+01 14.475 0.7064 0.1835E-05 0.1000E+01
1550 0.5272E-02 0.2921E+04 0.1753E-01 0.3595E+02 0.7246E+06 0.2671E+01 14.473 0.7043 0.1814E-05 0.1000E+01
1555 0.5280E-02 0.2921E+04 0.1751E-01 0.3593E+02 0.7249E+06 0.2675E+01 14.472 0.7022 0.1793E-05 0.1000E+01
1560 0.5287E-02 0.2922E+04 0.1749E-01 0.3591E+02 0.7252E+06 0.2679E+01 14.470 0.7001 0.1773E-05 0.1000E+01
1565 0.5294E-02 0.2922E+04 0.1748E-01 0.3589E+02 0.7256E+06 0.2683E+01 14.469 0.6980 0.1753E-05 0.1000E+01
1570 0.5301E-02 0.2922E+04 0.1746E-01 0.3587E+02 0.7259E+06 0.2687E+01 14.467 0.6959 0.1733E-05 0.1000E+01
1575 0.5309E-02 0.2922E+04 0.1745E-01 0.3585E+02 0.7262E+06 0.2691E+01 14.466 0.6938 0.1713E-05 0.1000E+01
1580 0.5316E-02 0.2922E+04 0.1743E-01 0.3583E+02 0.7266E+06 0.2695E+01 14.465 0.6916 0.1693E-05 0.1000E+01
1585 0.5323E-02 0.2922E+04 0.1742E-01 0.3581E+02 0.7269E+06 0.2699E+01 14.463 0.6895 0.1674E-05 0.1000E+01
1590 0.5330E-02 0.2922E+04 0.1740E-01 0.3579E+02 0.7272E+06 0.2703E+01 14.462 0.6874 0.1655E-05 0.1000E+01
1595 0.5337E-02 0.2922E+04 0.1738E-01 0.3578E+02 0.7276E+06 0.2707E+01 14.461 0.6852 0.1636E-05 0.1000E+01
1600 0.5344E-02 0.2922E+04 0.1737E-01 0.3576E+02 0.7279E+06 0.2711E+01 14.459 0.6831 0.1617E-05 0.1000E+01
1605 0.5350E-02 0.2923E+04 0.1735E-01 0.3574E+02 0.7282E+06 0.2715E+01 14.458 0.6809 0.1598E-05 0.1000E+01
1610 0.5357E-02 0.2923E+04 0.1734E-01 0.3572E+02 0.7286E+06 0.2719E+01 14.456 0.6788 0.1580E-05 0.1000E+01
1615 0.5364E-02 0.2923E+04 0.1732E-01 0.3570E+02 0.7289E+06 0.2723E+01 14.455 0.6766 0.1562E-05 0.1000E+01
1620 0.5371E-02 0.2923E+04 0.1731E-01 0.3568E+02 0.7292E+06 0.2727E+01 14.454 0.6744 0.1544E-05 0.1000E+01
1625 0.5377E-02 0.2923E+04 0.1729E-01 0.3566E+02 0.7295E+06 0.2731E+01 14.452 0.6722 0.1527E-05 0.1000E+01
1630 0.5384E-02 0.2923E+04 0.1727E-01 0.3564E+02 0.7299E+06 0.2735E+01 14.451 0.6701 0.1509E-05 0.1000E+01
1635 0.5390E-02 0.2923E+04 0.1726E-01 0.3563E+02 0.7302E+06 0.2739E+01 14.450 0.6679 0.1492E-05 0.1000E+01
1640 0.5397E-02 0.2923E+04 0.1724E-01 0.3561E+02 0.7305E+06 0.2743E+01 14.448 0.6657 0.1475E-05 0.1000E+01
1645 0.5403E-02 0.2923E+04 0.1723E-01 0.3559E+02 0.7308E+06 0.2747E+01 14.447 0.6635 0.1458E-05 0.1000E+01
1650 0.5410E-02 0.2924E+04 0.1721E-01 0.3557E+02 0.7311E+06 0.2751E+01 14.445 0.6613 0.1441E-05 0.1000E+01
1655 0.5416E-02 0.2924E+04 0.1720E-01 0.3555E+02 0.7315E+06 0.2755E+01 14.444 0.6591 0.1425E-05 0.1000E+01
1660 0.5422E-02 0.2924E+04 0.1718E-01 0.3553E+02 0.7318E+06 0.2759E+01 14.443 0.6569 0.1408E-05 0.1000E+01
1665 0.5429E-02 0.2924E+04 0.1717E-01 0.3552E+02 0.7321E+06 0.2763E+01 14.441 0.6546 0.1392E-05 0.1000E+01
1670 0.5435E-02 0.2924E+04 0.1715E-01 0.3550E+02 0.7324E+06 0.2767E+01 14.440 0.6524 0.1376E-05 0.1000E+01
1675 0.5441E-02 0.2924E+04 0.1714E-01 0.3548E+02 0.7328E+06 0.2771E+01 14.439 0.6502 0.1361E-05 0.1000E+01
1680 0.5447E-02 0.2924E+04 0.1712E-01 0.3546E+02 0.7331E+06 0.2775E+01 14.437 0.6480 0.1345E-05 0.1000E+01
1685 0.5453E-02 0.2924E+04 0.1711E-01 0.3544E+02 0.7334E+06 0.2779E+01 14.436 0.6457 0.1330E-05 0.1000E+01
1690 0.5459E-02 0.2924E+04 0.1709E-01 0.3543E+02 0.7337E+06 0.2783E+01 14.435 0.6435 0.1314E-05 0.1000E+01
1695 0.5465E-02 0.2924E+04 0.1708E-01 0.3541E+02 0.7340E+06 0.2787E+01 14.433 0.6412 0.1299E-05 0.1000E+01
1700 0.5471E-02 0.2925E+04 0.1706E-01 0.3539E+02 0.7343E+06 0.2791E+01 14.432 0.6390 0.1284E-05 0.1000E+01
1705 0.5477E-02 0.2925E+04 0.1705E-01 0.3537E+02 0.7347E+06 0.2795E+01 14.431 0.6367 0.1270E-05 0.1000E+01
1710 0.5483E-02 0.2925E+04 0.1703E-01 0.3535E+02 0.7350E+06 0.2799E+01 14.429 0.6345 0.1255E-05 0.1000E+01
1715 0.5489E-02 0.2925E+04 0.1702E-01 0.3534E+02 0.7353E+06 0.2803E+01 14.428 0.6322 0.1241E-05 0.1000E+01
1720 0.5494E-02 0.2925E+04 0.1700E-01 0.3532E+02 0.7356E+06 0.2807E+01 14.427 0.6300 0.1227E-05 0.1000E+01
1725 0.5500E-02 0.2925E+04 0.1699E-01 0.3530E+02 0.7359E+06 0.2811E+01 14.425 0.6277 0.1213E-05 0.1000E+01
1730 0.5506E-02 0.2925E+04 0.1698E-01 0.3528E+02 0.7362E+06 0.2815E+01 14.424 0.6254 0.1199E-05 0.1000E+01
1735 0.5512E-02 0.2925E+04 0.1696E-01 0.3527E+02 0.7365E+06 0.2819E+01 14.423 0.6232 0.1185E-05 0.1000E+01
1740 0.5517E-02 0.2925E+04 0.1695E-01 0.3525E+02 0.7369E+06 0.2823E+01 14.421 0.6209 0.1172E-05 0.1000E+01
1745 0.5523E-02 0.2925E+04 0.1693E-01 0.3523E+02 0.7372E+06 0.2827E+01 14.420 0.6186 0.1158E-05 0.1000E+01
1750 0.5528E-02 0.2926E+04 0.1692E-01 0.3521E+02 0.7375E+06 0.2831E+01 14.419 0.6163 0.1145E-05 0.1000E+01
1755 0.5534E-02 0.2926E+04 0.1690E-01 0.3520E+02 0.7378E+06 0.2835E+01 14.418 0.6140 0.1132E-05 0.1000E+01
1760 0.5539E-02 0.2926E+04 0.1689E-01 0.3518E+02 0.7381E+06 0.2839E+01 14.416 0.6117 0.1119E-05 0.1000E+01
1765 0.5545E-02 0.2926E+04 0.1687E-01 0.3516E+02 0.7384E+06 0.2843E+01 14.415 0.6094 0.1106E-05 0.1000E+01
1770 0.5550E-02 0.2926E+04 0.1686E-01 0.3514E+02 0.7387E+06 0.2847E+01 14.414 0.6071 0.1093E-05 0.1000E+01
1775 0.5555E-02 0.2926E+04 0.1685E-01 0.3513E+02 0.7390E+06 0.2851E+01 14.412 0.6048 0.1081E-05 0.1000E+01
1780 0.5561E-02 0.2926E+04 0.1683E-01 0.3511E+02 0.7393E+06 0.2855E+01 14.411 0.6025 0.1068E-05 0.1000E+01
1785 0.5566E-02 0.2926E+04 0.1682E-01 0.3509E+02 0.7396E+06 0.2859E+01 14.410 0.6002 0.1056E-05 0.1000E+01
1790 0.5571E-02 0.2926E+04 0.1680E-01 0.3508E+02 0.7400E+06 0.2863E+01 14.409 0.5979 0.1044E-05 0.1000E+01
1795 0.5576E-02 0.2926E+04 0.1679E-01 0.3506E+02 0.7403E+06 0.2867E+01 14.407 0.5956 0.1032E-05 0.1000E+01
1800 0.5582E-02 0.2927E+04 0.1678E-01 0.3504E+02 0.7406E+06 0.2871E+01 14.406 0.5933 0.1020E-05 0.1000E+01
1805 0.5587E-02 0.2927E+04 0.1676E-01 0.3503E+02 0.7409E+06 0.2874E+01 14.405 0.5910 0.1009E-05 0.1000E+01
1810 0.5592E-02 0.2927E+04 0.1675E-01 0.3501E+02 0.7412E+06 0.2878E+01 14.404 0.5886 0.9972E-06 0.1000E+01
1815 0.5612E-02 0.2927E+04 0.1669E-01 0.3494E+02 0.7424E+06 0.2894E+01 14.398 0.5795 0.9523E-06 0.1000E+01
1820 0.5656E-02 0.2928E+04 0.1657E-01 0.3479E+02 0.7451E+06 0.2930E+01 14.387 0.5591 0.8582E-06 0.1000E+01
1825 0.5719E-02 0.2929E+04 0.1638E-01 0.3456E+02 0.7493E+06 0.2984E+01 14.370 0.5276 0.7306E-06 0.1000E+01
1830 0.5785E-02 0.2931E+04 0.1618E-01 0.3432E+02 0.7539E+06 0.3046E+01 14.351 0.4913 0.6079E-06 0.1000E+01
1835 0.5847E-02 0.2932E+04 0.1598E-01 0.3407E+02 0.7585E+06 0.3108E+01 14.332 0.4535 0.5016E-06 0.1000E+01
1840 0.5906E-02 0.2933E+04 0.1578E-01 0.3383E+02 0.7631E+06 0.3171E+01 14.313 0.4147 0.4101E-06 0.1000E+01
1845 0.5963E-02 0.2934E+04 0.1557E-01 0.3359E+02 0.7677E+06 0.3236E+01 14.294 0.3754 0.3316E-06 0.1000E+01
1850 0.6017E-02 0.2934E+04 0.1536E-01 0.3336E+02 0.7724E+06 0.3302E+01 14.276 0.3356 0.2650E-06 0.1000E+01
1855 0.6069E-02 0.2935E+04 0.1515E-01 0.3312E+02 0.7771E+06 0.3369E+01 14.257 0.2960 0.2090E-06 0.1000E+01
1860 0.6119E-02 0.2935E+04 0.1495E-01 0.3289E+02 0.7818E+06 0.3438E+01 14.238 0.2571 0.1625E-06 0.1000E+01
1865 0.6168E-02 0.2936E+04 0.1476E-01 0.3266E+02 0.7865E+06 0.3508E+01 14.219 0.2196 0.1242E-06 0.1000E+01
1870 0.6215E-02 0.2937E+04 0.1456E-01 0.3243E+02 0.7912E+06 0.3579E+01 14.200 0.1839 0.9318E-07 0.1000E+01
1875 0.6261E-02 0.2937E+04 0.1437E-01 0.3220E+02 0.7960E+06 0.3651E+01 14.182 0.1508 0.6843E-07 0.1000E+01
1880 0.6306E-02 0.2938E+04 0.1419E-01 0.3198E+02 0.8007E+06 0.3725E+01 14.163 0.1205 0.4903E-07 0.1000E+01
1885 0.6351E-02 0.2939E+04 0.1401E-01 0.3175E+02 0.8055E+06 0.3801E+01 14.144 0.0937 0.3415E-07 0.1000E+01
1890 0.6396E-02 0.2940E+04 0.1383E-01 0.3153E+02 0.8103E+06 0.3878E+01 14.125 0.0705 0.2304E-07 0.1000E+01
1895 0.6440E-02 0.2940E+04 0.1365E-01 0.3131E+02 0.8152E+06 0.3957E+01 14.107 0.0511 0.1499E-07 0.1000E+01
1900 0.6484E-02 0.2941E+04 0.1348E-01 0.3109E+02 0.8201E+06 0.4037E+01 14.088 0.0355 0.9352E-08 0.1000E+01
1905 0.6529E-02 0.2942E+04 0.1330E-01 0.3088E+02 0.8250E+06 0.4119E+01 14.069 0.0236 0.5566E-08 0.1000E+01
1910 0.6574E-02 0.2943E+04 0.1314E-01 0.3066E+02 0.8299E+06 0.4203E+01 14.050 0.0148 0.3138E-08 0.1000E+01
1915 0.6620E-02 0.2944E+04 0.1297E-01 0.3045E+02 0.8349E+06 0.4289E+01 14.031 0.0088 0.1664E-08 0.1000E+01
1920 0.6666E-02 0.2945E+04 0.1281E-01 0.3023E+02 0.8398E+06 0.4376E+01 14.013 0.0048 0.8248E-09 0.1000E+01
1925 0.6713E-02 0.2946E+04 0.1265E-01 0.3002E+02 0.8449E+06 0.4465E+01 13.994 0.0025 0.3789E-09 0.1000E+01
1930 0.6761E-02 0.2947E+04 0.1249E-01 0.2981E+02 0.8499E+06 0.4556E+01 13.975 0.0012 0.1601E-09 0.1000E+01
1935 0.6810E-02 0.2948E+04 0.1233E-01 0.2960E+02 0.8551E+06 0.4650E+01 13.956 0.0005 0.6163E-10 0.1000E+01
1940 0.6860E-02 0.2949E+04 0.1217E-01 0.2940E+02 0.8602E+06 0.4746E+01 13.936 0.0002 0.2144E-10 0.1000E+01
1945 0.6911E-02 0.2950E+04 0.1202E-01 0.2919E+02 0.8653E+06 0.4843E+01 13.917 0.0001 0.6682E-11 0.1000E+01
1950 0.6963E-02 0.2951E+04 0.1187E-01 0.2898E+02 0.8705E+06 0.4943E+01 13.898 0.0000 0.1849E-11 0.1000E+01
1955 0.7016E-02 0.2953E+04 0.1173E-01 0.2878E+02 0.8757E+06 0.5045E+01 13.879 0.0000 0.4501E-12 0.1000E+01
1960 0.7070E-02 0.2954E+04 0.1158E-01 0.2858E+02 0.8810E+06 0.5150E+01 13.860 0.0000 0.9556E-13 0.1000E+01
1965 0.7126E-02 0.2954E+04 0.1141E-01 0.2838E+02 0.8863E+06 0.5256E+01 13.841 0.0000 0.1756E-13 0.1000E+01
1970 0.7183E-02 0.2954E+04 0.1125E-01 0.2818E+02 0.8916E+06 0.5365E+01 13.821 0.0000 0.2774E-14 0.1000E+01
1975 0.7240E-02 0.2954E+04 0.1110E-01 0.2798E+02 0.8969E+06 0.5475E+01 13.802 0.0000 0.3750E-15 0.1000E+01
1980 0.7300E-02 0.2954E+04 0.1094E-01 0.2778E+02 0.9023E+06 0.5589E+01 13.783 0.0000 0.4316E-16 0.1000E+01
1985 0.7360E-02 0.2953E+04 0.1078E-01 0.2759E+02 0.9077E+06 0.5705E+01 13.764 0.0000 0.4263E-17 0.1000E+01
1990 0.7421E-02 0.2953E+04 0.1064E-01 0.2740E+02 0.9129E+06 0.5818E+01 13.745 0.0000 0.3665E-18 0.1000E+01
1995 0.7483E-02 0.2953E+04 0.1049E-01 0.2721E+02 0.9183E+06 0.5938E+01 13.726 0.0000 0.2661E-19 0.1000E+01
2000 0.7548E-02 0.2953E+04 0.1034E-01 0.2702E+02 0.9238E+06 0.6062E+01 13.706 0.0000 0.1653E-20 0.1000E+01
2005 0.7614E-02 0.2953E+04 0.1019E-01 0.2683E+02 0.9294E+06 0.6189E+01 13.687 0.0000 0.8953E-22 0.1000E+01
2010 0.7682E-02 0.2953E+04 0.1005E-01 0.2663E+02 0.9350E+06 0.6320E+01 13.667 0.0000 0.4285E-23 0.1000E+01
2015 0.7751E-02 0.2953E+04 0.9903E-02 0.2645E+02 0.9406E+06 0.6453E+01 13.648 0.0000 0.1844E-24 0.1000E+01
2020 0.7822E-02 0.2953E+04 0.9762E-02 0.2626E+02 0.9462E+06 0.6589E+01 13.628 0.0000 0.7266E-26 0.1000E+01
2025 0.7894E-02 0.2953E+04 0.9622E-02 0.2607E+02 0.9519E+06 0.6728E+01 13.608 0.0000 0.2672E-27 0.1000E+01
2030 0.7968E-02 0.2953E+04 0.9484E-02 0.2589E+02 0.9576E+06 0.6870E+01 13.589 0.0000 0.9916E-29 0.1000E+01
2035 0.8044E-02 0.2952E+04 0.9347E-02 0.2570E+02 0.9633E+06 0.7015E+01 13.569 0.0000 0.7819E-30 0.1000E+01
2040 0.8122E-02 0.2952E+04 0.9215E-02 0.2552E+02 0.9691E+06 0.7164E+01 13.549 0.0000 0.2894E-30 0.1000E+01
2045 0.8201E-02 0.2952E+04 0.9083E-02 0.2534E+02 0.9749E+06 0.7317E+01 13.529 0.0000 0.1852E-30 0.1000E+01
2050 0.8282E-02 0.2952E+04 0.8955E-02 0.2515E+02 0.9808E+06 0.7473E+01 13.509 0.0000 0.1397E-30 0.1000E+01
2055 0.8365E-02 0.2952E+04 0.8827E-02 0.2497E+02 0.9867E+06 0.7632E+01 13.489 0.0000 0.1133E-30 0.1000E+01
2060 0.8450E-02 0.2952E+04 0.8701E-02 0.2480E+02 0.9926E+06 0.7795E+01 13.469 0.0000 0.9580E-31 0.1000E+01
2065 0.8537E-02 0.2952E+04 0.8577E-02 0.2462E+02 0.9985E+06 0.7962E+01 13.449 0.0000 0.8306E-31 0.1000E+01
2070 0.8626E-02 0.2952E+04 0.8454E-02 0.2444E+02 0.1005E+07 0.8133E+01 13.429 0.0000 0.7327E-31 0.1000E+01
2075 0.8717E-02 0.2952E+04 0.8332E-02 0.2426E+02 0.1011E+07 0.8308E+01 13.409 0.0000 0.6543E-31 0.1000E+01
2080 0.8810E-02 0.2952E+04 0.8212E-02 0.2409E+02 0.1017E+07 0.8487E+01 13.389 0.0000 0.5898E-31 0.1000E+01
2085 0.8905E-02 0.2952E+04 0.8093E-02 0.2392E+02 0.1023E+07 0.8671E+01 13.368 0.0000 0.5356E-31 0.1000E+01
2090 0.9003E-02 0.2952E+04 0.7976E-02 0.2374E+02 0.1029E+07 0.8859E+01 13.348 0.0000 0.4890E-31 0.1000E+01
2095 0.9103E-02 0.2952E+04 0.7859E-02 0.2357E+02 0.1035E+07 0.9052E+01 13.328 0.0000 0.4486E-31 0.1000E+01
2100 0.9205E-02 0.2952E+04 0.7745E-02 0.2340E+02 0.1041E+07 0.9249E+01 13.307 0.0000 0.4132E-31 0.1000E+01
2105 0.9310E-02 0.2952E+04 0.7631E-02 0.2323E+02 0.1048E+07 0.9451E+01 13.287 0.0000 0.3817E-31 0.1000E+01
2110 0.9417E-02 0.2952E+04 0.7519E-02 0.2306E+02 0.1054E+07 0.9658E+01 13.266 0.0000 0.3536E-31 0.1000E+01
2115 0.9526E-02 0.2952E+04 0.7409E-02 0.2289E+02 0.1060E+07 0.9870E+01 13.246 0.0000 0.3282E-31 0.1000E+01
2120 0.9638E-02 0.2952E+04 0.7299E-02 0.2272E+02 0.1067E+07 0.1009E+02 13.225 0.0000 0.3053E-31 0.1000E+01
2125 0.9753E-02 0.2952E+04 0.7191E-02 0.2256E+02 0.1073E+07 0.1031E+02 13.204 0.0000 0.2845E-31 0.1000E+01
2130 0.9870E-02 0.2951E+04 0.7085E-02 0.2239E+02 0.1080E+07 0.1054E+02 13.183 0.0000 0.2655E-31 0.1000E+01
2135 0.9991E-02 0.2951E+04 0.6979E-02 0.2223E+02 0.1086E+07 0.1077E+02 13.163 0.0000 0.2480E-31 0.1000E+01
2140 0.1011E-01 0.2951E+04 0.6875E-02 0.2206E+02 0.1092E+07 0.1101E+02 13.142 0.0000 0.2319E-31 0.1000E+01
2145 0.1024E-01 0.2951E+04 0.6772E-02 0.2190E+02 0.1099E+07 0.1125E+02 13.121 0.0000 0.2171E-31 0.1000E+01
2150 0.1037E-01 0.2951E+04 0.6671E-02 0.2174E+02 0.1106E+07 0.1150E+02 13.100 0.0000 0.2035E-31 0.1000E+01
2155 0.1050E-01 0.2950E+04 0.6571E-02 0.2158E+02 0.1112E+07 0.1176E+02 13.079 0.0000 0.1908E-31 0.1000E+01
2160 0.1064E-01 0.2950E+04 0.6472E-02 0.2142E+02 0.1119E+07 0.1202E+02 13.058 0.0000 0.1790E-31 0.1000E+01
2165 0.1077E-01 0.2950E+04 0.6373E-02 0.2126E+02 0.1126E+07 0.1229E+02 13.037 0.0000 0.1681E-31 0.1000E+01
2170 0.1092E-01 0.2949E+04 0.6277E-02 0.2110E+02 0.1132E+07 0.1256E+02 13.015 0.0000 0.1579E-31 0.1000E+01
2175 0.1106E-01 0.2949E+04 0.6182E-02 0.2095E+02 0.1139E+07 0.1285E+02 12.994 0.0000 0.1485E-31 0.1000E+01
2180 0.1121E-01 0.2949E+04 0.6088E-02 0.2079E+02 0.1146E+07 0.1313E+02 12.973 0.0000 0.1396E-31 0.1000E+01
2185 0.1136E-01 0.2948E+04 0.5996E-02 0.2064E+02 0.1153E+07 0.1343E+02 12.952 0.0000 0.1314E-31 0.1000E+01
2190 0.1152E-01 0.2948E+04 0.5904E-02 0.2049E+02 0.1160E+07 0.1373E+02 12.930 0.0000 0.1237E-31 0.1000E+01
2195 0.1168E-01 0.2948E+04 0.5814E-02 0.2033E+02 0.1167E+07 0.1404E+02 12.909 0.0000 0.1164E-31 0.1000E+01
2200 0.1184E-01 0.2947E+04 0.5725E-02 0.2018E+02 0.1173E+07 0.1436E+02 12.888 0.0000 0.1097E-31 0.1000E+01
2205 0.1201E-01 0.2947E+04 0.5637E-02 0.2003E+02 0.1180E+07 0.1468E+02 12.866 0.0000 0.1033E-31 0.1000E+01
2210 0.1218E-01 0.2947E+04 0.5551E-02 0.1988E+02 0.1187E+07 0.1502E+02 12.845 0.0000 0.9738E-32 0.1000E+01
2215 0.1235E-01 0.2946E+04 0.5466E-02 0.1973E+02 0.1194E+07 0.1536E+02 12.823 0.0000 0.9179E-32 0.1000E+01
2220 0.1253E-01 0.2946E+04 0.5383E-02 0.1959E+02 0.1202E+07 0.1570E+02 12.802 0.0000 0.8655E-32 0.1000E+01
2225 0.1271E-01 0.2946E+04 0.5301E-02 0.1944E+02 0.1209E+07 0.1606E+02 12.780 0.0000 0.8163E-32 0.1000E+01
2230 0.1290E-01 0.2946E+04 0.5221E-02 0.1930E+02 0.1216E+07 0.1642E+02 12.758 0.0000 0.7701E-32 0.1000E+01
2235 0.1309E-01 0.2945E+04 0.5141E-02 0.1915E+02 0.1223E+07 0.1680E+02 12.737 0.0000 0.7267E-32 0.1000E+01
2240 0.1329E-01 0.2945E+04 0.5063E-02 0.1901E+02 0.1230E+07 0.1718E+02 12.715 0.0000 0.6858E-32 0.1000E+01
2245 0.1349E-01 0.2945E+04 0.4985E-02 0.1887E+02 0.1237E+07 0.1757E+02 12.693 0.0000 0.6474E-32 0.1000E+01
2250 0.1369E-01 0.2944E+04 0.4908E-02 0.1872E+02 0.1245E+07 0.1798E+02 12.671 0.0000 0.6111E-32 0.1000E+01
2255 0.1390E-01 0.2944E+04 0.4832E-02 0.1858E+02 0.1252E+07 0.1839E+02 12.649 0.0000 0.5770E-32 0.1000E+01
2260 0.1412E-01 0.2944E+04 0.4757E-02 0.1844E+02 0.1259E+07 0.1881E+02 12.627 0.0000 0.5449E-32 0.1000E+01
2265 0.1434E-01 0.2943E+04 0.4683E-02 0.1830E+02 0.1267E+07 0.1924E+02 12.605 0.0000 0.5147E-32 0.1000E+01
2270 0.1457E-01 0.2943E+04 0.4610E-02 0.1817E+02 0.1274E+07 0.1968E+02 12.583 0.0000 0.4862E-32 0.1000E+01
2275 0.1480E-01 0.2942E+04 0.4538E-02 0.1803E+02 0.1281E+07 0.2013E+02 12.561 0.0000 0.4594E-32 0.1000E+01
2280 0.1503E-01 0.2942E+04 0.4466E-02 0.1789E+02 0.1289E+07 0.2060E+02 12.539 0.0000 0.4341E-32 0.1000E+01
2285 0.1528E-01 0.2941E+04 0.4393E-02 0.1776E+02 0.1296E+07 0.2107E+02 12.517 0.0000 0.4102E-32 0.1000E+01
2290 0.1553E-01 0.2940E+04 0.4322E-02 0.1763E+02 0.1304E+07 0.2156E+02 12.495 0.0000 0.3877E-32 0.1000E+01
2295 0.1578E-01 0.2939E+04 0.4252E-02 0.1749E+02 0.1311E+07 0.2205E+02 12.473 0.0000 0.3665E-32 0.1000E+01
2300 0.1604E-01 0.2938E+04 0.4183E-02 0.1736E+02 0.1319E+07 0.2256E+02 12.450 0.0000 0.3465E-32 0.1000E+01
2305 0.1631E-01 0.2937E+04 0.4113E-02 0.1723E+02 0.1326E+07 0.2308E+02 12.428 0.0000 0.3277E-32 0.1000E+01
2310 0.1658E-01 0.2935E+04 0.4043E-02 0.1710E+02 0.1334E+07 0.2361E+02 12.406 0.0000 0.3099E-32 0.1000E+01
2315 0.1686E-01 0.2934E+04 0.3975E-02 0.1697E+02 0.1341E+07 0.2416E+02 12.383 0.0000 0.2931E-32 0.1000E+01
2320 0.1715E-01 0.2933E+04 0.3907E-02 0.1684E+02 0.1349E+07 0.2472E+02 12.361 0.0000 0.2772E-32 0.1000E+01
2325 0.1744E-01 0.2931E+04 0.3841E-02 0.1671E+02 0.1356E+07 0.2529E+02 12.338 0.0000 0.2622E-32 0.1000E+01
2330 0.1775E-01 0.2930E+04 0.3775E-02 0.1659E+02 0.1364E+07 0.2587E+02 12.316 0.0000 0.2481E-32 0.1000E+01
2335 0.1806E-01 0.2928E+04 0.3710E-02 0.1646E+02 0.1372E+07 0.2647E+02 12.293 0.0000 0.2347E-32 0.1000E+01
2340 0.1837E-01 0.2927E+04 0.3646E-02 0.1634E+02 0.1379E+07 0.2708E+02 12.270 0.0000 0.2220E-32 0.1000E+01
2345 0.1870E-01 0.2925E+04 0.3583E-02 0.1621E+02 0.1387E+07 0.2771E+02 12.247 0.0000 0.2101E-32 0.1000E+01
2350 0.1904E-01 0.2923E+04 0.3521E-02 0.1609E+02 0.1395E+07 0.2836E+02 12.225 0.0000 0.1988E-32 0.1000E+01
2355 0.1938E-01 0.2922E+04 0.3460E-02 0.1597E+02 0.1402E+07 0.2902E+02 12.202 0.0000 0.1881E-32 0.1000E+01
2360 0.1974E-01 0.2920E+04 0.3399E-02 0.1584E+02 0.1410E+07 0.2970E+02 12.179 0.0000 0.1781E-32 0.1000E+01
2365 0.2010E-01 0.2918E+04 0.3340E-02 0.1572E+02 0.1418E+07 0.3039E+02 12.156 0.0000 0.1685E-32 0.1000E+01
2370 0.2047E-01 0.2917E+04 0.3281E-02 0.1560E+02 0.1425E+07 0.3110E+02 12.132 0.0000 0.1595E-32 0.1000E+01
2375 0.2086E-01 0.2915E+04 0.3223E-02 0.1548E+02 0.1433E+07 0.3183E+02 12.109 0.0000 0.1510E-32 0.1000E+01
2380 0.2125E-01 0.2913E+04 0.3167E-02 0.1536E+02 0.1441E+07 0.3258E+02 12.086 0.0000 0.1429E-32 0.1000E+01
2385 0.2165E-01 0.2912E+04 0.3111E-02 0.1525E+02 0.1449E+07 0.3335E+02 12.062 0.0000 0.1353E-32 0.1000E+01
2390 0.2207E-01 0.2910E+04 0.3057E-02 0.1513E+02 0.1456E+07 0.3413E+02 12.039 0.0000 0.1282E-32 0.1000E+01
2395 0.2250E-01 0.2908E+04 0.3003E-02 0.1501E+02 0.1464E+07 0.3493E+02 12.015 0.0000 0.1214E-32 0.1000E+01
2400 0.2293E-01 0.2907E+04 0.2950E-02 0.1489E+02 0.1472E+07 0.3576E+02 11.992 0.0000 0.1149E-32 0.1000E+01
2405 0.2338E-01 0.2905E+04 0.2897E-02 0.1478E+02 0.1480E+07 0.3661E+02 11.968 0.0000 0.1089E-32 0.1000E+01
2410 0.2384E-01 0.2903E+04 0.2845E-02 0.1466E+02 0.1488E+07 0.3747E+02 11.944 0.0000 0.1031E-32 0.1000E+01
2415 0.2432E-01 0.2901E+04 0.2794E-02 0.1455E+02 0.1495E+07 0.3836E+02 11.920 0.0000 0.9772E-33 0.1000E+01
2420 0.2481E-01 0.2899E+04 0.2744E-02 0.1444E+02 0.1503E+07 0.3927E+02 11.896 0.0000 0.9260E-33 0.1000E+01
2425 0.2530E-01 0.2898E+04 0.2694E-02 0.1433E+02 0.1511E+07 0.4020E+02 11.872 0.0000 0.8777E-33 0.1000E+01
2430 0.2581E-01 0.2896E+04 0.2646E-02 0.1422E+02 0.1518E+07 0.4115E+02 11.848 0.0000 0.8323E-33 0.1000E+01
2435 0.2633E-01 0.2894E+04 0.2598E-02 0.1411E+02 0.1526E+07 0.4211E+02 11.824 0.0000 0.7896E-33 0.1000E+01
2440 0.2686E-01 0.2892E+04 0.2551E-02 0.1400E+02 0.1534E+07 0.4309E+02 11.800 0.0000 0.7494E-33 0.1000E+01
2445 0.2741E-01 0.2889E+04 0.2505E-02 0.1389E+02 0.1541E+07 0.4409E+02 11.777 0.0000 0.7115E-33 0.1000E+01
2450 0.2796E-01 0.2887E+04 0.2460E-02 0.1379E+02 0.1548E+07 0.4511E+02 11.753 0.0000 0.6759E-33 0.1000E+01
2455 0.2853E-01 0.2885E+04 0.2416E-02 0.1368E+02 0.1556E+07 0.4615E+02 11.729 0.0000 0.6423E-33 0.1000E+01
2460 0.2910E-01 0.2883E+04 0.2373E-02 0.1358E+02 0.1563E+07 0.4721E+02 11.706 0.0000 0.6106E-33 0.1000E+01
2465 0.2969E-01 0.2881E+04 0.2330E-02 0.1348E+02 0.1570E+07 0.4829E+02 11.682 0.0000 0.5807E-33 0.1000E+01
2470 0.3030E-01 0.2878E+04 0.2288E-02 0.1338E+02 0.1577E+07 0.4938E+02 11.658 0.0000 0.5525E-33 0.1000E+01
2475 0.3091E-01 0.2876E+04 0.2247E-02 0.1328E+02 0.1584E+07 0.5050E+02 11.635 0.0000 0.5258E-33 0.1000E+01
2480 0.3154E-01 0.2874E+04 0.2207E-02 0.1318E+02 0.1592E+07 0.5164E+02 11.611 0.0000 0.5007E-33 0.1000E+01
2485 0.3218E-01 0.2871E+04 0.2167E-02 0.1308E+02 0.1598E+07 0.5280E+02 11.588 0.0000 0.4769E-33 0.1000E+01
2490 0.3284E-01 0.2869E+04 0.2128E-02 0.1299E+02 0.1605E+07 0.5397E+02 11.564 0.0000 0.4544E-33 0.1000E+01
2495 0.3351E-01 0.2866E+04 0.2090E-02 0.1289E+02 0.1612E+07 0.5517E+02 11.541 0.0000 0.4333E-33 0.1000E+01
2500 0.3419E-01 0.2864E+04 0.2053E-02 0.1280E+02 0.1619E+07 0.5639E+02 11.518 0.0000 0.4132E-33 0.1000E+01
2505 0.3488E-01 0.2861E+04 0.2016E-02 0.1271E+02 0.1626E+07 0.5762E+02 11.494 0.0000 0.3943E-33 0.1000E+01
2510 0.3559E-01 0.2858E+04 0.1979E-02 0.1262E+02 0.1632E+07 0.5888E+02 11.471 0.0000 0.3764E-33 0.1000E+01
2515 0.3631E-01 0.2856E+04 0.1943E-02 0.1253E+02 0.1639E+07 0.6015E+02 11.448 0.0000 0.3595E-33 0.1000E+01
2520 0.3705E-01 0.2853E+04 0.1908E-02 0.1244E+02 0.1645E+07 0.6145E+02 11.425 0.0000 0.3435E-33 0.1000E+01
2525 0.3780E-01 0.2850E+04 0.1873E-02 0.1235E+02 0.1651E+07 0.6276E+02 11.402 0.0000 0.3284E-33 0.1000E+01
2530 0.3856E-01 0.2847E+04 0.1840E-02 0.1227E+02 0.1657E+07 0.6410E+02 11.379 0.0000 0.3140E-33 0.1000E+01
2535 0.3934E-01 0.2844E+04 0.1807E-02 0.1218E+02 0.1663E+07 0.6545E+02 11.357 0.0000 0.3005E-33 0.1000E+01
2540 0.4013E-01 0.2840E+04 0.1774E-02 0.1210E+02 0.1669E+07 0.6681E+02 11.334 0.0000 0.2877E-33 0.1000E+01
2545 0.4094E-01 0.2837E+04 0.1742E-02 0.1201E+02 0.1675E+07 0.6820E+02 11.311 0.0000 0.2756E-33 0.1000E+01
2550 0.4175E-01 0.2834E+04 0.1711E-02 0.1193E+02 0.1681E+07 0.6960E+02 11.289 0.0001 0.2641E-33 0.1000E+01
2555 0.4259E-01 0.2831E+04 0.1681E-02 0.1185E+02 0.1687E+07 0.7102E+02 11.266 0.0001 0.2532E-33 0.1000E+01
2560 0.4343E-01 0.2828E+04 0.1651E-02 0.1177E+02 0.1692E+07 0.7246E+02 11.244 0.0001 0.2428E-33 0.1000E+01
2565 0.4430E-01 0.2824E+04 0.1622E-02 0.1170E+02 0.1698E+07 0.7392E+02 11.222 0.0001 0.2331E-33 0.1000E+01
2570 0.4517E-01 0.2821E+04 0.1593E-02 0.1162E+02 0.1703E+07 0.7540E+02 11.200 0.0001 0.2238E-33 0.1000E+01
2575 0.4606E-01 0.2818E+04 0.1565E-02 0.1154E+02 0.1708E+07 0.7689E+02 11.178 0.0001 0.2149E-33 0.1000E+01
2580 0.4697E-01 0.2815E+04 0.1537E-02 0.1147E+02 0.1713E+07 0.7841E+02 11.156 0.0001 0.2065E-33 0.1000E+01
2585 0.4790E-01 0.2811E+04 0.1510E-02 0.1139E+02 0.1718E+07 0.7995E+02 11.134 0.0001 0.1986E-33 0.1000E+01
2590 0.4884E-01 0.2808E+04 0.1484E-02 0.1132E+02 0.1723E+07 0.8150E+02 11.112 0.0001 0.1910E-33 0.1000E+01
2595 0.4979E-01 0.2804E+04 0.1458E-02 0.1125E+02 0.1728E+07 0.8308E+02 11.090 0.0001 0.1837E-33 0.1000E+01
2597 0.5000E-01 0.2804E+04 0.1452E-02 0.1123E+02 0.1729E+07 0.8342E+02 11.086 0.0001 0.1822E-33 0.1000E+01
2600 0.5058E-01 0.2801E+04 0.1435E-02 0.1119E+02 0.1732E+07 0.8446E+02 11.072 0.0001 0.1781E-33 0.9999E+00
2605 0.5157E-01 0.2798E+04 0.1410E-02 0.1112E+02 0.1737E+07 0.8608E+02 11.050 0.0001 0.1715E-33 0.9999E+00
2610 0.5258E-01 0.2794E+04 0.1386E-02 0.1105E+02 0.1741E+07 0.8771E+02 11.028 0.0001 0.1651E-33 0.9999E+00
2615 0.5361E-01 0.2791E+04 0.1361E-02 0.1098E+02 0.1746E+07 0.8936E+02 11.007 0.0001 0.1591E-33 0.9999E+00
2620 0.5465E-01 0.2787E+04 0.1338E-02 0.1091E+02 0.1750E+07 0.9104E+02 10.985 0.0001 0.1534E-33 0.9999E+00
2625 0.5571E-01 0.2783E+04 0.1314E-02 0.1085E+02 0.1754E+07 0.9274E+02 10.964 0.0001 0.1479E-33 0.9999E+00
2630 0.5679E-01 0.2779E+04 0.1291E-02 0.1078E+02 0.1758E+07 0.9445E+02 10.942 0.0001 0.1427E-33 0.9999E+00
2635 0.5788E-01 0.2776E+04 0.1269E-02 0.1071E+02 0.1762E+07 0.9618E+02 10.921 0.0002 0.1377E-33 0.9999E+00
2640 0.5899E-01 0.2772E+04 0.1247E-02 0.1065E+02 0.1766E+07 0.9792E+02 10.900 0.0002 0.1330E-33 0.9999E+00
2645 0.6012E-01 0.2768E+04 0.1226E-02 0.1059E+02 0.1770E+07 0.9968E+02 10.879 0.0002 0.1285E-33 0.9999E+00
2650 0.6126E-01 0.2764E+04 0.1204E-02 0.1052E+02 0.1773E+07 0.1015E+03 10.858 0.0002 0.1242E-33 0.9998E+00
2655 0.6242E-01 0.2760E+04 0.1184E-02 0.1046E+02 0.1777E+07 0.1033E+03 10.837 0.0002 0.1201E-33 0.9998E+00
2660 0.6360E-01 0.2756E+04 0.1163E-02 0.1040E+02 0.1780E+07 0.1051E+03 10.816 0.0002 0.1162E-33 0.9998E+00
2665 0.6480E-01 0.2752E+04 0.1143E-02 0.1034E+02 0.1783E+07 0.1069E+03 10.796 0.0002 0.1124E-33 0.9998E+00
2670 0.6602E-01 0.2748E+04 0.1124E-02 0.1028E+02 0.1786E+07 0.1088E+03 10.775 0.0002 0.1089E-33 0.9998E+00
2675 0.6726E-01 0.2744E+04 0.1104E-02 0.1023E+02 0.1789E+07 0.1106E+03 10.755 0.0002 0.1054E-33 0.9998E+00
2680 0.6851E-01 0.2740E+04 0.1085E-02 0.1017E+02 0.1792E+07 0.1125E+03 10.734 0.0002 0.1022E-33 0.9997E+00
2685 0.6979E-01 0.2736E+04 0.1066E-02 0.1011E+02 0.1795E+07 0.1144E+03 10.714 0.0003 0.9904E-34 0.9997E+00
2686 0.7000E-01 0.2735E+04 0.1063E-02 0.1010E+02 0.1795E+07 0.1147E+03 10.710 0.0003 0.9854E-34 0.9997E+00
2690 0.7104E-01 0.2731E+04 0.1049E-02 0.1006E+02 0.1797E+07 0.1163E+03 10.694 0.0003 0.9614E-34 0.9997E+00
2695 0.7235E-01 0.2727E+04 0.1030E-02 0.1000E+02 0.1800E+07 0.1182E+03 10.674 0.0003 0.9326E-34 0.9997E+00
2700 0.7369E-01 0.2723E+04 0.1013E-02 0.9948E+01 0.1802E+07 0.1202E+03 10.653 0.0003 0.9050E-34 0.9996E+00
2705 0.7506E-01 0.2718E+04 0.9950E-03 0.9894E+01 0.1804E+07 0.1221E+03 10.633 0.0003 0.8784E-34 0.9996E+00
2710 0.7644E-01 0.2714E+04 0.9778E-03 0.9841E+01 0.1807E+07 0.1241E+03 10.613 0.0003 0.8530E-34 0.9996E+00
2715 0.7785E-01 0.2709E+04 0.9609E-03 0.9788E+01 0.1809E+07 0.1262E+03 10.593 0.0003 0.8285E-34 0.9995E+00
2720 0.7928E-01 0.2704E+04 0.9442E-03 0.9736E+01 0.1811E+07 0.1282E+03 10.573 0.0004 0.8050E-34 0.9995E+00
2725 0.8074E-01 0.2700E+04 0.9278E-03 0.9684E+01 0.1812E+07 0.1303E+03 10.553 0.0004 0.7824E-34 0.9994E+00
2730 0.8222E-01 0.2695E+04 0.9117E-03 0.9633E+01 0.1814E+07 0.1323E+03 10.533 0.0004 0.7607E-34 0.9994E+00
2735 0.8373E-01 0.2690E+04 0.8958E-03 0.9582E+01 0.1816E+07 0.1345E+03 10.513 0.0004 0.7398E-34 0.9994E+00
2740 0.8527E-01 0.2685E+04 0.8801E-03 0.9533E+01 0.1817E+07 0.1366E+03 10.493 0.0004 0.7198E-34 0.9993E+00
2745 0.8682E-01 0.2681E+04 0.8647E-03 0.9483E+01 0.1819E+07 0.1387E+03 10.473 0.0004 0.7005E-34 0.9993E+00
2750 0.8840E-01 0.2676E+04 0.8495E-03 0.9435E+01 0.1820E+07 0.1409E+03 10.453 0.0005 0.6821E-34 0.9992E+00
2755 0.9000E-01 0.2670E+04 0.8346E-03 0.9387E+01 0.1821E+07 0.1430E+03 10.433 0.0005 0.6643E-34 0.9991E+00
2760 0.9162E-01 0.2665E+04 0.8200E-03 0.9340E+01 0.1822E+07 0.1452E+03 10.413 0.0005 0.6473E-34 0.9991E+00
2765 0.9327E-01 0.2660E+04 0.8056E-03 0.9293E+01 0.1823E+07 0.1474E+03 10.394 0.0005 0.6309E-34 0.9990E+00
2770 0.9494E-01 0.2655E+04 0.7914E-03 0.9247E+01 0.1824E+07 0.1496E+03 10.374 0.0006 0.6152E-34 0.9990E+00
2775 0.9664E-01 0.2650E+04 0.7775E-03 0.9201E+01 0.1824E+07 0.1519E+03 10.355 0.0006 0.6000E-34 0.9989E+00
2780 0.9837E-01 0.2645E+04 0.7639E-03 0.9156E+01 0.1825E+07 0.1541E+03 10.335 0.0006 0.5854E-34 0.9988E+00
2785 0.1000E+00 0.2640E+04 0.7513E-03 0.9115E+01 0.1825E+07 0.1562E+03 10.317 0.0006 0.5722E-34 0.9988E+00
2785 0.1000E+00 0.2640E+04 0.7513E-03 0.9115E+01 0.1825E+07 0.1562E+03 10.317 0.0006 0.5722E-34 0.9988E+00
2790 0.1018E+00 0.2634E+04 0.7381E-03 0.9071E+01 0.1825E+07 0.1585E+03 10.298 0.0006 0.5587E-34 0.9987E+00
2795 0.1036E+00 0.2629E+04 0.7250E-03 0.9028E+01 0.1826E+07 0.1608E+03 10.279 0.0007 0.5455E-34 0.9986E+00
2800 0.1054E+00 0.2624E+04 0.7122E-03 0.8985E+01 0.1826E+07 0.1632E+03 10.259 0.0007 0.5329E-34 0.9985E+00
2805 0.1073E+00 0.2618E+04 0.6997E-03 0.8942E+01 0.1826E+07 0.1655E+03 10.240 0.0007 0.5207E-34 0.9984E+00
2810 0.1092E+00 0.2613E+04 0.6873E-03 0.8900E+01 0.1825E+07 0.1679E+03 10.221 0.0007 0.5090E-34 0.9984E+00
2815 0.1111E+00 0.2607E+04 0.6751E-03 0.8859E+01 0.1825E+07 0.1702E+03 10.202 0.0008 0.4976E-34 0.9983E+00
2820 0.1131E+00 0.2601E+04 0.6630E-03 0.8817E+01 0.1825E+07 0.1726E+03 10.183 0.0008 0.4866E-34 0.9982E+00
2825 0.1151E+00 0.2596E+04 0.6512E-03 0.8777E+01 0.1824E+07 0.1751E+03 10.163 0.0008 0.4761E-34 0.9981E+00
2830 0.1171E+00 0.2590E+04 0.6394E-03 0.8737E+01 0.1824E+07 0.1775E+03 10.144 0.0008 0.4658E-34 0.9980E+00
2835 0.1192E+00 0.2584E+04 0.6276E-03 0.8697E+01 0.1823E+07 0.1799E+03 10.125 0.0009 0.4560E-34 0.9979E+00
2840 0.1213E+00 0.2577E+04 0.6160E-03 0.8658E+01 0.1822E+07 0.1824E+03 10.106 0.0009 0.4464E-34 0.9978E+00
2845 0.1234E+00 0.2571E+04 0.6047E-03 0.8619E+01 0.1821E+07 0.1849E+03 10.087 0.0009 0.4372E-34 0.9977E+00
2850 0.1256E+00 0.2565E+04 0.5938E-03 0.8580E+01 0.1820E+07 0.1874E+03 10.068 0.0010 0.4282E-34 0.9976E+00
2855 0.1278E+00 0.2559E+04 0.5830E-03 0.8542E+01 0.1819E+07 0.1899E+03 10.049 0.0010 0.4196E-34 0.9975E+00
2860 0.1300E+00 0.2553E+04 0.5724E-03 0.8504E+01 0.1817E+07 0.1925E+03 10.030 0.0010 0.4113E-34 0.9974E+00
2865 0.1323E+00 0.2547E+04 0.5620E-03 0.8467E+01 0.1816E+07 0.1950E+03 10.011 0.0010 0.4033E-34 0.9972E+00
2870 0.1346E+00 0.2541E+04 0.5518E-03 0.8431E+01 0.1814E+07 0.1976E+03  9.992 0.0011 0.3955E-34 0.9971E+00
2875 0.1369E+00 0.2535E+04 0.5417E-03 0.8395E+01 0.1813E+07 0.2001E+03  9.974 0.0011 0.3881E-34 0.9970E+00
2880 0.1393E+00 0.2528E+04 0.5317E-03 0.8359E+01 0.1811E+07 0.2027E+03  9.955 0.0011 0.3808E-34 0.9969E+00
2885 0.1417E+00 0.2522E+04 0.5219E-03 0.8324E+01 0.1809E+07 0.2053E+03  9.936 0.0012 0.3738E-34 0.9968E+00
2890 0.1441E+00 0.2515E+04 0.5123E-03 0.8289E+01 0.1807E+07 0.2079E+03  9.918 0.0012 0.3671E-34 0.9967E+00
2895 0.1466E+00 0.2509E+04 0.5028E-03 0.8254E+01 0.1805E+07 0.2106E+03  9.899 0.0012 0.3606E-34 0.9966E+00
2900 0.1491E+00 0.2502E+04 0.4934E-03 0.8220E+01 0.1802E+07 0.2132E+03  9.881 0.0012 0.3543E-34 0.9964E+00
2902 0.1500E+00 0.2500E+04 0.4901E-03 0.8209E+01 0.1802E+07 0.2141E+03  9.874 0.0013 0.3521E-34 0.9964E+00
2905 0.1515E+00 0.2496E+04 0.4844E-03 0.8188E+01 0.1800E+07 0.2157E+03  9.863 0.0013 0.3484E-34 0.9963E+00
2910 0.1541E+00 0.2489E+04 0.4750E-03 0.8155E+01 0.1798E+07 0.2183E+03  9.845 0.0013 0.3425E-34 0.9962E+00
2915 0.1568E+00 0.2481E+04 0.4657E-03 0.8122E+01 0.1795E+07 0.2210E+03  9.826 0.0013 0.3368E-34 0.9961E+00
2920 0.1595E+00 0.2474E+04 0.4566E-03 0.8090E+01 0.1793E+07 0.2237E+03  9.808 0.0014 0.3312E-34 0.9960E+00
2925 0.1622E+00 0.2467E+04 0.4476E-03 0.8058E+01 0.1790E+07 0.2264E+03  9.790 0.0014 0.3258E-34 0.9959E+00
2930 0.1650E+00 0.2459E+04 0.4388E-03 0.8026E+01 0.1787E+07 0.2291E+03  9.771 0.0014 0.3206E-34 0.9958E+00
2935 0.1678E+00 0.2452E+04 0.4300E-03 0.7994E+01 0.1784E+07 0.2318E+03  9.753 0.0015 0.3155E-34 0.9956E+00
2940 0.1706E+00 0.2444E+04 0.4215E-03 0.7963E+01 0.1781E+07 0.2346E+03  9.735 0.0015 0.3106E-34 0.9955E+00
2945 0.1736E+00 0.2436E+04 0.4130E-03 0.7933E+01 0.1778E+07 0.2373E+03  9.717 0.0015 0.3058E-34 0.9954E+00
2950 0.1765E+00 0.2429E+04 0.4047E-03 0.7902E+01 0.1774E+07 0.2401E+03  9.698 0.0016 0.3012E-34 0.9953E+00
2955 0.1796E+00 0.2421E+04 0.3964E-03 0.7872E+01 0.1771E+07 0.2429E+03  9.680 0.0016 0.2967E-34 0.9952E+00
2960 0.1827E+00 0.2413E+04 0.3886E-03 0.7842E+01 0.1768E+07 0.2457E+03  9.662 0.0016 0.2923E-34 0.9951E+00
2965 0.1858E+00 0.2406E+04 0.3809E-03 0.7813E+01 0.1764E+07 0.2485E+03  9.644 0.0017 0.2881E-34 0.9950E+00
2970 0.1890E+00 0.2398E+04 0.3734E-03 0.7783E+01 0.1760E+07 0.2513E+03  9.626 0.0017 0.2840E-34 0.9949E+00
2975 0.1923E+00 0.2391E+04 0.3659E-03 0.7754E+01 0.1756E+07 0.2541E+03  9.607 0.0017 0.2800E-34 0.9947E+00
2980 0.1956E+00 0.2383E+04 0.3586E-03 0.7726E+01 0.1752E+07 0.2570E+03  9.589 0.0017 0.2761E-34 0.9946E+00
2985 0.1990E+00 0.2375E+04 0.3513E-03 0.7697E+01 0.1748E+07 0.2599E+03  9.571 0.0018 0.2723E-34 0.9945E+00
2987 0.2000E+00 0.2373E+04 0.3491E-03 0.7688E+01 0.1747E+07 0.2607E+03  9.565 0.0018 0.2712E-34 0.9945E+00
2990 0.2021E+00 0.2368E+04 0.3448E-03 0.7671E+01 0.1745E+07 0.2625E+03  9.554 0.0018 0.2690E-34 0.9945E+00
2995 0.2056E+00 0.2360E+04 0.3378E-03 0.7643E+01 0.1740E+07 0.2654E+03  9.536 0.0018 0.2654E-34 0.9944E+00
3000 0.2092E+00 0.2352E+04 0.3308E-03 0.7616E+01 0.1736E+07 0.2683E+03  9.518 0.0018 0.2619E-34 0.9943E+00
3005 0.2128E+00 0.2344E+04 0.3239E-03 0.7588E+01 0.1731E+07 0.2713E+03  9.499 0.0019 0.2586E-34 0.9942E+00
3010 0.2166E+00 0.2336E+04 0.3171E-03 0.7560E+01 0.1727E+07 0.2743E+03  9.481 0.0019 0.2553E-34 0.9941E+00
3015 0.2204E+00 0.2327E+04 0.3101E-03 0.7533E+01 0.1722E+07 0.2773E+03  9.462 0.0019 0.2520E-34 0.9940E+00
3020 0.2243E+00 0.2319E+04 0.3033E-03 0.7506E+01 0.1717E+07 0.2803E+03  9.444 0.0020 0.2489E-34 0.9939E+00
3025 0.2284E+00 0.2310E+04 0.2966E-03 0.7479E+01 0.1712E+07 0.2833E+03  9.425 0.0020 0.2458E-34 0.9938E+00
3030 0.2325E+00 0.2301E+04 0.2900E-03 0.7452E+01 0.1707E+07 0.2864E+03  9.406 0.0020 0.2429E-34 0.9937E+00
3035 0.2367E+00 0.2292E+04 0.2835E-03 0.7426E+01 0.1702E+07 0.2895E+03  9.388 0.0020 0.2400E-34 0.9936E+00
3040 0.2410E+00 0.2283E+04 0.2771E-03 0.7399E+01 0.1696E+07 0.2926E+03  9.369 0.0020 0.2372E-34 0.9936E+00
3045 0.2453E+00 0.2274E+04 0.2709E-03 0.7374E+01 0.1691E+07 0.2957E+03  9.350 0.0021 0.2345E-34 0.9935E+00
3050 0.2497E+00 0.2265E+04 0.2648E-03 0.7348E+01 0.1685E+07 0.2988E+03  9.332 0.0021 0.2318E-34 0.9934E+00
3051 0.2500E+00 0.2265E+04 0.2644E-03 0.7346E+01 0.1685E+07 0.2990E+03  9.330 0.0021 0.2317E-34 0.9934E+00
3055 0.2536E+00 0.2257E+04 0.2595E-03 0.7326E+01 0.1680E+07 0.3015E+03  9.315 0.0021 0.2296E-34 0.9934E+00
3060 0.2582E+00 0.2242E+04 0.2508E-03 0.7301E+01 0.1675E+07 0.3046E+03  9.297 0.0022 0.2272E-34 0.9933E+00
3065 0.2630E+00 0.2220E+04 0.2396E-03 0.7276E+01 0.1669E+07 0.3078E+03  9.278 0.0022 0.2247E-34 0.9932E+00
3070 0.2680E+00 0.2199E+04 0.2290E-03 0.7252E+01 0.1663E+07 0.3109E+03  9.260 0.0023 0.2223E-34 0.9932E+00
3075 0.2731E+00 0.2178E+04 0.2188E-03 0.7228E+01 0.1657E+07 0.3140E+03  9.241 0.0024 0.2198E-34 0.9931E+00
3080 0.2786E+00 0.2157E+04 0.2091E-03 0.7204E+01 0.1651E+07 0.3172E+03  9.223 0.0024 0.2175E-34 0.9930E+00
3085 0.2842E+00 0.2136E+04 0.1999E-03 0.7180E+01 0.1645E+07 0.3203E+03  9.205 0.0025 0.2151E-34 0.9930E+00
3090 0.2901E+00 0.2115E+04 0.1910E-03 0.7157E+01 0.1639E+07 0.3235E+03  9.186 0.0026 0.2128E-34 0.9929E+00
3095 0.2962E+00 0.2093E+04 0.1820E-03 0.7134E+01 0.1632E+07 0.3266E+03  9.168 0.0026 0.2105E-34 0.9929E+00
3098 0.3000E+00 0.2081E+04 0.1770E-03 0.7120E+01 0.1629E+07 0.3285E+03  9.157 0.0027 0.2091E-34 0.9928E+00
3100 0.3026E+00 0.2072E+04 0.1736E-03 0.7111E+01 0.1626E+07 0.3298E+03  9.149 0.0027 0.2082E-34 0.9928E+00
3105 0.3093E+00 0.2051E+04 0.1655E-03 0.7089E+01 0.1619E+07 0.3330E+03  9.131 0.0028 0.2060E-34 0.9928E+00
3110 0.3164E+00 0.2030E+04 0.1578E-03 0.7066E+01 0.1613E+07 0.3362E+03  9.112 0.0029 0.2037E-34 0.9927E+00
3115 0.3237E+00 0.2009E+04 0.1504E-03 0.7044E+01 0.1606E+07 0.3394E+03  9.094 0.0030 0.2015E-34 0.9927E+00
3120 0.3314E+00 0.1988E+04 0.1433E-03 0.7022E+01 0.1599E+07 0.3426E+03  9.075 0.0030 0.1993E-34 0.9926E+00
3125 0.3395E+00 0.1967E+04 0.1366E-03 0.7000E+01 0.1592E+07 0.3458E+03  9.056 0.0031 0.1972E-34 0.9926E+00
3130 0.3479E+00 0.1946E+04 0.1302E-03 0.6978E+01 0.1585E+07 0.3490E+03  9.038 0.0032 0.1951E-34 0.9925E+00
3132 0.3500E+00 0.1941E+04 0.1287E-03 0.6973E+01 0.1584E+07 0.3498E+03  9.033 0.0032 0.1946E-34 0.9925E+00
3135 0.3553E+00 0.1929E+04 0.1250E-03 0.6960E+01 0.1579E+07 0.3518E+03  9.022 0.0033 0.1933E-34 0.9925E+00
3140 0.3644E+00 0.1909E+04 0.1191E-03 0.6939E+01 0.1572E+07 0.3550E+03  9.004 0.0033 0.1913E-34 0.9924E+00
3145 0.3739E+00 0.1889E+04 0.1136E-03 0.6918E+01 0.1565E+07 0.3582E+03  8.985 0.0034 0.1893E-34 0.9924E+00
3150 0.3838E+00 0.1870E+04 0.1083E-03 0.6897E+01 0.1558E+07 0.3615E+03  8.967 0.0035 0.1873E-34 0.9924E+00
3155 0.3942E+00 0.1850E+04 0.1032E-03 0.6877E+01 0.1550E+07 0.3647E+03  8.948 0.0036 0.1854E-34 0.9923E+00
3158 0.4000E+00 0.1840E+04 0.1006E-03 0.6866E+01 0.1546E+07 0.3665E+03  8.938 0.0036 0.1843E-34 0.9923E+00
3160 0.4041E+00 0.1831E+04 0.9838E-04 0.6858E+01 0.1544E+07 0.3677E+03  8.931 0.0036 0.1836E-34 0.9923E+00
3165 0.4135E+00 0.1810E+04 0.9356E-04 0.6842E+01 0.1537E+07 0.3704E+03  8.916 0.0037 0.1821E-34 0.9923E+00
3170 0.4232E+00 0.1790E+04 0.8899E-04 0.6825E+01 0.1531E+07 0.3730E+03  8.901 0.0038 0.1805E-34 0.9923E+00
3175 0.4333E+00 0.1770E+04 0.8467E-04 0.6809E+01 0.1525E+07 0.3757E+03  8.886 0.0040 0.1790E-34 0.9922E+00
3180 0.4454E+00 0.1753E+04 0.8102E-04 0.6791E+01 0.1518E+07 0.3787E+03  8.868 0.0040 0.1773E-34 0.9922E+00
3182 0.4500E+00 0.1747E+04 0.7980E-04 0.6784E+01 0.1515E+07 0.3798E+03  8.862 0.0040 0.1767E-34 0.9922E+00
3185 0.4582E+00 0.1737E+04 0.7769E-04 0.6773E+01 0.1511E+07 0.3818E+03  8.851 0.0041 0.1756E-34 0.9922E+00
3190 0.4725E+00 0.1720E+04 0.7426E-04 0.6753E+01 0.1503E+07 0.3851E+03  8.832 0.0041 0.1738E-34 0.9922E+00
3195 0.4873E+00 0.1702E+04 0.7094E-04 0.6734E+01 0.1495E+07 0.3884E+03  8.813 0.0042 0.1721E-34 0.9921E+00
3200 0.5000E+00 0.1688E+04 0.6831E-04 0.6718E+01 0.1488E+07 0.3912E+03  8.797 0.0042 0.1707E-34 0.9921E+00
3200 0.5000E+00 0.1688E+04 0.6831E-04 0.6718E+01 0.1488E+07 0.3912E+03  8.797 0.0042 0.1707E-34 0.9921E+00
3205 0.5158E+00 0.1672E+04 0.6525E-04 0.6700E+01 0.1480E+07 0.3945E+03  8.779 0.0043 0.1691E-34 0.9921E+00
3210 0.5321E+00 0.1655E+04 0.6233E-04 0.6681E+01 0.1472E+07 0.3977E+03  8.760 0.0043 0.1675E-34 0.9921E+00
3215 0.5489E+00 0.1638E+04 0.5955E-04 0.6663E+01 0.1464E+07 0.4009E+03  8.742 0.0044 0.1660E-34 0.9921E+00
3216 0.5500E+00 0.1637E+04 0.5938E-04 0.6662E+01 0.1464E+07 0.4011E+03  8.741 0.0044 0.1659E-34 0.9921E+00
3220 0.5638E+00 0.1624E+04 0.5724E-04 0.6648E+01 0.1457E+07 0.4037E+03  8.726 0.0044 0.1647E-34 0.9920E+00
3225 0.5816E+00 0.1608E+04 0.5469E-04 0.6631E+01 0.1449E+07 0.4068E+03  8.708 0.0045 0.1633E-34 0.9920E+00
3230 0.5998E+00 0.1593E+04 0.5243E-04 0.6614E+01 0.1442E+07 0.4099E+03  8.691 0.0045 0.1619E-34 0.9920E+00
3231 0.6000E+00 0.1593E+04 0.5242E-04 0.6614E+01 0.1441E+07 0.4099E+03  8.690 0.0045 0.1619E-34 0.9920E+00
3235 0.6149E+00 0.1583E+04 0.5093E-04 0.6600E+01 0.1435E+07 0.4125E+03  8.676 0.0045 0.1609E-34 0.9920E+00
3240 0.6338E+00 0.1571E+04 0.4918E-04 0.6584E+01 0.1427E+07 0.4155E+03  8.659 0.0045 0.1596E-34 0.9920E+00
3245 0.6500E+00 0.1561E+04 0.4776E-04 0.6571E+01 0.1421E+07 0.4180E+03  8.644 0.0045 0.1586E-34 0.9920E+00
3245 0.6500E+00 0.1561E+04 0.4776E-04 0.6571E+01 0.1421E+07 0.4180E+03  8.644 0.0045 0.1586E-34 0.9920E+00
3250 0.6696E+00 0.1550E+04 0.4615E-04 0.6555E+01 0.1413E+07 0.4210E+03  8.627 0.0045 0.1574E-34 0.9920E+00
3255 0.6896E+00 0.1538E+04 0.4459E-04 0.6540E+01 0.1405E+07 0.4240E+03  8.610 0.0045 0.1563E-34 0.9920E+00
3258 0.7000E+00 0.1532E+04 0.4382E-04 0.6532E+01 0.1401E+07 0.4255E+03  8.601 0.0045 0.1558E-34 0.9920E+00
3260 0.7082E+00 0.1528E+04 0.4323E-04 0.6526E+01 0.1398E+07 0.4267E+03  8.595 0.0045 0.1553E-34 0.9920E+00
3265 0.7290E+00 0.1517E+04 0.4178E-04 0.6511E+01 0.1391E+07 0.4296E+03  8.578 0.0045 0.1543E-34 0.9920E+00
3270 0.7500E+00 0.1505E+04 0.4036E-04 0.6497E+01 0.1383E+07 0.4324E+03  8.562 0.0045 0.1533E-34 0.9919E+00
3270 0.7500E+00 0.1505E+04 0.4036E-04 0.6497E+01 0.1383E+07 0.4324E+03  8.562 0.0045 0.1533E-34 0.9919E+00
3275 0.7717E+00 0.1494E+04 0.3897E-04 0.6483E+01 0.1376E+07 0.4353E+03  8.545 0.0045 0.1524E-34 0.9919E+00
3280 0.7940E+00 0.1482E+04 0.3764E-04 0.6469E+01 0.1368E+07 0.4381E+03  8.529 0.0045 0.1514E-34 0.9919E+00
3282 0.8000E+00 0.1480E+04 0.3730E-04 0.6465E+01 0.1366E+07 0.4389E+03  8.524 0.0045 0.1512E-34 0.9919E+00
3285 0.8136E+00 0.1473E+04 0.3654E-04 0.6457E+01 0.1362E+07 0.4405E+03  8.515 0.0045 0.1507E-34 0.9919E+00
3290 0.8368E+00 0.1462E+04 0.3531E-04 0.6443E+01 0.1354E+07 0.4433E+03  8.499 0.0045 0.1498E-34 0.9919E+00
3293 0.8500E+00 0.1456E+04 0.3464E-04 0.6435E+01 0.1350E+07 0.4449E+03  8.490 0.0045 0.1494E-34 0.9919E+00
3295 0.8595E+00 0.1451E+04 0.3417E-04 0.6430E+01 0.1347E+07 0.4460E+03  8.483 0.0045 0.1490E-34 0.9919E+00
3300 0.8836E+00 0.1442E+04 0.3313E-04 0.6417E+01 0.1339E+07 0.4487E+03  8.467 0.0044 0.1482E-34 0.9919E+00
3304 0.9000E+00 0.1436E+04 0.3250E-04 0.6408E+01 0.1335E+07 0.4505E+03  8.457 0.0044 0.1477E-34 0.9919E+00
3305 0.9049E+00 0.1434E+04 0.3231E-04 0.6406E+01 0.1333E+07 0.4511E+03  8.454 0.0044 0.1476E-34 0.9919E+00
3310 0.9298E+00 0.1425E+04 0.3140E-04 0.6393E+01 0.1326E+07 0.4538E+03  8.438 0.0044 0.1468E-34 0.9919E+00
3314 0.9500E+00 0.1418E+04 0.3069E-04 0.6383E+01 0.1320E+07 0.4559E+03  8.426 0.0043 0.1463E-34 0.9919E+00
3315 0.9551E+00 0.1416E+04 0.3052E-04 0.6380E+01 0.1318E+07 0.4564E+03  8.422 0.0043 0.1461E-34 0.9919E+00
3320 0.9809E+00 0.1408E+04 0.2967E-04 0.6368E+01 0.1311E+07 0.4591E+03  8.407 0.0043 0.1455E-34 0.9919E+00
3324 0.1000E+01 0.1402E+04 0.2908E-04 0.6359E+01 0.1306E+07 0.4610E+03  8.396 0.0043 0.1450E-34 0.9919E+00
3325 0.1005E+01 0.1400E+04 0.2892E-04 0.6356E+01 0.1304E+07 0.4615E+03  8.392 0.0043 0.1449E-34 0.9919E+00
3330 0.1032E+01 0.1392E+04 0.2813E-04 0.6344E+01 0.1297E+07 0.4641E+03  8.377 0.0042 0.1442E-34 0.9919E+00
3335 0.1059E+01 0.1384E+04 0.2737E-04 0.6332E+01 0.1290E+07 0.4667E+03  8.362 0.0042 0.1436E-34 0.9919E+00
3340 0.1087E+01 0.1375E+04 0.2663E-04 0.6321E+01 0.1283E+07 0.4693E+03  8.347 0.0041 0.1430E-34 0.9919E+00
3345 0.1115E+01 0.1367E+04 0.2592E-04 0.6309E+01 0.1275E+07 0.4719E+03  8.331 0.0041 0.1425E-34 0.9919E+00
3350 0.1143E+01 0.1360E+04 0.2524E-04 0.6298E+01 0.1268E+07 0.4744E+03  8.316 0.0040 0.1420E-34 0.9919E+00
3355 0.1172E+01 0.1352E+04 0.2458E-04 0.6286E+01 0.1261E+07 0.4769E+03  8.301 0.0040 0.1414E-34 0.9919E+00
3360 0.1202E+01 0.1344E+04 0.2394E-04 0.6275E+01 0.1254E+07 0.4795E+03  8.286 0.0039 0.1409E-34 0.9919E+00
3365 0.1232E+01 0.1336E+04 0.2332E-04 0.6264E+01 0.1247E+07 0.4819E+03  8.272 0.0039 0.1405E-34 0.9919E+00
3370 0.1262E+01 0.1328E+04 0.2268E-04 0.6254E+01 0.1240E+07 0.4844E+03  8.257 0.0038 0.1400E-34 0.9919E+00
3375 0.1293E+01 0.1320E+04 0.2202E-04 0.6243E+01 0.1233E+07 0.4869E+03  8.242 0.0038 0.1396E-34 0.9919E+00
3380 0.1325E+01 0.1311E+04 0.2138E-04 0.6232E+01 0.1226E+07 0.4893E+03  8.227 0.0037 0.1391E-34 0.9919E+00
3385 0.1357E+01 0.1303E+04 0.2077E-04 0.6222E+01 0.1219E+07 0.4918E+03  8.213 0.0037 0.1387E-34 0.9919E+00
3390 0.1390E+01 0.1295E+04 0.2018E-04 0.6212E+01 0.1212E+07 0.4942E+03  8.198 0.0036 0.1383E-34 0.9919E+00
3395 0.1424E+01 0.1286E+04 0.1961E-04 0.6202E+01 0.1205E+07 0.4966E+03  8.183 0.0036 0.1380E-34 0.9919E+00
3400 0.1458E+01 0.1278E+04 0.1906E-04 0.6192E+01 0.1198E+07 0.4989E+03  8.169 0.0036 0.1376E-34 0.9919E+00
3405 0.1493E+01 0.1270E+04 0.1853E-04 0.6182E+01 0.1191E+07 0.5013E+03  8.154 0.0035 0.1372E-34 0.9919E+00
3406 0.1500E+01 0.1269E+04 0.1844E-04 0.6180E+01 0.1190E+07 0.5018E+03  8.152 0.0035 0.1372E-34 0.9919E+00
3410 0.1529E+01 0.1263E+04 0.1803E-04 0.6172E+01 0.1185E+07 0.5036E+03  8.140 0.0035 0.1369E-34 0.9919E+00
3415 0.1565E+01 0.1255E+04 0.1753E-04 0.6162E+01 0.1178E+07 0.5060E+03  8.126 0.0034 0.1366E-34 0.9919E+00
3420 0.1602E+01 0.1246E+04 0.1700E-04 0.6153E+01 0.1171E+07 0.5083E+03  8.112 0.0034 0.1362E-34 0.9919E+00
3425 0.1640E+01 0.1236E+04 0.1642E-04 0.6143E+01 0.1164E+07 0.5106E+03  8.097 0.0033 0.1359E-34 0.9919E+00
3430 0.1679E+01 0.1227E+04 0.1587E-04 0.6134E+01 0.1157E+07 0.5129E+03  8.083 0.0033 0.1356E-34 0.9919E+00
3435 0.1719E+01 0.1217E+04 0.1534E-04 0.6125E+01 0.1151E+07 0.5152E+03  8.069 0.0033 0.1353E-34 0.9919E+00
3440 0.1760E+01 0.1208E+04 0.1482E-04 0.6116E+01 0.1144E+07 0.5174E+03  8.055 0.0033 0.1351E-34 0.9919E+00
3445 0.1802E+01 0.1198E+04 0.1433E-04 0.6107E+01 0.1137E+07 0.5197E+03  8.041 0.0032 0.1348E-34 0.9919E+00
3450 0.1846E+01 0.1189E+04 0.1385E-04 0.6098E+01 0.1130E+07 0.5219E+03  8.027 0.0032 0.1345E-34 0.9919E+00
3455 0.1890E+01 0.1180E+04 0.1339E-04 0.6089E+01 0.1124E+07 0.5241E+03  8.013 0.0032 0.1343E-34 0.9919E+00
3460 0.1936E+01 0.1171E+04 0.1294E-04 0.6080E+01 0.1117E+07 0.5264E+03  7.999 0.0031 0.1340E-34 0.9919E+00
3465 0.1982E+01 0.1162E+04 0.1251E-04 0.6072E+01 0.1111E+07 0.5286E+03  7.985 0.0031 0.1338E-34 0.9919E+00
3467 0.2000E+01 0.1159E+04 0.1236E-04 0.6069E+01 0.1108E+07 0.5294E+03  7.979 0.0031 0.1337E-34 0.9919E+00
3470 0.2029E+01 0.1153E+04 0.1211E-04 0.6063E+01 0.1104E+07 0.5307E+03  7.971 0.0031 0.1335E-34 0.9919E+00
3475 0.2078E+01 0.1144E+04 0.1171E-04 0.6055E+01 0.1098E+07 0.5329E+03  7.957 0.0030 0.1333E-34 0.9919E+00
3480 0.2128E+01 0.1135E+04 0.1132E-04 0.6047E+01 0.1091E+07 0.5350E+03  7.943 0.0030 0.1331E-34 0.9919E+00
3485 0.2180E+01 0.1127E+04 0.1094E-04 0.6039E+01 0.1085E+07 0.5372E+03  7.930 0.0030 0.1329E-34 0.9919E+00
3490 0.2233E+01 0.1118E+04 0.1057E-04 0.6030E+01 0.1078E+07 0.5393E+03  7.916 0.0029 0.1327E-34 0.9919E+00
3495 0.2288E+01 0.1109E+04 0.1022E-04 0.6022E+01 0.1072E+07 0.5414E+03  7.902 0.0029 0.1325E-34 0.9919E+00
3500 0.2344E+01 0.1101E+04 0.9887E-05 0.6014E+01 0.1066E+07 0.5435E+03  7.888 0.0029 0.1323E-34 0.9919E+00
3505 0.2401E+01 0.1092E+04 0.9561E-05 0.6007E+01 0.1059E+07 0.5456E+03  7.875 0.0028 0.1321E-34 0.9919E+00
3510 0.2459E+01 0.1084E+04 0.9247E-05 0.5999E+01 0.1053E+07 0.5477E+03  7.861 0.0028 0.1319E-34 0.9919E+00
3514 0.2500E+01 0.1078E+04 0.9041E-05 0.5994E+01 0.1049E+07 0.5491E+03  7.852 0.0028 0.1318E-34 0.9919E+00
3515 0.2512E+01 0.1076E+04 0.8979E-05 0.5992E+01 0.1047E+07 0.5495E+03  7.849 0.0028 0.1317E-34 0.9919E+00
3520 0.2574E+01 0.1068E+04 0.8666E-05 0.5984E+01 0.1041E+07 0.5516E+03  7.835 0.0028 0.1316E-34 0.9919E+00
3525 0.2637E+01 0.1059E+04 0.8364E-05 0.5977E+01 0.1035E+07 0.5536E+03  7.822 0.0027 0.1314E-34 0.9919E+00
3530 0.2702E+01 0.1050E+04 0.8073E-05 0.5969E+01 0.1029E+07 0.5556E+03  7.808 0.0027 0.1312E-34 0.9919E+00
3535 0.2769E+01 0.1042E+04 0.7792E-05 0.5962E+01 0.1022E+07 0.5577E+03  7.795 0.0027 0.1311E-34 0.9919E+00
3540 0.2838E+01 0.1033E+04 0.7521E-05 0.5955E+01 0.1016E+07 0.5597E+03  7.781 0.0026 0.1309E-34 0.9919E+00
3545 0.2909E+01 0.1025E+04 0.7260E-05 0.5947E+01 0.1010E+07 0.5617E+03  7.768 0.0026 0.1308E-34 0.9919E+00
3550 0.2981E+01 0.1016E+04 0.7008E-05 0.5940E+01 0.1004E+07 0.5637E+03  7.754 0.0026 0.1306E-34 0.9919E+00
3552 0.3000E+01 0.1014E+04 0.6947E-05 0.5938E+01 0.1002E+07 0.5642E+03  7.751 0.0026 0.1306E-34 0.9919E+00
3555 0.3045E+01 0.1009E+04 0.6802E-05 0.5934E+01 0.9988E+06 0.5653E+03  7.743 0.0025 0.1305E-34 0.9919E+00
3560 0.3121E+01 0.1001E+04 0.6567E-05 0.5927E+01 0.9928E+06 0.5673E+03  7.730 0.0025 0.1304E-34 0.9919E+00
3565 0.3200E+01 0.9927E+03 0.6340E-05 0.5920E+01 0.9867E+06 0.5693E+03  7.716 0.0025 0.1302E-34 0.9919E+00
3570 0.3281E+01 0.9846E+03 0.6121E-05 0.5913E+01 0.9807E+06 0.5712E+03  7.703 0.0025 0.1301E-34 0.9919E+00
3575 0.3364E+01 0.9766E+03 0.5911E-05 0.5906E+01 0.9748E+06 0.5731E+03  7.690 0.0024 0.1300E-34 0.9919E+00
3580 0.3449E+01 0.9687E+03 0.5707E-05 0.5900E+01 0.9688E+06 0.5750E+03  7.676 0.0024 0.1299E-34 0.9919E+00
3583 0.3500E+01 0.9640E+03 0.5591E-05 0.5896E+01 0.9654E+06 0.5762E+03  7.669 0.0024 0.1298E-34 0.9919E+00
3585 0.3535E+01 0.9608E+03 0.5513E-05 0.5893E+01 0.9630E+06 0.5769E+03  7.663 0.0024 0.1297E-34 0.9919E+00
3590 0.3625E+01 0.9530E+03 0.5324E-05 0.5887E+01 0.9571E+06 0.5788E+03  7.650 0.0023 0.1296E-34 0.9919E+00
3595 0.3717E+01 0.9453E+03 0.5141E-05 0.5880E+01 0.9513E+06 0.5807E+03  7.637 0.0023 0.1295E-34 0.9919E+00
3600 0.3812E+01 0.9373E+03 0.4960E-05 0.5874E+01 0.9455E+06 0.5826E+03  7.624 0.0023 0.1294E-34 0.9919E+00
3605 0.3910E+01 0.9295E+03 0.4785E-05 0.5867E+01 0.9397E+06 0.5844E+03  7.611 0.0022 0.1293E-34 0.9919E+00
3610 0.4000E+01 0.9225E+03 0.4634E-05 0.5861E+01 0.9345E+06 0.5861E+03  7.599 0.0022 0.1292E-34 0.9919E+00
3610 0.4000E+01 0.9225E+03 0.4634E-05 0.5861E+01 0.9345E+06 0.5861E+03  7.599 0.0022 0.1292E-34 0.9919E+00
3615 0.4103E+01 0.9148E+03 0.4472E-05 0.5855E+01 0.9288E+06 0.5879E+03  7.586 0.0022 0.1291E-34 0.9919E+00
3620 0.4209E+01 0.9072E+03 0.4315E-05 0.5849E+01 0.9231E+06 0.5897E+03  7.573 0.0022 0.1290E-34 0.9919E+00
3625 0.4318E+01 0.8991E+03 0.4155E-05 0.5843E+01 0.9174E+06 0.5915E+03  7.560 0.0021 0.1289E-34 0.9919E+00
3630 0.4430E+01 0.8909E+03 0.3997E-05 0.5837E+01 0.9118E+06 0.5933E+03  7.546 0.0021 0.1288E-34 0.9919E+00
3634 0.4500E+01 0.8860E+03 0.3904E-05 0.5833E+01 0.9084E+06 0.5944E+03  7.539 0.0021 0.1288E-34 0.9919E+00
3635 0.4523E+01 0.8843E+03 0.3874E-05 0.5832E+01 0.9073E+06 0.5948E+03  7.536 0.0021 0.1288E-34 0.9919E+00
3640 0.4642E+01 0.8763E+03 0.3727E-05 0.5826E+01 0.9017E+06 0.5966E+03  7.523 0.0021 0.1287E-34 0.9919E+00
3645 0.4764E+01 0.8683E+03 0.3586E-05 0.5820E+01 0.8961E+06 0.5984E+03  7.510 0.0021 0.1286E-34 0.9919E+00
3650 0.4890E+01 0.8604E+03 0.3450E-05 0.5814E+01 0.8906E+06 0.6001E+03  7.497 0.0020 0.1285E-34 0.9919E+00
3655 0.5000E+01 0.8538E+03 0.3339E-05 0.5809E+01 0.8860E+06 0.6016E+03  7.486 0.0020 0.1284E-34 0.9919E+00
3655 0.5000E+01 0.8538E+03 0.3339E-05 0.5809E+01 0.8860E+06 0.6016E+03  7.486 0.0020 0.1284E-34 0.9919E+00
3660 0.5133E+01 0.8460E+03 0.3213E-05 0.5803E+01 0.8805E+06 0.6033E+03  7.473 0.0020 0.1284E-34 0.9919E+00
3665 0.5271E+01 0.8383E+03 0.3092E-05 0.5798E+01 0.8751E+06 0.6051E+03  7.460 0.0020 0.1283E-34 0.9919E+00
3670 0.5413E+01 0.8307E+03 0.2975E-05 0.5792E+01 0.8697E+06 0.6068E+03  7.448 0.0020 0.1282E-34 0.9919E+00
3673 0.5500E+01 0.8261E+03 0.2907E-05 0.5788E+01 0.8664E+06 0.6078E+03  7.440 0.0019 0.1282E-34 0.9919E+00
3675 0.5559E+01 0.8231E+03 0.2862E-05 0.5786E+01 0.8643E+06 0.6085E+03  7.435 0.0019 0.1281E-34 0.9919E+00
3680 0.5710E+01 0.8156E+03 0.2754E-05 0.5781E+01 0.8589E+06 0.6102E+03  7.422 0.0019 0.1281E-34 0.9919E+00
3685 0.5866E+01 0.8082E+03 0.2650E-05 0.5775E+01 0.8536E+06 0.6119E+03  7.409 0.0019 0.1280E-34 0.9919E+00
3690 0.6000E+01 0.8020E+03 0.2566E-05 0.5771E+01 0.8492E+06 0.6133E+03  7.399 0.0019 0.1279E-34 0.9919E+00
3690 0.6000E+01 0.8020E+03 0.2566E-05 0.5771E+01 0.8492E+06 0.6133E+03  7.399 0.0019 0.1279E-34 0.9919E+00
3695 0.6164E+01 0.7947E+03 0.2469E-05 0.5765E+01 0.8439E+06 0.6149E+03  7.386 0.0018 0.1279E-34 0.9919E+00
3700 0.6334E+01 0.7874E+03 0.2375E-05 0.5760E+01 0.8387E+06 0.6166E+03  7.373 0.0018 0.1278E-34 0.9919E+00
3705 0.6500E+01 0.7806E+03 0.2290E-05 0.5755E+01 0.8338E+06 0.6182E+03  7.361 0.0018 0.1278E-34 0.9919E+00
3705 0.6500E+01 0.7806E+03 0.2290E-05 0.5755E+01 0.8338E+06 0.6182E+03  7.361 0.0018 0.1278E-34 0.9919E+00
3710 0.6680E+01 0.7735E+03 0.2204E-05 0.5750E+01 0.8286E+06 0.6198E+03  7.348 0.0018 0.1277E-34 0.9919E+00
3715 0.6866E+01 0.7664E+03 0.2120E-05 0.5744E+01 0.8234E+06 0.6214E+03  7.336 0.0018 0.1276E-34 0.9919E+00
3719 0.7000E+01 0.7615E+03 0.2064E-05 0.5741E+01 0.8198E+06 0.6226E+03  7.327 0.0017 0.1276E-34 0.9919E+00
3720 0.7039E+01 0.7601E+03 0.2048E-05 0.5740E+01 0.8188E+06 0.6229E+03  7.324 0.0017 0.1276E-34 0.9919E+00
3725 0.7235E+01 0.7531E+03 0.1971E-05 0.5735E+01 0.8137E+06 0.6245E+03  7.312 0.0017 0.1275E-34 0.9919E+00
3730 0.7438E+01 0.7463E+03 0.1896E-05 0.5730E+01 0.8086E+06 0.6261E+03  7.299 0.0017 0.1275E-34 0.9919E+00
3732 0.7500E+01 0.7442E+03 0.1875E-05 0.5728E+01 0.8071E+06 0.6266E+03  7.295 0.0017 0.1275E-34 0.9919E+00
3735 0.7626E+01 0.7402E+03 0.1832E-05 0.5725E+01 0.8041E+06 0.6275E+03  7.288 0.0017 0.1274E-34 0.9919E+00
3740 0.7841E+01 0.7334E+03 0.1763E-05 0.5720E+01 0.7991E+06 0.6291E+03  7.275 0.0017 0.1274E-34 0.9919E+00
3744 0.8000E+01 0.7284E+03 0.1713E-05 0.5717E+01 0.7955E+06 0.6302E+03  7.266 0.0016 0.1274E-34 0.9919E+00
3745 0.8045E+01 0.7270E+03 0.1700E-05 0.5716E+01 0.7945E+06 0.6306E+03  7.264 0.0016 0.1273E-34 0.9919E+00
3750 0.8273E+01 0.7200E+03 0.1632E-05 0.5711E+01 0.7895E+06 0.6321E+03  7.251 0.0016 0.1273E-34 0.9919E+00
3755 0.8500E+01 0.7133E+03 0.1570E-05 0.5706E+01 0.7847E+06 0.6336E+03  7.239 0.0016 0.1273E-34 0.9919E+00
3755 0.8500E+01 0.7133E+03 0.1570E-05 0.5706E+01 0.7847E+06 0.6336E+03  7.239 0.0016 0.1273E-34 0.9919E+00
3760 0.8744E+01 0.7064E+03 0.1508E-05 0.5701E+01 0.7798E+06 0.6352E+03  7.227 0.0016 0.1272E-34 0.9919E+00
3765 0.8996E+01 0.6996E+03 0.1448E-05 0.5697E+01 0.7749E+06 0.6367E+03  7.214 0.0016 0.1272E-34 0.9919E+00
3766 0.9000E+01 0.6995E+03 0.1447E-05 0.5696E+01 0.7748E+06 0.6367E+03  7.214 0.0016 0.1272E-34 0.9919E+00
3770 0.9207E+01 0.6940E+03 0.1400E-05 0.5693E+01 0.7709E+06 0.6379E+03  7.204 0.0015 0.1271E-34 0.9919E+00
3775 0.9475E+01 0.6873E+03 0.1345E-05 0.5688E+01 0.7661E+06 0.6395E+03  7.192 0.0015 0.1271E-34 0.9919E+00
3776 0.9500E+01 0.6867E+03 0.1340E-05 0.5688E+01 0.7656E+06 0.6396E+03  7.191 0.0015 0.1271E-34 0.9919E+00
3780 0.9721E+01 0.6813E+03 0.1297E-05 0.5684E+01 0.7618E+06 0.6408E+03  7.181 0.0015 0.1271E-34 0.9919E+00
3785 0.1000E+02 0.6748E+03 0.1246E-05 0.5679E+01 0.7571E+06 0.6423E+03  7.169 0.0015 0.1270E-34 0.9919E+00
3785 0.1000E+02 0.6748E+03 0.1246E-05 0.5679E+01 0.7571E+06 0.6423E+03  7.169 0.0015 0.1270E-34 0.9919E+00
3790 0.1029E+02 0.6682E+03 0.1196E-05 0.5675E+01 0.7523E+06 0.6438E+03  7.156 0.0015 0.1270E-34 0.9919E+00
3794 0.1050E+02 0.6638E+03 0.1163E-05 0.5672E+01 0.7490E+06 0.6448E+03  7.148 0.0015 0.1270E-34 0.9919E+00
3795 0.1056E+02 0.6625E+03 0.1154E-05 0.5671E+01 0.7481E+06 0.6451E+03  7.145 0.0015 0.1270E-34 0.9919E+00
3800 0.1087E+02 0.6560E+03 0.1107E-05 0.5666E+01 0.7433E+06 0.6466E+03  7.133 0.0014 0.1269E-34 0.9919E+00
3802 0.1100E+02 0.6535E+03 0.1090E-05 0.5665E+01 0.7415E+06 0.6471E+03  7.128 0.0014 0.1269E-34 0.9919E+00
3805 0.1119E+02 0.6496E+03 0.1063E-05 0.5662E+01 0.7386E+06 0.6480E+03  7.121 0.0014 0.1269E-34 0.9919E+00
3810 0.1150E+02 0.6438E+03 0.1024E-05 0.5658E+01 0.7344E+06 0.6493E+03  7.110 0.0014 0.1269E-34 0.9919E+00
3810 0.1150E+02 0.6438E+03 0.1024E-05 0.5658E+01 0.7344E+06 0.6493E+03  7.110 0.0014 0.1269E-34 0.9919E+00
3815 0.1184E+02 0.6375E+03 0.9833E-06 0.5654E+01 0.7297E+06 0.6508E+03  7.097 0.0014 0.1268E-34 0.9919E+00
3818 0.1200E+02 0.6347E+03 0.9657E-06 0.5652E+01 0.7276E+06 0.6514E+03  7.092 0.0014 0.1268E-34 0.9919E+00
3820 0.1214E+02 0.6322E+03 0.9500E-06 0.5650E+01 0.7258E+06 0.6520E+03  7.087 0.0014 0.1268E-34 0.9919E+00
3825 0.1250E+02 0.6262E+03 0.9127E-06 0.5646E+01 0.7213E+06 0.6534E+03  7.075 0.0014 0.1268E-34 0.9919E+00
3825 0.1250E+02 0.6262E+03 0.9127E-06 0.5646E+01 0.7213E+06 0.6534E+03  7.075 0.0014 0.1268E-34 0.9919E+00
3830 0.1288E+02 0.6200E+03 0.8761E-06 0.5642E+01 0.7167E+06 0.6548E+03  7.063 0.0013 0.1267E-34 0.9919E+00
3832 0.1300E+02 0.6181E+03 0.8648E-06 0.5640E+01 0.7152E+06 0.6553E+03  7.059 0.0013 0.1267E-34 0.9919E+00
3835 0.1323E+02 0.6145E+03 0.8439E-06 0.5638E+01 0.7125E+06 0.6561E+03  7.052 0.0013 0.1267E-34 0.9919E+00
3839 0.1350E+02 0.6105E+03 0.8213E-06 0.5635E+01 0.7094E+06 0.6571E+03  7.044 0.0013 0.1267E-34 0.9919E+00
3840 0.1358E+02 0.6093E+03 0.8146E-06 0.5634E+01 0.7085E+06 0.6573E+03  7.041 0.0013 0.1267E-34 0.9919E+00
3845 0.1399E+02 0.6033E+03 0.7819E-06 0.5630E+01 0.7040E+06 0.6587E+03  7.029 0.0013 0.1267E-34 0.9919E+00
3846 0.1400E+02 0.6032E+03 0.7815E-06 0.5630E+01 0.7039E+06 0.6587E+03  7.029 0.0013 0.1267E-34 0.9919E+00
3850 0.1434E+02 0.5984E+03 0.7562E-06 0.5627E+01 0.7003E+06 0.6599E+03  7.019 0.0013 0.1266E-34 0.9919E+00
3852 0.1450E+02 0.5963E+03 0.7449E-06 0.5625E+01 0.6987E+06 0.6604E+03  7.015 0.0013 0.1266E-34 0.9919E+00
3855 0.1477E+02 0.5927E+03 0.7268E-06 0.5623E+01 0.6960E+06 0.6612E+03  7.008 0.0013 0.1266E-34 0.9919E+00
3858 0.1500E+02 0.5896E+03 0.7113E-06 0.5621E+01 0.6937E+06 0.6619E+03  7.001 0.0013 0.1266E-34 0.9919E+00
3860 0.1518E+02 0.5873E+03 0.6996E-06 0.5619E+01 0.6919E+06 0.6624E+03  6.996 0.0013 0.1266E-34 0.9919E+00
3864 0.1550E+02 0.5833E+03 0.6803E-06 0.5616E+01 0.6888E+06 0.6634E+03  6.988 0.0012 0.1266E-34 0.9919E+00
3865 0.1559E+02 0.5822E+03 0.6747E-06 0.5616E+01 0.6880E+06 0.6636E+03  6.986 0.0012 0.1266E-34 0.9919E+00
3870 0.1600E+02 0.5773E+03 0.6517E-06 0.5612E+01 0.6842E+06 0.6648E+03  6.976 0.0012 0.1265E-34 0.9919E+00
3870 0.1600E+02 0.5773E+03 0.6517E-06 0.5612E+01 0.6842E+06 0.6648E+03  6.976 0.0012 0.1265E-34 0.9919E+00
3875 0.1650E+02 0.5716E+03 0.6254E-06 0.5608E+01 0.6798E+06 0.6661E+03  6.964 0.0012 0.1265E-34 0.9919E+00
3876 0.1650E+02 0.5716E+03 0.6252E-06 0.5608E+01 0.6798E+06 0.6662E+03  6.963 0.0012 0.1265E-34 0.9919E+00
3880 0.1691E+02 0.5670E+03 0.6049E-06 0.5605E+01 0.6763E+06 0.6672E+03  6.954 0.0012 0.1265E-34 0.9919E+00
3881 0.1700E+02 0.5660E+03 0.6005E-06 0.5605E+01 0.6755E+06 0.6675E+03  6.952 0.0012 0.1265E-34 0.9919E+00
3885 0.1742E+02 0.5615E+03 0.5811E-06 0.5602E+01 0.6720E+06 0.6685E+03  6.942 0.0012 0.1265E-34 0.9919E+00
3886 0.1750E+02 0.5607E+03 0.5777E-06 0.5601E+01 0.6714E+06 0.6687E+03  6.940 0.0012 0.1265E-34 0.9919E+00
3890 0.1794E+02 0.5563E+03 0.5589E-06 0.5598E+01 0.6680E+06 0.6698E+03  6.931 0.0012 0.1265E-34 0.9919E+00
3891 0.1800E+02 0.5556E+03 0.5562E-06 0.5598E+01 0.6675E+06 0.6699E+03  6.929 0.0012 0.1265E-34 0.9919E+00
3895 0.1845E+02 0.5512E+03 0.5381E-06 0.5594E+01 0.6640E+06 0.6710E+03  6.920 0.0011 0.1264E-34 0.9919E+00
3896 0.1850E+02 0.5507E+03 0.5362E-06 0.5594E+01 0.6636E+06 0.6711E+03  6.919 0.0011 0.1264E-34 0.9919E+00
3900 0.1896E+02 0.5463E+03 0.5187E-06 0.5591E+01 0.6602E+06 0.6721E+03  6.909 0.0011 0.1264E-34 0.9919E+00
3901 0.1900E+02 0.5460E+03 0.5174E-06 0.5591E+01 0.6599E+06 0.6722E+03  6.908 0.0011 0.1264E-34 0.9919E+00
3905 0.1948E+02 0.5416E+03 0.5005E-06 0.5588E+01 0.6565E+06 0.6733E+03  6.899 0.0011 0.1264E-34 0.9919E+00
3906 0.1950E+02 0.5414E+03 0.4997E-06 0.5588E+01 0.6564E+06 0.6733E+03  6.898 0.0011 0.1264E-34 0.9919E+00
3910 0.1999E+02 0.5371E+03 0.4834E-06 0.5585E+01 0.6530E+06 0.6743E+03  6.889 0.0011 0.1264E-34 0.9919E+00
3911 0.2000E+02 0.5370E+03 0.4831E-06 0.5585E+01 0.6529E+06 0.6744E+03  6.889 0.0011 0.1264E-34 0.9919E+00
