 $INPUT
 IMODEL	=             1
 N	=           120
 MINSTP	=             0
 VEOS	=  1.000000000000000
 ILOOP	=             1
 STATIC	=   F
 FRACT	=  3.0000000000000001E-03
 SHINE	=  0.3000000000000000
 SHAVE	=  9.9999999999999995E-08
 POUT	=  5000000.000000000
 AMETH	=             2
 CMETH	=             1
 NOBOND	=             1
 TBEG	=  5.0000000000000004E-06
 TIMEF	=  20.00000000000000
 DTIMEO	=  5.0000000000000003E-02
 STEPO	=  0.5000000000000000
 LCORR	=   T
 LSTART	=   F
 MAXSTP	=         10000
 SPK	=  16.50000000000000
 STARL	=  0.0000000000000000E+00
 DIST	=  5.200000000000000
 ALB	=  0.3500000000000000
 TEFFS	=  5770.000000000000
 LCONV	=   T
 LTRANS	=   T
 LPOUT	=   F
 LFILL	=   F
 LCONT	=   T
 LBURN	=   T
 MAG	=  'O '
 GAM	=  '7X'
 MASS	=  59.67600000000000
 YHEA	=  0.2500000000000000
 YDI	=  2.0000000000000002E-05
 HB	=  1.000000000000000
 $end
 
 
 Gam,Mass,Yhe,Ydi,Dist,starl,alb=  7X  59.676   0.250 0.200E-04 0.520E+01 0.000E+00 0.350E+00
  I  Time(Gyrs) Teff        Lumin      Rad(Gcm)  Tc         Rhoc       S      Ratio  Yd         Yl


   5 0.5033E-06 0.2949E+04 0.1516E+00 0.1037E+03 0.2054E+06 0.1196E+00 16.486 0.0000 0.2000E-04 0.1000E+01
  10 0.1151E-05 0.2949E+04 0.1481E+00 0.1026E+03 0.2072E+06 0.1227E+00 16.465 0.0000 0.2000E-04 0.1000E+01
  15 0.1822E-05 0.2948E+04 0.1448E+00 0.1015E+03 0.2090E+06 0.1259E+00 16.445 0.0000 0.2000E-04 0.1000E+01
  20 0.2517E-05 0.2947E+04 0.1413E+00 0.1003E+03 0.2109E+06 0.1292E+00 16.424 0.0000 0.2000E-04 0.1000E+01
  25 0.3237E-05 0.2945E+04 0.1380E+00 0.9922E+02 0.2127E+06 0.1326E+00 16.403 0.0000 0.2000E-04 0.1000E+01
  30 0.3983E-05 0.2944E+04 0.1346E+00 0.9813E+02 0.2146E+06 0.1361E+00 16.383 0.0000 0.2000E-04 0.1000E+01
  35 0.4756E-05 0.2942E+04 0.1313E+00 0.9705E+02 0.2165E+06 0.1397E+00 16.362 0.0000 0.2000E-04 0.1000E+01
  37 0.0000E+00 0.2941E+04 0.1303E+00 0.9671E+02 0.2171E+06 0.1408E+00 16.356 0.0000 0.2000E-04 0.1000E+01
  40 0.4823E-06 0.2940E+04 0.1284E+00 0.9607E+02 0.2182E+06 0.1430E+00 16.343 0.0000 0.2000E-04 0.1000E+01
  45 0.1311E-05 0.2937E+04 0.1252E+00 0.9501E+02 0.2201E+06 0.1468E+00 16.322 0.0000 0.2000E-04 0.1000E+01
  50 0.2171E-05 0.2935E+04 0.1220E+00 0.9397E+02 0.2220E+06 0.1506E+00 16.301 0.0000 0.2000E-04 0.1000E+01
  55 0.3062E-05 0.2932E+04 0.1189E+00 0.9294E+02 0.2240E+06 0.1546E+00 16.280 0.0000 0.2000E-04 0.1000E+01
  60 0.3987E-05 0.2929E+04 0.1158E+00 0.9192E+02 0.2259E+06 0.1586E+00 16.260 0.0000 0.2000E-04 0.1000E+01
  65 0.4948E-05 0.2926E+04 0.1128E+00 0.9091E+02 0.2279E+06 0.1628E+00 16.239 0.0000 0.2000E-04 0.1000E+01
  70 0.5947E-05 0.2923E+04 0.1098E+00 0.8991E+02 0.2299E+06 0.1671E+00 16.217 0.0000 0.2000E-04 0.1000E+01
  75 0.6985E-05 0.2919E+04 0.1069E+00 0.8892E+02 0.2319E+06 0.1715E+00 16.196 0.0000 0.2000E-04 0.1000E+01
  80 0.8065E-05 0.2916E+04 0.1041E+00 0.8794E+02 0.2339E+06 0.1760E+00 16.175 0.0000 0.2000E-04 0.1000E+01
  85 0.9188E-05 0.2912E+04 0.1013E+00 0.8697E+02 0.2359E+06 0.1807E+00 16.154 0.0000 0.2000E-04 0.1000E+01
  90 0.1036E-04 0.2908E+04 0.9854E-01 0.8602E+02 0.2380E+06 0.1855E+00 16.132 0.0000 0.2000E-04 0.1000E+01
  95 0.1158E-04 0.2904E+04 0.9579E-01 0.8507E+02 0.2401E+06 0.1904E+00 16.111 0.0000 0.2000E-04 0.1000E+01
 100 0.1284E-04 0.2899E+04 0.9312E-01 0.8413E+02 0.2422E+06 0.1955E+00 16.089 0.0000 0.2000E-04 0.1000E+01
 105 0.1416E-04 0.2895E+04 0.9055E-01 0.8321E+02 0.2443E+06 0.2007E+00 16.067 0.0000 0.2000E-04 0.1000E+01
 110 0.1553E-04 0.2891E+04 0.8807E-01 0.8229E+02 0.2464E+06 0.2060E+00 16.046 0.0000 0.2000E-04 0.1000E+01
 115 0.1694E-04 0.2887E+04 0.8567E-01 0.8140E+02 0.2485E+06 0.2114E+00 16.024 0.0000 0.2000E-04 0.1000E+01
 120 0.1841E-04 0.2883E+04 0.8336E-01 0.8052E+02 0.2506E+06 0.2170E+00 16.003 0.0000 0.2000E-04 0.1000E+01
 125 0.1992E-04 0.2879E+04 0.8113E-01 0.7965E+02 0.2527E+06 0.2226E+00 15.981 0.0000 0.2000E-04 0.1000E+01
 130 0.2149E-04 0.2875E+04 0.7894E-01 0.7879E+02 0.2548E+06 0.2284E+00 15.960 0.0000 0.2000E-04 0.1000E+01
 135 0.2312E-04 0.2870E+04 0.7676E-01 0.7795E+02 0.2569E+06 0.2343E+00 15.938 0.0000 0.2000E-04 0.1000E+01
 140 0.2480E-04 0.2866E+04 0.7472E-01 0.7712E+02 0.2590E+06 0.2403E+00 15.917 0.0000 0.2000E-04 0.1000E+01
 145 0.2654E-04 0.2862E+04 0.7271E-01 0.7628E+02 0.2611E+06 0.2467E+00 15.895 0.0000 0.2000E-04 0.1000E+01
 150 0.2835E-04 0.2859E+04 0.7083E-01 0.7547E+02 0.2632E+06 0.2529E+00 15.873 0.0000 0.2000E-04 0.1000E+01
 155 0.3022E-04 0.2855E+04 0.6902E-01 0.7468E+02 0.2653E+06 0.2594E+00 15.852 0.0000 0.2000E-04 0.1000E+01
 160 0.3215E-04 0.2852E+04 0.6728E-01 0.7389E+02 0.2674E+06 0.2659E+00 15.830 0.0000 0.2000E-04 0.1000E+01
 165 0.3415E-04 0.2849E+04 0.6560E-01 0.7312E+02 0.2695E+06 0.2726E+00 15.809 0.0000 0.2000E-04 0.1000E+01
 170 0.3622E-04 0.2846E+04 0.6397E-01 0.7236E+02 0.2715E+06 0.2795E+00 15.787 0.0000 0.2000E-04 0.1000E+01
 175 0.3835E-04 0.2842E+04 0.6233E-01 0.7161E+02 0.2736E+06 0.2865E+00 15.766 0.0000 0.2000E-04 0.1000E+01
 180 0.4056E-04 0.2839E+04 0.6074E-01 0.7087E+02 0.2757E+06 0.2937E+00 15.744 0.0000 0.2000E-04 0.1000E+01
 185 0.4285E-04 0.2835E+04 0.5922E-01 0.7014E+02 0.2778E+06 0.3010E+00 15.723 0.0000 0.2000E-04 0.1000E+01
 190 0.4521E-04 0.2832E+04 0.5777E-01 0.6942E+02 0.2799E+06 0.3084E+00 15.701 0.0000 0.2000E-04 0.1000E+01
 195 0.4765E-04 0.2830E+04 0.5638E-01 0.6872E+02 0.2820E+06 0.3161E+00 15.680 0.0000 0.2000E-04 0.1000E+01
 200 0.5016E-04 0.2827E+04 0.5500E-01 0.6802E+02 0.2841E+06 0.3238E+00 15.658 0.0000 0.2000E-04 0.1000E+01
 205 0.5276E-04 0.2822E+04 0.5357E-01 0.6733E+02 0.2862E+06 0.3318E+00 15.637 0.0000 0.2000E-04 0.1000E+01
 210 0.5546E-04 0.2818E+04 0.5219E-01 0.6665E+02 0.2883E+06 0.3399E+00 15.616 0.0000 0.2000E-04 0.1000E+01
 215 0.5824E-04 0.2814E+04 0.5087E-01 0.6598E+02 0.2904E+06 0.3482E+00 15.594 0.0000 0.2000E-04 0.1000E+01
 220 0.6112E-04 0.2811E+04 0.4959E-01 0.6532E+02 0.2925E+06 0.3567E+00 15.573 0.0000 0.2000E-04 0.1000E+01
 225 0.6410E-04 0.2807E+04 0.4837E-01 0.6467E+02 0.2946E+06 0.3653E+00 15.551 0.0000 0.2000E-04 0.1000E+01
 230 0.6718E-04 0.2803E+04 0.4713E-01 0.6403E+02 0.2967E+06 0.3742E+00 15.530 0.0000 0.2000E-04 0.1000E+01
 235 0.7036E-04 0.2799E+04 0.4595E-01 0.6340E+02 0.2988E+06 0.3832E+00 15.508 0.0000 0.2000E-04 0.1000E+01
 240 0.7364E-04 0.2796E+04 0.4483E-01 0.6277E+02 0.3009E+06 0.3925E+00 15.487 0.0000 0.2000E-04 0.1000E+01
 245 0.7704E-04 0.2793E+04 0.4375E-01 0.6215E+02 0.3030E+06 0.4019E+00 15.465 0.0000 0.2000E-04 0.1000E+01
 250 0.8056E-04 0.2790E+04 0.4272E-01 0.6154E+02 0.3051E+06 0.4116E+00 15.443 0.0000 0.2000E-04 0.1000E+01
 255 0.8418E-04 0.2787E+04 0.4172E-01 0.6094E+02 0.3072E+06 0.4215E+00 15.422 0.0000 0.2000E-04 0.1000E+01
 260 0.8792E-04 0.2784E+04 0.4077E-01 0.6034E+02 0.3094E+06 0.4316E+00 15.400 0.0000 0.2000E-04 0.1000E+01
 265 0.9178E-04 0.2782E+04 0.3984E-01 0.5976E+02 0.3115E+06 0.4419E+00 15.379 0.0000 0.2000E-04 0.1000E+01
 270 0.9577E-04 0.2779E+04 0.3887E-01 0.5918E+02 0.3137E+06 0.4526E+00 15.357 0.0000 0.2000E-04 0.1000E+01
 275 0.9990E-04 0.2775E+04 0.3792E-01 0.5860E+02 0.3159E+06 0.4634E+00 15.335 0.0000 0.2000E-04 0.1000E+01
 280 0.1042E-03 0.2771E+04 0.3699E-01 0.5804E+02 0.3180E+06 0.4744E+00 15.314 0.0000 0.2000E-04 0.1000E+01
 285 0.1086E-03 0.2768E+04 0.3611E-01 0.5748E+02 0.3202E+06 0.4858E+00 15.292 0.0000 0.2000E-04 0.1000E+01
 290 0.1131E-03 0.2765E+04 0.3532E-01 0.5696E+02 0.3223E+06 0.4968E+00 15.271 0.0000 0.2000E-04 0.1000E+01
 295 0.1178E-03 0.2762E+04 0.3449E-01 0.5641E+02 0.3245E+06 0.5088E+00 15.249 0.0000 0.2000E-04 0.1000E+01
 300 0.1227E-03 0.2759E+04 0.3368E-01 0.5586E+02 0.3268E+06 0.5210E+00 15.227 0.0000 0.2000E-04 0.1000E+01
 305 0.1277E-03 0.2756E+04 0.3289E-01 0.5533E+02 0.3290E+06 0.5336E+00 15.205 0.0000 0.2000E-04 0.1000E+01
 310 0.1329E-03 0.2753E+04 0.3213E-01 0.5479E+02 0.3313E+06 0.5465E+00 15.183 0.0000 0.2000E-04 0.1000E+01
 315 0.1383E-03 0.2751E+04 0.3140E-01 0.5427E+02 0.3336E+06 0.5597E+00 15.161 0.0000 0.2000E-04 0.1000E+01
 320 0.1438E-03 0.2748E+04 0.3070E-01 0.5375E+02 0.3359E+06 0.5732E+00 15.139 0.0000 0.2000E-04 0.1000E+01
 325 0.1495E-03 0.2746E+04 0.3001E-01 0.5323E+02 0.3382E+06 0.5871E+00 15.117 0.0000 0.2000E-04 0.1000E+01
 330 0.1555E-03 0.2744E+04 0.2935E-01 0.5272E+02 0.3406E+06 0.6014E+00 15.094 0.0000 0.2000E-04 0.1000E+01
 335 0.1616E-03 0.2742E+04 0.2872E-01 0.5221E+02 0.3430E+06 0.6160E+00 15.072 0.0000 0.2000E-04 0.1000E+01
 340 0.1679E-03 0.2741E+04 0.2810E-01 0.5171E+02 0.3454E+06 0.6310E+00 15.049 0.0000 0.2000E-04 0.1000E+01
 345 0.1743E-03 0.2739E+04 0.2750E-01 0.5122E+02 0.3478E+06 0.6465E+00 15.027 0.0000 0.2000E-04 0.1000E+01
 350 0.1810E-03 0.2738E+04 0.2692E-01 0.5073E+02 0.3502E+06 0.6623E+00 15.004 0.0000 0.2000E-04 0.1000E+01
 355 0.1880E-03 0.2736E+04 0.2636E-01 0.5024E+02 0.3527E+06 0.6786E+00 14.982 0.0000 0.2000E-04 0.1000E+01
 360 0.1951E-03 0.2735E+04 0.2581E-01 0.4976E+02 0.3552E+06 0.6953E+00 14.959 0.0000 0.2000E-04 0.1000E+01
 365 0.2024E-03 0.2734E+04 0.2528E-01 0.4928E+02 0.3577E+06 0.7124E+00 14.936 0.0000 0.2000E-04 0.1000E+01
 370 0.2100E-03 0.2733E+04 0.2476E-01 0.4881E+02 0.3603E+06 0.7300E+00 14.914 0.0000 0.2000E-04 0.1000E+01
 375 0.2178E-03 0.2732E+04 0.2426E-01 0.4834E+02 0.3629E+06 0.7481E+00 14.891 0.0000 0.2000E-04 0.1000E+01
 380 0.2258E-03 0.2732E+04 0.2377E-01 0.4788E+02 0.3655E+06 0.7667E+00 14.868 0.0000 0.2000E-04 0.1000E+01
 385 0.2341E-03 0.2731E+04 0.2330E-01 0.4742E+02 0.3682E+06 0.7857E+00 14.845 0.0001 0.2000E-04 0.1000E+01
 390 0.2427E-03 0.2730E+04 0.2283E-01 0.4696E+02 0.3709E+06 0.8053E+00 14.822 0.0001 0.2000E-04 0.1000E+01
 395 0.2515E-03 0.2730E+04 0.2238E-01 0.4652E+02 0.3736E+06 0.8254E+00 14.799 0.0001 0.2000E-04 0.1000E+01
 400 0.2605E-03 0.2730E+04 0.2194E-01 0.4607E+02 0.3763E+06 0.8461E+00 14.775 0.0001 0.2000E-04 0.1000E+01
 405 0.2699E-03 0.2729E+04 0.2151E-01 0.4563E+02 0.3791E+06 0.8673E+00 14.752 0.0001 0.2000E-04 0.1000E+01
 410 0.2794E-03 0.2729E+04 0.2111E-01 0.4519E+02 0.3819E+06 0.8891E+00 14.729 0.0001 0.2000E-04 0.1000E+01
 415 0.2893E-03 0.2730E+04 0.2072E-01 0.4476E+02 0.3847E+06 0.9114E+00 14.706 0.0001 0.2000E-04 0.1000E+01
 420 0.2994E-03 0.2730E+04 0.2034E-01 0.4433E+02 0.3876E+06 0.9344E+00 14.682 0.0002 0.2000E-04 0.1000E+01
 425 0.3099E-03 0.2731E+04 0.1997E-01 0.4391E+02 0.3905E+06 0.9580E+00 14.659 0.0002 0.2000E-04 0.1000E+01
 430 0.3206E-03 0.2731E+04 0.1960E-01 0.4349E+02 0.3934E+06 0.9822E+00 14.635 0.0002 0.2000E-04 0.1000E+01
 435 0.3316E-03 0.2732E+04 0.1925E-01 0.4308E+02 0.3964E+06 0.1007E+01 14.612 0.0003 0.2000E-04 0.1000E+01
 440 0.3429E-03 0.2733E+04 0.1890E-01 0.4267E+02 0.3994E+06 0.1033E+01 14.588 0.0003 0.2000E-04 0.1000E+01
 445 0.3545E-03 0.2733E+04 0.1856E-01 0.4226E+02 0.4024E+06 0.1059E+01 14.565 0.0004 0.2000E-04 0.1000E+01
 450 0.3665E-03 0.2734E+04 0.1823E-01 0.4186E+02 0.4055E+06 0.1086E+01 14.541 0.0004 0.2000E-04 0.1000E+01
 455 0.3787E-03 0.2735E+04 0.1791E-01 0.4146E+02 0.4085E+06 0.1113E+01 14.517 0.0005 0.2000E-04 0.1000E+01
 460 0.3913E-03 0.2736E+04 0.1759E-01 0.4107E+02 0.4116E+06 0.1142E+01 14.494 0.0006 0.2000E-04 0.1000E+01
 465 0.4043E-03 0.2737E+04 0.1728E-01 0.4067E+02 0.4148E+06 0.1171E+01 14.470 0.0007 0.2000E-04 0.1000E+01
 470 0.4176E-03 0.2738E+04 0.1698E-01 0.4029E+02 0.4179E+06 0.1201E+01 14.446 0.0008 0.2000E-04 0.1000E+01
 475 0.4313E-03 0.2739E+04 0.1668E-01 0.3991E+02 0.4211E+06 0.1232E+01 14.422 0.0010 0.2000E-04 0.1000E+01
 480 0.4453E-03 0.2740E+04 0.1640E-01 0.3953E+02 0.4244E+06 0.1263E+01 14.398 0.0012 0.2000E-04 0.1000E+01
 485 0.4597E-03 0.2742E+04 0.1614E-01 0.3915E+02 0.4276E+06 0.1296E+01 14.375 0.0014 0.2000E-04 0.1000E+01
 490 0.4744E-03 0.2744E+04 0.1587E-01 0.3878E+02 0.4309E+06 0.1329E+01 14.351 0.0016 0.2000E-04 0.1000E+01
 495 0.4896E-03 0.2745E+04 0.1561E-01 0.3841E+02 0.4342E+06 0.1363E+01 14.327 0.0019 0.2000E-04 0.1000E+01
 500 0.5051E-03 0.2747E+04 0.1536E-01 0.3805E+02 0.4376E+06 0.1398E+01 14.303 0.0022 0.2000E-04 0.1000E+01
 505 0.5211E-03 0.2749E+04 0.1511E-01 0.3769E+02 0.4410E+06 0.1434E+01 14.279 0.0026 0.2000E-04 0.1000E+01
 510 0.5374E-03 0.2751E+04 0.1486E-01 0.3733E+02 0.4444E+06 0.1472E+01 14.254 0.0031 0.2000E-04 0.1000E+01
 515 0.5542E-03 0.2753E+04 0.1463E-01 0.3698E+02 0.4478E+06 0.1510E+01 14.230 0.0036 0.2000E-04 0.1000E+01
 520 0.5715E-03 0.2755E+04 0.1439E-01 0.3663E+02 0.4513E+06 0.1549E+01 14.206 0.0042 0.2000E-04 0.1000E+01
 525 0.5892E-03 0.2757E+04 0.1416E-01 0.3628E+02 0.4547E+06 0.1589E+01 14.182 0.0050 0.2000E-04 0.1000E+01
 530 0.6074E-03 0.2759E+04 0.1393E-01 0.3594E+02 0.4582E+06 0.1630E+01 14.157 0.0058 0.2000E-04 0.1000E+01
 535 0.6261E-03 0.2761E+04 0.1371E-01 0.3560E+02 0.4618E+06 0.1673E+01 14.133 0.0068 0.2000E-04 0.1000E+01
 540 0.6453E-03 0.2763E+04 0.1349E-01 0.3526E+02 0.4653E+06 0.1716E+01 14.108 0.0080 0.2000E-04 0.1000E+01
 545 0.6651E-03 0.2765E+04 0.1327E-01 0.3493E+02 0.4689E+06 0.1761E+01 14.084 0.0094 0.1999E-04 0.1000E+01
 550 0.6854E-03 0.2767E+04 0.1306E-01 0.3460E+02 0.4725E+06 0.1807E+01 14.059 0.0110 0.1999E-04 0.1000E+01
 555 0.7063E-03 0.2769E+04 0.1285E-01 0.3427E+02 0.4762E+06 0.1855E+01 14.035 0.0129 0.1999E-04 0.1000E+01
 560 0.7278E-03 0.2771E+04 0.1264E-01 0.3394E+02 0.4799E+06 0.1904E+01 14.010 0.0152 0.1999E-04 0.1000E+01
 565 0.7500E-03 0.2772E+04 0.1244E-01 0.3362E+02 0.4836E+06 0.1954E+01 13.985 0.0178 0.1999E-04 0.1000E+01
 570 0.7728E-03 0.2774E+04 0.1224E-01 0.3330E+02 0.4873E+06 0.2006E+01 13.960 0.0209 0.1999E-04 0.1000E+01
 575 0.7963E-03 0.2776E+04 0.1203E-01 0.3298E+02 0.4911E+06 0.2059E+01 13.935 0.0245 0.1998E-04 0.1000E+01
 580 0.8206E-03 0.2778E+04 0.1183E-01 0.3267E+02 0.4949E+06 0.2114E+01 13.910 0.0287 0.1998E-04 0.1000E+01
 585 0.8457E-03 0.2780E+04 0.1164E-01 0.3235E+02 0.4987E+06 0.2170E+01 13.885 0.0336 0.1998E-04 0.1000E+01
 590 0.8716E-03 0.2781E+04 0.1145E-01 0.3205E+02 0.5025E+06 0.2228E+01 13.859 0.0394 0.1997E-04 0.1000E+01
 595 0.8984E-03 0.2783E+04 0.1126E-01 0.3174E+02 0.5063E+06 0.2288E+01 13.834 0.0461 0.1997E-04 0.1000E+01
 600 0.9261E-03 0.2785E+04 0.1107E-01 0.3144E+02 0.5102E+06 0.2349E+01 13.809 0.0539 0.1996E-04 0.1000E+01
 605 0.9548E-03 0.2786E+04 0.1088E-01 0.3114E+02 0.5141E+06 0.2411E+01 13.783 0.0631 0.1996E-04 0.1000E+01
 610 0.9846E-03 0.2788E+04 0.1070E-01 0.3084E+02 0.5181E+06 0.2476E+01 13.758 0.0737 0.1995E-04 0.1000E+01
 615 0.1016E-02 0.2789E+04 0.1051E-01 0.3055E+02 0.5220E+06 0.2542E+01 13.733 0.0862 0.1994E-04 0.1000E+01
 620 0.1048E-02 0.2790E+04 0.1033E-01 0.3026E+02 0.5259E+06 0.2610E+01 13.707 0.1007 0.1993E-04 0.1000E+01
 625 0.1082E-02 0.2791E+04 0.1015E-01 0.2997E+02 0.5299E+06 0.2680E+01 13.681 0.1175 0.1991E-04 0.1000E+01
 630 0.1117E-02 0.2793E+04 0.9978E-02 0.2968E+02 0.5339E+06 0.2752E+01 13.656 0.1371 0.1989E-04 0.1000E+01
 635 0.1155E-02 0.2794E+04 0.9803E-02 0.2940E+02 0.5379E+06 0.2826E+01 13.630 0.1598 0.1987E-04 0.1000E+01
 640 0.1195E-02 0.2795E+04 0.9631E-02 0.2912E+02 0.5419E+06 0.2902E+01 13.604 0.1862 0.1985E-04 0.1000E+01
 645 0.1237E-02 0.2796E+04 0.9461E-02 0.2884E+02 0.5459E+06 0.2980E+01 13.578 0.2169 0.1982E-04 0.1000E+01
 650 0.1282E-02 0.2797E+04 0.9294E-02 0.2856E+02 0.5500E+06 0.3061E+01 13.552 0.2523 0.1978E-04 0.1000E+01
 655 0.1331E-02 0.2798E+04 0.9131E-02 0.2829E+02 0.5541E+06 0.3143E+01 13.526 0.2930 0.1973E-04 0.1000E+01
 660 0.1384E-02 0.2799E+04 0.8971E-02 0.2802E+02 0.5582E+06 0.3228E+01 13.500 0.3400 0.1967E-04 0.1000E+01
 665 0.1443E-02 0.2799E+04 0.8812E-02 0.2776E+02 0.5623E+06 0.3315E+01 13.474 0.3939 0.1960E-04 0.1000E+01
 670 0.1510E-02 0.2800E+04 0.8656E-02 0.2749E+02 0.5664E+06 0.3404E+01 13.448 0.4555 0.1951E-04 0.1000E+01
 675 0.1587E-02 0.2801E+04 0.8503E-02 0.2723E+02 0.5706E+06 0.3495E+01 13.422 0.5255 0.1938E-04 0.1000E+01
 680 0.1680E-02 0.2802E+04 0.8351E-02 0.2698E+02 0.5747E+06 0.3589E+01 13.396 0.6045 0.1921E-04 0.1000E+01
 685 0.1798E-02 0.2802E+04 0.8203E-02 0.2673E+02 0.5789E+06 0.3684E+01 13.370 0.6919 0.1897E-04 0.1000E+01
 690 0.1924E-02 0.2803E+04 0.8085E-02 0.2653E+02 0.5822E+06 0.3763E+01 13.350 0.7667 0.1869E-04 0.1000E+01
 695 0.2039E-02 0.2803E+04 0.8005E-02 0.2639E+02 0.5845E+06 0.3818E+01 13.335 0.8189 0.1841E-04 0.1000E+01
 700 0.2147E-02 0.2803E+04 0.7946E-02 0.2629E+02 0.5862E+06 0.3859E+01 13.325 0.8558 0.1813E-04 0.1000E+01
 705 0.2250E-02 0.2803E+04 0.7902E-02 0.2621E+02 0.5875E+06 0.3891E+01 13.317 0.8820 0.1786E-04 0.1000E+01
 710 0.2350E-02 0.2803E+04 0.7867E-02 0.2615E+02 0.5886E+06 0.3916E+01 13.311 0.9005 0.1759E-04 0.1000E+01
 715 0.2447E-02 0.2803E+04 0.7838E-02 0.2610E+02 0.5894E+06 0.3937E+01 13.305 0.9139 0.1733E-04 0.1000E+01
 720 0.2541E-02 0.2804E+04 0.7813E-02 0.2606E+02 0.5902E+06 0.3955E+01 13.301 0.9234 0.1707E-04 0.1000E+01
 725 0.2633E-02 0.2804E+04 0.7791E-02 0.2602E+02 0.5908E+06 0.3971E+01 13.297 0.9302 0.1682E-04 0.1000E+01
 730 0.2724E-02 0.2804E+04 0.7772E-02 0.2599E+02 0.5914E+06 0.3986E+01 13.293 0.9350 0.1657E-04 0.1000E+01
 735 0.2813E-02 0.2804E+04 0.7754E-02 0.2596E+02 0.5919E+06 0.3999E+01 13.290 0.9383 0.1632E-04 0.1000E+01
 740 0.2901E-02 0.2804E+04 0.7737E-02 0.2593E+02 0.5924E+06 0.4012E+01 13.287 0.9406 0.1608E-04 0.1000E+01
 745 0.2987E-02 0.2804E+04 0.7721E-02 0.2590E+02 0.5929E+06 0.4024E+01 13.284 0.9421 0.1584E-04 0.1000E+01
 746 0.3000E-02 0.2804E+04 0.7719E-02 0.2590E+02 0.5930E+06 0.4025E+01 13.283 0.9422 0.1580E-04 0.1000E+01
 750 0.3068E-02 0.2804E+04 0.7706E-02 0.2588E+02 0.5933E+06 0.4035E+01 13.281 0.9430 0.1561E-04 0.1000E+01
 755 0.3152E-02 0.2804E+04 0.7691E-02 0.2585E+02 0.5938E+06 0.4046E+01 13.278 0.9435 0.1538E-04 0.1000E+01
 760 0.3235E-02 0.2804E+04 0.7676E-02 0.2582E+02 0.5942E+06 0.4057E+01 13.276 0.9437 0.1515E-04 0.1000E+01
 765 0.3317E-02 0.2804E+04 0.7662E-02 0.2580E+02 0.5947E+06 0.4068E+01 13.273 0.9436 0.1492E-04 0.1000E+01
 770 0.3398E-02 0.2804E+04 0.7648E-02 0.2578E+02 0.5951E+06 0.4079E+01 13.270 0.9434 0.1470E-04 0.1000E+01
 775 0.3478E-02 0.2804E+04 0.7634E-02 0.2575E+02 0.5955E+06 0.4090E+01 13.268 0.9430 0.1448E-04 0.1000E+01
 780 0.3556E-02 0.2804E+04 0.7620E-02 0.2573E+02 0.5960E+06 0.4101E+01 13.265 0.9425 0.1427E-04 0.1000E+01
 785 0.3634E-02 0.2804E+04 0.7606E-02 0.2570E+02 0.5964E+06 0.4111E+01 13.263 0.9419 0.1405E-04 0.1000E+01
 790 0.3711E-02 0.2804E+04 0.7592E-02 0.2568E+02 0.5968E+06 0.4122E+01 13.260 0.9413 0.1385E-04 0.1000E+01
 795 0.3787E-02 0.2804E+04 0.7579E-02 0.2566E+02 0.5972E+06 0.4133E+01 13.258 0.9406 0.1364E-04 0.1000E+01
 800 0.3862E-02 0.2804E+04 0.7565E-02 0.2563E+02 0.5976E+06 0.4143E+01 13.255 0.9398 0.1344E-04 0.1000E+01
 805 0.3936E-02 0.2804E+04 0.7552E-02 0.2561E+02 0.5980E+06 0.4154E+01 13.252 0.9391 0.1324E-04 0.1000E+01
 810 0.4009E-02 0.2804E+04 0.7538E-02 0.2559E+02 0.5985E+06 0.4165E+01 13.250 0.9382 0.1304E-04 0.1000E+01
 815 0.4081E-02 0.2804E+04 0.7525E-02 0.2556E+02 0.5989E+06 0.4175E+01 13.247 0.9374 0.1284E-04 0.1000E+01
 820 0.4153E-02 0.2804E+04 0.7511E-02 0.2554E+02 0.5993E+06 0.4186E+01 13.245 0.9365 0.1265E-04 0.1000E+01
 825 0.4223E-02 0.2804E+04 0.7498E-02 0.2552E+02 0.5997E+06 0.4197E+01 13.242 0.9357 0.1246E-04 0.1000E+01
 830 0.4293E-02 0.2804E+04 0.7485E-02 0.2549E+02 0.6001E+06 0.4207E+01 13.240 0.9347 0.1228E-04 0.1000E+01
 835 0.4361E-02 0.2804E+04 0.7471E-02 0.2547E+02 0.6005E+06 0.4218E+01 13.237 0.9338 0.1209E-04 0.1000E+01
 840 0.4429E-02 0.2804E+04 0.7458E-02 0.2545E+02 0.6009E+06 0.4229E+01 13.235 0.9329 0.1191E-04 0.1000E+01
 845 0.4496E-02 0.2804E+04 0.7445E-02 0.2543E+02 0.6014E+06 0.4240E+01 13.232 0.9319 0.1174E-04 0.1000E+01
 850 0.4562E-02 0.2804E+04 0.7432E-02 0.2540E+02 0.6018E+06 0.4250E+01 13.230 0.9309 0.1156E-04 0.1000E+01
 855 0.4628E-02 0.2804E+04 0.7419E-02 0.2538E+02 0.6022E+06 0.4261E+01 13.227 0.9300 0.1139E-04 0.1000E+01
 860 0.4693E-02 0.2804E+04 0.7405E-02 0.2536E+02 0.6026E+06 0.4272E+01 13.225 0.9290 0.1122E-04 0.1000E+01
 865 0.4756E-02 0.2804E+04 0.7392E-02 0.2533E+02 0.6030E+06 0.4283E+01 13.222 0.9280 0.1105E-04 0.1000E+01
 870 0.4820E-02 0.2804E+04 0.7379E-02 0.2531E+02 0.6034E+06 0.4294E+01 13.220 0.9269 0.1089E-04 0.1000E+01
 875 0.4882E-02 0.2804E+04 0.7366E-02 0.2529E+02 0.6038E+06 0.4305E+01 13.217 0.9259 0.1073E-04 0.1000E+01
 880 0.4944E-02 0.2804E+04 0.7353E-02 0.2527E+02 0.6042E+06 0.4315E+01 13.215 0.9248 0.1057E-04 0.1000E+01
 885 0.5004E-02 0.2804E+04 0.7340E-02 0.2524E+02 0.6046E+06 0.4326E+01 13.212 0.9238 0.1041E-04 0.1000E+01
 890 0.5064E-02 0.2804E+04 0.7327E-02 0.2522E+02 0.6050E+06 0.4337E+01 13.210 0.9227 0.1025E-04 0.1000E+01
 895 0.5124E-02 0.2804E+04 0.7314E-02 0.2520E+02 0.6055E+06 0.4348E+01 13.207 0.9216 0.1010E-04 0.1000E+01
 900 0.5183E-02 0.2804E+04 0.7302E-02 0.2518E+02 0.6059E+06 0.4359E+01 13.205 0.9205 0.9950E-05 0.1000E+01
 905 0.5241E-02 0.2804E+04 0.7289E-02 0.2515E+02 0.6063E+06 0.4370E+01 13.202 0.9194 0.9801E-05 0.1000E+01
 910 0.5298E-02 0.2804E+04 0.7276E-02 0.2513E+02 0.6067E+06 0.4381E+01 13.200 0.9183 0.9655E-05 0.1000E+01
 915 0.5354E-02 0.2804E+04 0.7263E-02 0.2511E+02 0.6071E+06 0.4392E+01 13.197 0.9171 0.9511E-05 0.1000E+01
 920 0.5410E-02 0.2804E+04 0.7250E-02 0.2509E+02 0.6075E+06 0.4403E+01 13.195 0.9160 0.9369E-05 0.1000E+01
 925 0.5466E-02 0.2804E+04 0.7238E-02 0.2506E+02 0.6079E+06 0.4414E+01 13.192 0.9148 0.9230E-05 0.1000E+01
 930 0.5520E-02 0.2804E+04 0.7225E-02 0.2504E+02 0.6083E+06 0.4425E+01 13.190 0.9136 0.9092E-05 0.1000E+01
 935 0.5574E-02 0.2804E+04 0.7212E-02 0.2502E+02 0.6087E+06 0.4436E+01 13.187 0.9124 0.8957E-05 0.1000E+01
 940 0.5628E-02 0.2805E+04 0.7200E-02 0.2500E+02 0.6091E+06 0.4448E+01 13.185 0.9112 0.8823E-05 0.1000E+01
 945 0.5680E-02 0.2805E+04 0.7187E-02 0.2498E+02 0.6095E+06 0.4459E+01 13.182 0.9100 0.8692E-05 0.1000E+01
 950 0.5732E-02 0.2805E+04 0.7174E-02 0.2495E+02 0.6100E+06 0.4470E+01 13.180 0.9088 0.8562E-05 0.1000E+01
 955 0.5784E-02 0.2805E+04 0.7162E-02 0.2493E+02 0.6104E+06 0.4481E+01 13.177 0.9075 0.8434E-05 0.1000E+01
 960 0.5835E-02 0.2805E+04 0.7149E-02 0.2491E+02 0.6108E+06 0.4492E+01 13.175 0.9062 0.8309E-05 0.1000E+01
 965 0.5885E-02 0.2805E+04 0.7137E-02 0.2489E+02 0.6112E+06 0.4503E+01 13.173 0.9050 0.8185E-05 0.1000E+01
 970 0.5934E-02 0.2805E+04 0.7124E-02 0.2487E+02 0.6116E+06 0.4515E+01 13.170 0.9037 0.8063E-05 0.1000E+01
 975 0.5983E-02 0.2805E+04 0.7112E-02 0.2484E+02 0.6120E+06 0.4526E+01 13.168 0.9024 0.7943E-05 0.1000E+01
 980 0.6032E-02 0.2805E+04 0.7100E-02 0.2482E+02 0.6124E+06 0.4537E+01 13.165 0.9010 0.7824E-05 0.1000E+01
 985 0.6080E-02 0.2805E+04 0.7087E-02 0.2480E+02 0.6128E+06 0.4548E+01 13.163 0.8997 0.7708E-05 0.1000E+01
 990 0.6127E-02 0.2805E+04 0.7075E-02 0.2478E+02 0.6132E+06 0.4560E+01 13.160 0.8983 0.7593E-05 0.1000E+01
 995 0.6174E-02 0.2805E+04 0.7063E-02 0.2476E+02 0.6136E+06 0.4571E+01 13.158 0.8970 0.7480E-05 0.1000E+01
1000 0.6220E-02 0.2805E+04 0.7050E-02 0.2474E+02 0.6140E+06 0.4582E+01 13.155 0.8956 0.7368E-05 0.1000E+01
1005 0.6266E-02 0.2805E+04 0.7038E-02 0.2471E+02 0.6144E+06 0.4594E+01 13.153 0.8942 0.7258E-05 0.1000E+01
1010 0.6311E-02 0.2805E+04 0.7026E-02 0.2469E+02 0.6148E+06 0.4605E+01 13.150 0.8928 0.7150E-05 0.1000E+01
1015 0.6356E-02 0.2805E+04 0.7014E-02 0.2467E+02 0.6152E+06 0.4616E+01 13.148 0.8914 0.7044E-05 0.1000E+01
1020 0.6400E-02 0.2805E+04 0.7002E-02 0.2465E+02 0.6156E+06 0.4628E+01 13.146 0.8900 0.6939E-05 0.1000E+01
1025 0.6444E-02 0.2805E+04 0.6990E-02 0.2463E+02 0.6160E+06 0.4639E+01 13.143 0.8885 0.6835E-05 0.1000E+01
1030 0.6487E-02 0.2805E+04 0.6977E-02 0.2461E+02 0.6164E+06 0.4651E+01 13.141 0.8870 0.6733E-05 0.1000E+01
1035 0.6529E-02 0.2805E+04 0.6965E-02 0.2459E+02 0.6168E+06 0.4662E+01 13.138 0.8856 0.6633E-05 0.1000E+01
1040 0.6571E-02 0.2805E+04 0.6953E-02 0.2456E+02 0.6173E+06 0.4673E+01 13.136 0.8841 0.6534E-05 0.1000E+01
1045 0.6613E-02 0.2805E+04 0.6941E-02 0.2454E+02 0.6177E+06 0.4685E+01 13.133 0.8826 0.6437E-05 0.1000E+01
1050 0.6654E-02 0.2805E+04 0.6930E-02 0.2452E+02 0.6181E+06 0.4696E+01 13.131 0.8810 0.6341E-05 0.1000E+01
1055 0.6695E-02 0.2805E+04 0.6918E-02 0.2450E+02 0.6185E+06 0.4708E+01 13.129 0.8795 0.6246E-05 0.1000E+01
1060 0.6735E-02 0.2805E+04 0.6906E-02 0.2448E+02 0.6189E+06 0.4719E+01 13.126 0.8779 0.6153E-05 0.1000E+01
1065 0.6775E-02 0.2805E+04 0.6894E-02 0.2446E+02 0.6193E+06 0.4731E+01 13.124 0.8764 0.6061E-05 0.1000E+01
1070 0.6814E-02 0.2805E+04 0.6882E-02 0.2444E+02 0.6197E+06 0.4742E+01 13.121 0.8748 0.5971E-05 0.1000E+01
1075 0.6853E-02 0.2805E+04 0.6870E-02 0.2442E+02 0.6201E+06 0.4754E+01 13.119 0.8732 0.5882E-05 0.1000E+01
1080 0.6891E-02 0.2805E+04 0.6859E-02 0.2440E+02 0.6205E+06 0.4765E+01 13.116 0.8716 0.5794E-05 0.1000E+01
1085 0.6929E-02 0.2805E+04 0.6847E-02 0.2438E+02 0.6209E+06 0.4777E+01 13.114 0.8699 0.5708E-05 0.1000E+01
1090 0.6967E-02 0.2805E+04 0.6835E-02 0.2436E+02 0.6213E+06 0.4788E+01 13.112 0.8683 0.5623E-05 0.1000E+01
1095 0.7004E-02 0.2805E+04 0.6824E-02 0.2433E+02 0.6217E+06 0.4800E+01 13.109 0.8666 0.5539E-05 0.1000E+01
1100 0.7041E-02 0.2805E+04 0.6812E-02 0.2431E+02 0.6221E+06 0.4812E+01 13.107 0.8649 0.5457E-05 0.1000E+01
1105 0.7077E-02 0.2805E+04 0.6800E-02 0.2429E+02 0.6225E+06 0.4823E+01 13.104 0.8632 0.5375E-05 0.1000E+01
1110 0.7113E-02 0.2805E+04 0.6789E-02 0.2427E+02 0.6229E+06 0.4835E+01 13.102 0.8615 0.5295E-05 0.1000E+01
1115 0.7148E-02 0.2805E+04 0.6777E-02 0.2425E+02 0.6233E+06 0.4846E+01 13.100 0.8598 0.5216E-05 0.1000E+01
1120 0.7184E-02 0.2805E+04 0.6766E-02 0.2423E+02 0.6237E+06 0.4858E+01 13.097 0.8580 0.5138E-05 0.1000E+01
1125 0.7218E-02 0.2805E+04 0.6755E-02 0.2421E+02 0.6240E+06 0.4870E+01 13.095 0.8563 0.5062E-05 0.1000E+01
1130 0.7252E-02 0.2805E+04 0.6743E-02 0.2419E+02 0.6244E+06 0.4881E+01 13.093 0.8545 0.4986E-05 0.1000E+01
1135 0.7286E-02 0.2805E+04 0.6732E-02 0.2417E+02 0.6248E+06 0.4893E+01 13.090 0.8527 0.4912E-05 0.1000E+01
1140 0.7320E-02 0.2805E+04 0.6721E-02 0.2415E+02 0.6252E+06 0.4905E+01 13.088 0.8509 0.4839E-05 0.1000E+01
1145 0.7353E-02 0.2805E+04 0.6709E-02 0.2413E+02 0.6256E+06 0.4916E+01 13.085 0.8491 0.4767E-05 0.1000E+01
1150 0.7386E-02 0.2805E+04 0.6698E-02 0.2411E+02 0.6260E+06 0.4928E+01 13.083 0.8473 0.4696E-05 0.1000E+01
1155 0.7418E-02 0.2805E+04 0.6687E-02 0.2409E+02 0.6264E+06 0.4940E+01 13.081 0.8454 0.4626E-05 0.1000E+01
1160 0.7450E-02 0.2805E+04 0.6676E-02 0.2407E+02 0.6268E+06 0.4952E+01 13.078 0.8436 0.4557E-05 0.1000E+01
1165 0.7482E-02 0.2805E+04 0.6665E-02 0.2405E+02 0.6272E+06 0.4963E+01 13.076 0.8417 0.4489E-05 0.1000E+01
1170 0.7513E-02 0.2805E+04 0.6653E-02 0.2403E+02 0.6276E+06 0.4975E+01 13.074 0.8398 0.4422E-05 0.1000E+01
1175 0.7544E-02 0.2805E+04 0.6642E-02 0.2401E+02 0.6280E+06 0.4987E+01 13.071 0.8379 0.4356E-05 0.1000E+01
1180 0.7575E-02 0.2805E+04 0.6631E-02 0.2399E+02 0.6284E+06 0.4999E+01 13.069 0.8359 0.4291E-05 0.1000E+01
1185 0.7605E-02 0.2805E+04 0.6620E-02 0.2397E+02 0.6288E+06 0.5010E+01 13.067 0.8340 0.4227E-05 0.1000E+01
1190 0.7635E-02 0.2805E+04 0.6609E-02 0.2395E+02 0.6292E+06 0.5022E+01 13.064 0.8320 0.4164E-05 0.1000E+01
1195 0.7665E-02 0.2805E+04 0.6598E-02 0.2393E+02 0.6296E+06 0.5034E+01 13.062 0.8300 0.4102E-05 0.1000E+01
1200 0.7694E-02 0.2805E+04 0.6588E-02 0.2391E+02 0.6299E+06 0.5046E+01 13.060 0.8280 0.4041E-05 0.1000E+01
1205 0.7723E-02 0.2805E+04 0.6577E-02 0.2389E+02 0.6303E+06 0.5057E+01 13.057 0.8260 0.3981E-05 0.1000E+01
1210 0.7752E-02 0.2805E+04 0.6566E-02 0.2387E+02 0.6307E+06 0.5069E+01 13.055 0.8240 0.3921E-05 0.1000E+01
1215 0.7781E-02 0.2805E+04 0.6555E-02 0.2385E+02 0.6311E+06 0.5081E+01 13.053 0.8220 0.3863E-05 0.1000E+01
1220 0.7809E-02 0.2804E+04 0.6544E-02 0.2383E+02 0.6315E+06 0.5093E+01 13.050 0.8199 0.3805E-05 0.1000E+01
1225 0.7836E-02 0.2804E+04 0.6534E-02 0.2381E+02 0.6319E+06 0.5105E+01 13.048 0.8178 0.3749E-05 0.1000E+01
1230 0.7864E-02 0.2804E+04 0.6523E-02 0.2379E+02 0.6323E+06 0.5117E+01 13.046 0.8157 0.3693E-05 0.1000E+01
1235 0.7891E-02 0.2804E+04 0.6512E-02 0.2378E+02 0.6327E+06 0.5128E+01 13.043 0.8136 0.3638E-05 0.1000E+01
1240 0.7918E-02 0.2804E+04 0.6502E-02 0.2376E+02 0.6330E+06 0.5140E+01 13.041 0.8115 0.3584E-05 0.1000E+01
1245 0.7945E-02 0.2804E+04 0.6490E-02 0.2374E+02 0.6334E+06 0.5152E+01 13.039 0.8095 0.3530E-05 0.1000E+01
1250 0.7971E-02 0.2804E+04 0.6480E-02 0.2372E+02 0.6338E+06 0.5164E+01 13.037 0.8073 0.3477E-05 0.1000E+01
1255 0.7997E-02 0.2804E+04 0.6469E-02 0.2370E+02 0.6342E+06 0.5176E+01 13.034 0.8051 0.3426E-05 0.1000E+01
1260 0.8023E-02 0.2804E+04 0.6459E-02 0.2368E+02 0.6346E+06 0.5188E+01 13.032 0.8030 0.3375E-05 0.1000E+01
1265 0.8048E-02 0.2804E+04 0.6448E-02 0.2366E+02 0.6350E+06 0.5199E+01 13.030 0.8008 0.3324E-05 0.1000E+01
1270 0.8074E-02 0.2804E+04 0.6438E-02 0.2364E+02 0.6354E+06 0.5211E+01 13.028 0.7985 0.3275E-05 0.1000E+01
1275 0.8099E-02 0.2804E+04 0.6428E-02 0.2362E+02 0.6357E+06 0.5223E+01 13.025 0.7963 0.3226E-05 0.1000E+01
1280 0.8123E-02 0.2804E+04 0.6417E-02 0.2360E+02 0.6361E+06 0.5235E+01 13.023 0.7941 0.3178E-05 0.1000E+01
1285 0.8148E-02 0.2804E+04 0.6407E-02 0.2359E+02 0.6365E+06 0.5247E+01 13.021 0.7918 0.3131E-05 0.1000E+01
1290 0.8172E-02 0.2804E+04 0.6397E-02 0.2357E+02 0.6369E+06 0.5259E+01 13.018 0.7895 0.3084E-05 0.1000E+01
1295 0.8196E-02 0.2804E+04 0.6387E-02 0.2355E+02 0.6373E+06 0.5271E+01 13.016 0.7872 0.3038E-05 0.1000E+01
1300 0.8219E-02 0.2804E+04 0.6377E-02 0.2353E+02 0.6376E+06 0.5283E+01 13.014 0.7849 0.2993E-05 0.1000E+01
1305 0.8243E-02 0.2804E+04 0.6366E-02 0.2351E+02 0.6380E+06 0.5294E+01 13.012 0.7826 0.2948E-05 0.1000E+01
1310 0.8266E-02 0.2804E+04 0.6356E-02 0.2349E+02 0.6384E+06 0.5306E+01 13.010 0.7803 0.2904E-05 0.1000E+01
1315 0.8289E-02 0.2804E+04 0.6346E-02 0.2347E+02 0.6388E+06 0.5318E+01 13.007 0.7779 0.2861E-05 0.1000E+01
1320 0.8312E-02 0.2804E+04 0.6336E-02 0.2346E+02 0.6392E+06 0.5330E+01 13.005 0.7756 0.2818E-05 0.1000E+01
1325 0.8334E-02 0.2804E+04 0.6326E-02 0.2344E+02 0.6395E+06 0.5342E+01 13.003 0.7732 0.2776E-05 0.1000E+01
1330 0.8356E-02 0.2804E+04 0.6316E-02 0.2342E+02 0.6399E+06 0.5354E+01 13.001 0.7708 0.2735E-05 0.1000E+01
1335 0.8378E-02 0.2804E+04 0.6306E-02 0.2340E+02 0.6403E+06 0.5366E+01 12.998 0.7684 0.2694E-05 0.1000E+01
1340 0.8400E-02 0.2804E+04 0.6296E-02 0.2338E+02 0.6407E+06 0.5378E+01 12.996 0.7660 0.2654E-05 0.1000E+01
1345 0.8422E-02 0.2804E+04 0.6287E-02 0.2337E+02 0.6410E+06 0.5389E+01 12.994 0.7635 0.2614E-05 0.1000E+01
1350 0.8443E-02 0.2804E+04 0.6277E-02 0.2335E+02 0.6414E+06 0.5401E+01 12.992 0.7611 0.2575E-05 0.1000E+01
1355 0.8464E-02 0.2804E+04 0.6267E-02 0.2333E+02 0.6418E+06 0.5413E+01 12.990 0.7586 0.2537E-05 0.1000E+01
1360 0.8485E-02 0.2804E+04 0.6257E-02 0.2331E+02 0.6421E+06 0.5425E+01 12.987 0.7562 0.2499E-05 0.1000E+01
1365 0.8506E-02 0.2804E+04 0.6248E-02 0.2329E+02 0.6425E+06 0.5437E+01 12.985 0.7537 0.2462E-05 0.1000E+01
1370 0.8526E-02 0.2804E+04 0.6238E-02 0.2328E+02 0.6429E+06 0.5449E+01 12.983 0.7512 0.2425E-05 0.1000E+01
1375 0.8547E-02 0.2804E+04 0.6228E-02 0.2326E+02 0.6433E+06 0.5461E+01 12.981 0.7487 0.2389E-05 0.1000E+01
1380 0.8567E-02 0.2804E+04 0.6219E-02 0.2324E+02 0.6436E+06 0.5473E+01 12.979 0.7461 0.2353E-05 0.1000E+01
1385 0.8587E-02 0.2804E+04 0.6209E-02 0.2322E+02 0.6440E+06 0.5485E+01 12.977 0.7436 0.2318E-05 0.1000E+01
1390 0.8606E-02 0.2804E+04 0.6200E-02 0.2321E+02 0.6444E+06 0.5496E+01 12.974 0.7410 0.2284E-05 0.1000E+01
1395 0.8626E-02 0.2804E+04 0.6190E-02 0.2319E+02 0.6447E+06 0.5508E+01 12.972 0.7385 0.2250E-05 0.1000E+01
1400 0.8645E-02 0.2804E+04 0.6181E-02 0.2317E+02 0.6451E+06 0.5520E+01 12.970 0.7359 0.2216E-05 0.1000E+01
1405 0.8664E-02 0.2804E+04 0.6171E-02 0.2315E+02 0.6455E+06 0.5532E+01 12.968 0.7333 0.2183E-05 0.1000E+01
1410 0.8683E-02 0.2804E+04 0.6162E-02 0.2314E+02 0.6458E+06 0.5544E+01 12.966 0.7306 0.2151E-05 0.1000E+01
1415 0.8702E-02 0.2804E+04 0.6153E-02 0.2312E+02 0.6462E+06 0.5556E+01 12.964 0.7280 0.2119E-05 0.1000E+01
1420 0.8720E-02 0.2804E+04 0.6143E-02 0.2310E+02 0.6465E+06 0.5568E+01 12.962 0.7254 0.2087E-05 0.1000E+01
1425 0.8739E-02 0.2804E+04 0.6134E-02 0.2308E+02 0.6469E+06 0.5580E+01 12.959 0.7227 0.2056E-05 0.1000E+01
1430 0.8757E-02 0.2804E+04 0.6125E-02 0.2307E+02 0.6473E+06 0.5592E+01 12.957 0.7201 0.2025E-05 0.1000E+01
1435 0.8775E-02 0.2804E+04 0.6116E-02 0.2305E+02 0.6476E+06 0.5603E+01 12.955 0.7174 0.1995E-05 0.1000E+01
1440 0.8793E-02 0.2804E+04 0.6106E-02 0.2303E+02 0.6480E+06 0.5615E+01 12.953 0.7147 0.1965E-05 0.1000E+01
1445 0.8810E-02 0.2804E+04 0.6097E-02 0.2302E+02 0.6483E+06 0.5627E+01 12.951 0.7120 0.1936E-05 0.1000E+01
1450 0.8828E-02 0.2804E+04 0.6088E-02 0.2300E+02 0.6487E+06 0.5639E+01 12.949 0.7093 0.1907E-05 0.1000E+01
1455 0.8845E-02 0.2804E+04 0.6079E-02 0.2298E+02 0.6491E+06 0.5651E+01 12.947 0.7066 0.1879E-05 0.1000E+01
1460 0.8862E-02 0.2804E+04 0.6070E-02 0.2297E+02 0.6494E+06 0.5663E+01 12.945 0.7039 0.1851E-05 0.1000E+01
1465 0.8879E-02 0.2804E+04 0.6061E-02 0.2295E+02 0.6498E+06 0.5675E+01 12.943 0.7011 0.1823E-05 0.1000E+01
1470 0.8896E-02 0.2804E+04 0.6052E-02 0.2293E+02 0.6501E+06 0.5686E+01 12.941 0.6984 0.1796E-05 0.1000E+01
1475 0.8913E-02 0.2804E+04 0.6043E-02 0.2292E+02 0.6505E+06 0.5698E+01 12.938 0.6956 0.1769E-05 0.1000E+01
1480 0.8929E-02 0.2804E+04 0.6034E-02 0.2290E+02 0.6508E+06 0.5710E+01 12.936 0.6928 0.1743E-05 0.1000E+01
1485 0.8946E-02 0.2804E+04 0.6026E-02 0.2288E+02 0.6512E+06 0.5722E+01 12.934 0.6900 0.1717E-05 0.1000E+01
1490 0.8962E-02 0.2804E+04 0.6017E-02 0.2287E+02 0.6515E+06 0.5734E+01 12.932 0.6872 0.1691E-05 0.1000E+01
1495 0.8978E-02 0.2804E+04 0.6008E-02 0.2285E+02 0.6519E+06 0.5745E+01 12.930 0.6844 0.1666E-05 0.1000E+01
1500 0.8994E-02 0.2804E+04 0.5999E-02 0.2283E+02 0.6522E+06 0.5757E+01 12.928 0.6816 0.1641E-05 0.1000E+01
1505 0.9010E-02 0.2804E+04 0.5991E-02 0.2282E+02 0.6526E+06 0.5769E+01 12.926 0.6788 0.1617E-05 0.1000E+01
1510 0.9025E-02 0.2804E+04 0.5982E-02 0.2280E+02 0.6529E+06 0.5781E+01 12.924 0.6760 0.1593E-05 0.1000E+01
1515 0.9041E-02 0.2804E+04 0.5973E-02 0.2278E+02 0.6533E+06 0.5793E+01 12.922 0.6731 0.1569E-05 0.1000E+01
1520 0.9056E-02 0.2804E+04 0.5965E-02 0.2277E+02 0.6536E+06 0.5804E+01 12.920 0.6703 0.1546E-05 0.1000E+01
1525 0.9071E-02 0.2804E+04 0.5956E-02 0.2275E+02 0.6539E+06 0.5816E+01 12.918 0.6674 0.1523E-05 0.1000E+01
1530 0.9086E-02 0.2804E+04 0.5948E-02 0.2274E+02 0.6543E+06 0.5828E+01 12.916 0.6645 0.1500E-05 0.1000E+01
1535 0.9101E-02 0.2804E+04 0.5939E-02 0.2272E+02 0.6546E+06 0.5840E+01 12.914 0.6616 0.1478E-05 0.1000E+01
1540 0.9116E-02 0.2804E+04 0.5931E-02 0.2270E+02 0.6550E+06 0.5852E+01 12.912 0.6587 0.1456E-05 0.1000E+01
1545 0.9130E-02 0.2804E+04 0.5922E-02 0.2269E+02 0.6553E+06 0.5863E+01 12.910 0.6559 0.1434E-05 0.1000E+01
1550 0.9145E-02 0.2803E+04 0.5914E-02 0.2267E+02 0.6556E+06 0.5875E+01 12.908 0.6529 0.1413E-05 0.1000E+01
1555 0.9159E-02 0.2803E+04 0.5906E-02 0.2266E+02 0.6560E+06 0.5887E+01 12.906 0.6500 0.1392E-05 0.1000E+01
1560 0.9173E-02 0.2803E+04 0.5897E-02 0.2264E+02 0.6563E+06 0.5898E+01 12.904 0.6471 0.1371E-05 0.1000E+01
1565 0.9187E-02 0.2803E+04 0.5889E-02 0.2263E+02 0.6567E+06 0.5910E+01 12.902 0.6442 0.1350E-05 0.1000E+01
1570 0.9201E-02 0.2803E+04 0.5881E-02 0.2261E+02 0.6570E+06 0.5922E+01 12.900 0.6412 0.1330E-05 0.1000E+01
1575 0.9215E-02 0.2803E+04 0.5872E-02 0.2259E+02 0.6573E+06 0.5934E+01 12.898 0.6383 0.1310E-05 0.1000E+01
1580 0.9229E-02 0.2803E+04 0.5864E-02 0.2258E+02 0.6577E+06 0.5945E+01 12.896 0.6353 0.1291E-05 0.1000E+01
1585 0.9243E-02 0.2803E+04 0.5856E-02 0.2256E+02 0.6580E+06 0.5957E+01 12.894 0.6324 0.1272E-05 0.1000E+01
1590 0.9256E-02 0.2803E+04 0.5848E-02 0.2255E+02 0.6583E+06 0.5969E+01 12.892 0.6294 0.1253E-05 0.1000E+01
1595 0.9269E-02 0.2803E+04 0.5840E-02 0.2253E+02 0.6587E+06 0.5980E+01 12.890 0.6265 0.1234E-05 0.1000E+01
1600 0.9283E-02 0.2803E+04 0.5832E-02 0.2252E+02 0.6590E+06 0.5992E+01 12.888 0.6235 0.1216E-05 0.1000E+01
1605 0.9296E-02 0.2803E+04 0.5824E-02 0.2250E+02 0.6593E+06 0.6003E+01 12.886 0.6205 0.1198E-05 0.1000E+01
1610 0.9309E-02 0.2803E+04 0.5816E-02 0.2249E+02 0.6597E+06 0.6015E+01 12.884 0.6175 0.1180E-05 0.1000E+01
1615 0.9322E-02 0.2803E+04 0.5808E-02 0.2247E+02 0.6600E+06 0.6027E+01 12.883 0.6145 0.1162E-05 0.1000E+01
1620 0.9334E-02 0.2803E+04 0.5800E-02 0.2246E+02 0.6603E+06 0.6038E+01 12.881 0.6115 0.1145E-05 0.1000E+01
1625 0.9347E-02 0.2803E+04 0.5792E-02 0.2244E+02 0.6606E+06 0.6050E+01 12.879 0.6085 0.1128E-05 0.1000E+01
1630 0.9360E-02 0.2803E+04 0.5784E-02 0.2243E+02 0.6610E+06 0.6061E+01 12.877 0.6055 0.1111E-05 0.1000E+01
1635 0.9372E-02 0.2803E+04 0.5776E-02 0.2241E+02 0.6613E+06 0.6073E+01 12.875 0.6025 0.1094E-05 0.1000E+01
1640 0.9384E-02 0.2803E+04 0.5769E-02 0.2240E+02 0.6616E+06 0.6084E+01 12.873 0.5995 0.1078E-05 0.1000E+01
1645 0.9397E-02 0.2803E+04 0.5761E-02 0.2238E+02 0.6619E+06 0.6096E+01 12.871 0.5965 0.1062E-05 0.1000E+01
1650 0.9409E-02 0.2803E+04 0.5753E-02 0.2237E+02 0.6623E+06 0.6108E+01 12.869 0.5934 0.1046E-05 0.1000E+01
1655 0.9421E-02 0.2803E+04 0.5746E-02 0.2235E+02 0.6626E+06 0.6119E+01 12.867 0.5904 0.1031E-05 0.1000E+01
1660 0.9433E-02 0.2803E+04 0.5738E-02 0.2234E+02 0.6629E+06 0.6130E+01 12.865 0.5874 0.1015E-05 0.1000E+01
1665 0.9444E-02 0.2803E+04 0.5730E-02 0.2233E+02 0.6632E+06 0.6142E+01 12.864 0.5843 0.1000E-05 0.1000E+01
1670 0.9470E-02 0.2803E+04 0.5714E-02 0.2229E+02 0.6639E+06 0.6167E+01 12.859 0.5778 0.9676E-06 0.1000E+01
1675 0.9550E-02 0.2803E+04 0.5661E-02 0.2219E+02 0.6662E+06 0.6249E+01 12.846 0.5570 0.8707E-06 0.1000E+01
1680 0.9677E-02 0.2803E+04 0.5572E-02 0.2202E+02 0.6700E+06 0.6388E+01 12.824 0.5215 0.7261E-06 0.1000E+01
1685 0.9831E-02 0.2802E+04 0.5463E-02 0.2181E+02 0.6749E+06 0.6572E+01 12.796 0.4733 0.5683E-06 0.1000E+01
1690 0.9978E-02 0.2802E+04 0.5354E-02 0.2159E+02 0.6799E+06 0.6764E+01 12.767 0.4220 0.4362E-06 0.1000E+01
1695 0.1012E-01 0.2802E+04 0.5246E-02 0.2138E+02 0.6849E+06 0.6962E+01 12.738 0.3692 0.3288E-06 0.1000E+01
1700 0.1025E-01 0.2802E+04 0.5141E-02 0.2117E+02 0.6899E+06 0.7165E+01 12.709 0.3161 0.2427E-06 0.1000E+01
1705 0.1037E-01 0.2801E+04 0.5038E-02 0.2096E+02 0.6949E+06 0.7374E+01 12.680 0.2640 0.1749E-06 0.1000E+01
1710 0.1049E-01 0.2801E+04 0.4936E-02 0.2075E+02 0.6999E+06 0.7588E+01 12.651 0.2142 0.1225E-06 0.1000E+01
1715 0.1061E-01 0.2800E+04 0.4836E-02 0.2055E+02 0.7049E+06 0.7809E+01 12.623 0.1680 0.8302E-07 0.1000E+01
1720 0.1072E-01 0.2800E+04 0.4738E-02 0.2035E+02 0.7100E+06 0.8035E+01 12.594 0.1265 0.5407E-07 0.1000E+01
1725 0.1083E-01 0.2799E+04 0.4640E-02 0.2015E+02 0.7150E+06 0.8268E+01 12.565 0.0909 0.3358E-07 0.1000E+01
1730 0.1094E-01 0.2798E+04 0.4544E-02 0.1995E+02 0.7201E+06 0.8508E+01 12.536 0.0616 0.1972E-07 0.1000E+01
1735 0.1105E-01 0.2797E+04 0.4449E-02 0.1976E+02 0.7252E+06 0.8754E+01 12.507 0.0391 0.1083E-07 0.1000E+01
1740 0.1116E-01 0.2795E+04 0.4355E-02 0.1957E+02 0.7303E+06 0.9009E+01 12.478 0.0229 0.5496E-08 0.1000E+01
1745 0.1128E-01 0.2794E+04 0.4263E-02 0.1938E+02 0.7353E+06 0.9271E+01 12.449 0.0122 0.2541E-08 0.1000E+01
1750 0.1140E-01 0.2793E+04 0.4172E-02 0.1919E+02 0.7404E+06 0.9541E+01 12.420 0.0059 0.1055E-08 0.1000E+01
1755 0.1152E-01 0.2791E+04 0.4082E-02 0.1900E+02 0.7456E+06 0.9820E+01 12.391 0.0025 0.3865E-09 0.1000E+01
1760 0.1164E-01 0.2790E+04 0.3994E-02 0.1882E+02 0.7507E+06 0.1011E+02 12.361 0.0009 0.1228E-09 0.1000E+01
1765 0.1177E-01 0.2788E+04 0.3906E-02 0.1863E+02 0.7559E+06 0.1041E+02 12.332 0.0003 0.3326E-10 0.1000E+01
1770 0.1190E-01 0.2786E+04 0.3820E-02 0.1845E+02 0.7612E+06 0.1072E+02 12.302 0.0001 0.7541E-11 0.1000E+01
1775 0.1204E-01 0.2784E+04 0.3735E-02 0.1826E+02 0.7664E+06 0.1103E+02 12.272 0.0000 0.1415E-11 0.1000E+01
1780 0.1218E-01 0.2783E+04 0.3655E-02 0.1809E+02 0.7715E+06 0.1135E+02 12.243 0.0000 0.2307E-12 0.1000E+01
1785 0.1231E-01 0.2781E+04 0.3581E-02 0.1793E+02 0.7762E+06 0.1166E+02 12.216 0.0000 0.3394E-13 0.1000E+01
1790 0.1244E-01 0.2779E+04 0.3512E-02 0.1778E+02 0.7807E+06 0.1195E+02 12.190 0.0000 0.4484E-14 0.1000E+01
1795 0.1256E-01 0.2777E+04 0.3446E-02 0.1763E+02 0.7850E+06 0.1225E+02 12.165 0.0000 0.5269E-15 0.1000E+01
1800 0.1269E-01 0.2776E+04 0.3384E-02 0.1749E+02 0.7892E+06 0.1254E+02 12.141 0.0000 0.5428E-16 0.1000E+01
1805 0.1282E-01 0.2774E+04 0.3322E-02 0.1736E+02 0.7934E+06 0.1283E+02 12.117 0.0000 0.4784E-17 0.1000E+01
1810 0.1296E-01 0.2772E+04 0.3260E-02 0.1722E+02 0.7977E+06 0.1315E+02 12.092 0.0000 0.3421E-18 0.1000E+01
1815 0.1312E-01 0.2770E+04 0.3190E-02 0.1705E+02 0.8028E+06 0.1353E+02 12.063 0.0000 0.1750E-19 0.1000E+01
1820 0.1330E-01 0.2768E+04 0.3116E-02 0.1688E+02 0.8081E+06 0.1394E+02 12.032 0.0000 0.7335E-21 0.1000E+01
1825 0.1349E-01 0.2766E+04 0.3044E-02 0.1671E+02 0.8135E+06 0.1437E+02 12.001 0.0000 0.2765E-22 0.1000E+01
1830 0.1368E-01 0.2764E+04 0.2973E-02 0.1654E+02 0.8189E+06 0.1481E+02 11.969 0.0000 0.9657E-24 0.1000E+01
1835 0.1388E-01 0.2761E+04 0.2903E-02 0.1637E+02 0.8243E+06 0.1527E+02 11.938 0.0000 0.3206E-25 0.1000E+01
1840 0.1409E-01 0.2759E+04 0.2835E-02 0.1621E+02 0.8296E+06 0.1574E+02 11.906 0.0000 0.1034E-26 0.1000E+01
1845 0.1430E-01 0.2756E+04 0.2768E-02 0.1605E+02 0.8349E+06 0.1622E+02 11.875 0.0000 0.3313E-28 0.1000E+01
1850 0.1452E-01 0.2754E+04 0.2703E-02 0.1589E+02 0.8402E+06 0.1671E+02 11.844 0.0000 0.1355E-29 0.1000E+01
1855 0.1474E-01 0.2751E+04 0.2639E-02 0.1573E+02 0.8454E+06 0.1721E+02 11.813 0.0000 0.2698E-30 0.1000E+01
1860 0.1497E-01 0.2748E+04 0.2577E-02 0.1557E+02 0.8505E+06 0.1773E+02 11.782 0.0000 0.1530E-30 0.1000E+01
1865 0.1520E-01 0.2745E+04 0.2517E-02 0.1542E+02 0.8557E+06 0.1826E+02 11.751 0.0000 0.1109E-30 0.1000E+01
1870 0.1545E-01 0.2743E+04 0.2457E-02 0.1527E+02 0.8608E+06 0.1880E+02 11.720 0.0000 0.8827E-31 0.1000E+01
1875 0.1569E-01 0.2739E+04 0.2399E-02 0.1512E+02 0.8658E+06 0.1936E+02 11.689 0.0000 0.7366E-31 0.1000E+01
1880 0.1595E-01 0.2736E+04 0.2342E-02 0.1498E+02 0.8708E+06 0.1992E+02 11.658 0.0000 0.6326E-31 0.1000E+01
1885 0.1621E-01 0.2733E+04 0.2287E-02 0.1484E+02 0.8757E+06 0.2051E+02 11.628 0.0000 0.5540E-31 0.1000E+01
1890 0.1648E-01 0.2730E+04 0.2232E-02 0.1469E+02 0.8805E+06 0.2110E+02 11.597 0.0000 0.4918E-31 0.1000E+01
1895 0.1676E-01 0.2726E+04 0.2179E-02 0.1456E+02 0.8853E+06 0.2171E+02 11.567 0.0000 0.4411E-31 0.1000E+01
1900 0.1705E-01 0.2723E+04 0.2127E-02 0.1442E+02 0.8900E+06 0.2234E+02 11.536 0.0000 0.3988E-31 0.1000E+01
1905 0.1734E-01 0.2719E+04 0.2076E-02 0.1428E+02 0.8947E+06 0.2297E+02 11.506 0.0000 0.3628E-31 0.1000E+01
1910 0.1764E-01 0.2715E+04 0.2026E-02 0.1415E+02 0.8993E+06 0.2362E+02 11.476 0.0000 0.3318E-31 0.1000E+01
1915 0.1795E-01 0.2711E+04 0.1978E-02 0.1402E+02 0.9038E+06 0.2429E+02 11.446 0.0000 0.3047E-31 0.1000E+01
1920 0.1826E-01 0.2707E+04 0.1931E-02 0.1389E+02 0.9082E+06 0.2496E+02 11.416 0.0000 0.2809E-31 0.1000E+01
1925 0.1859E-01 0.2703E+04 0.1884E-02 0.1377E+02 0.9126E+06 0.2566E+02 11.386 0.0000 0.2597E-31 0.1000E+01
1930 0.1892E-01 0.2699E+04 0.1839E-02 0.1364E+02 0.9169E+06 0.2636E+02 11.356 0.0000 0.2409E-31 0.1000E+01
1935 0.1926E-01 0.2695E+04 0.1796E-02 0.1352E+02 0.9211E+06 0.2707E+02 11.327 0.0000 0.2239E-31 0.1000E+01
1940 0.1960E-01 0.2690E+04 0.1753E-02 0.1340E+02 0.9251E+06 0.2780E+02 11.297 0.0000 0.2087E-31 0.1000E+01
1945 0.1996E-01 0.2686E+04 0.1711E-02 0.1329E+02 0.9291E+06 0.2854E+02 11.268 0.0000 0.1949E-31 0.1000E+01
1950 0.2032E-01 0.2682E+04 0.1671E-02 0.1317E+02 0.9330E+06 0.2930E+02 11.239 0.0000 0.1823E-31 0.1000E+01
1955 0.2069E-01 0.2677E+04 0.1632E-02 0.1306E+02 0.9368E+06 0.3006E+02 11.210 0.0000 0.1709E-31 0.1000E+01
1960 0.2107E-01 0.2673E+04 0.1593E-02 0.1295E+02 0.9405E+06 0.3084E+02 11.181 0.0000 0.1604E-31 0.1000E+01
1965 0.2146E-01 0.2668E+04 0.1556E-02 0.1284E+02 0.9441E+06 0.3163E+02 11.153 0.0000 0.1508E-31 0.1000E+01
1970 0.2186E-01 0.2664E+04 0.1519E-02 0.1273E+02 0.9476E+06 0.3244E+02 11.124 0.0000 0.1420E-31 0.1000E+01
1975 0.2227E-01 0.2659E+04 0.1484E-02 0.1263E+02 0.9511E+06 0.3325E+02 11.096 0.0000 0.1338E-31 0.1000E+01
1980 0.2269E-01 0.2654E+04 0.1449E-02 0.1252E+02 0.9544E+06 0.3409E+02 11.068 0.0000 0.1263E-31 0.1000E+01
1985 0.2311E-01 0.2649E+04 0.1415E-02 0.1242E+02 0.9576E+06 0.3493E+02 11.039 0.0000 0.1193E-31 0.1000E+01
1990 0.2355E-01 0.2644E+04 0.1382E-02 0.1232E+02 0.9608E+06 0.3579E+02 11.011 0.0000 0.1128E-31 0.1000E+01
1995 0.2400E-01 0.2639E+04 0.1350E-02 0.1222E+02 0.9638E+06 0.3667E+02 10.983 0.0000 0.1068E-31 0.1000E+01
2000 0.2446E-01 0.2634E+04 0.1319E-02 0.1212E+02 0.9668E+06 0.3755E+02 10.956 0.0000 0.1013E-31 0.1000E+01
2005 0.2492E-01 0.2629E+04 0.1288E-02 0.1203E+02 0.9696E+06 0.3845E+02 10.928 0.0000 0.9610E-32 0.1000E+01
2010 0.2540E-01 0.2624E+04 0.1258E-02 0.1194E+02 0.9723E+06 0.3935E+02 10.900 0.0000 0.9129E-32 0.1000E+01
2015 0.2589E-01 0.2619E+04 0.1229E-02 0.1184E+02 0.9750E+06 0.4027E+02 10.873 0.0000 0.8680E-32 0.1000E+01
2020 0.2638E-01 0.2613E+04 0.1200E-02 0.1175E+02 0.9775E+06 0.4121E+02 10.846 0.0000 0.8261E-32 0.1000E+01
2025 0.2689E-01 0.2608E+04 0.1172E-02 0.1167E+02 0.9799E+06 0.4215E+02 10.819 0.0000 0.7870E-32 0.1000E+01
2030 0.2741E-01 0.2602E+04 0.1145E-02 0.1158E+02 0.9822E+06 0.4311E+02 10.792 0.0000 0.7503E-32 0.1000E+01
2035 0.2794E-01 0.2596E+04 0.1118E-02 0.1149E+02 0.9844E+06 0.4408E+02 10.765 0.0000 0.7160E-32 0.1000E+01
2040 0.2848E-01 0.2590E+04 0.1091E-02 0.1141E+02 0.9864E+06 0.4506E+02 10.738 0.0000 0.6838E-32 0.1000E+01
2045 0.2903E-01 0.2584E+04 0.1065E-02 0.1133E+02 0.9884E+06 0.4605E+02 10.712 0.0000 0.6536E-32 0.1000E+01
2050 0.2960E-01 0.2578E+04 0.1040E-02 0.1124E+02 0.9903E+06 0.4705E+02 10.685 0.0000 0.6251E-32 0.1000E+01
2055 0.3018E-01 0.2571E+04 0.1015E-02 0.1116E+02 0.9921E+06 0.4807E+02 10.659 0.0000 0.5984E-32 0.1000E+01
2060 0.3078E-01 0.2565E+04 0.9903E-03 0.1108E+02 0.9938E+06 0.4910E+02 10.632 0.0000 0.5731E-32 0.1000E+01
2065 0.3138E-01 0.2558E+04 0.9663E-03 0.1101E+02 0.9954E+06 0.5015E+02 10.606 0.0000 0.5494E-32 0.1000E+01
2070 0.3201E-01 0.2551E+04 0.9428E-03 0.1093E+02 0.9968E+06 0.5121E+02 10.580 0.0000 0.5269E-32 0.1000E+01
2075 0.3265E-01 0.2544E+04 0.9198E-03 0.1085E+02 0.9982E+06 0.5229E+02 10.554 0.0000 0.5057E-32 0.1000E+01
2080 0.3330E-01 0.2537E+04 0.8971E-03 0.1078E+02 0.9994E+06 0.5339E+02 10.527 0.0000 0.4855E-32 0.1000E+01
2085 0.3398E-01 0.2530E+04 0.8748E-03 0.1071E+02 0.1000E+07 0.5450E+02 10.501 0.0000 0.4664E-32 0.1000E+01
2090 0.3467E-01 0.2523E+04 0.8528E-03 0.1063E+02 0.1002E+07 0.5563E+02 10.475 0.0000 0.4483E-32 0.1000E+01
2095 0.3538E-01 0.2515E+04 0.8313E-03 0.1056E+02 0.1002E+07 0.5678E+02 10.448 0.0000 0.4312E-32 0.1000E+01
2100 0.3611E-01 0.2508E+04 0.8103E-03 0.1049E+02 0.1003E+07 0.5794E+02 10.422 0.0000 0.4150E-32 0.1000E+01
2105 0.3686E-01 0.2500E+04 0.7897E-03 0.1042E+02 0.1004E+07 0.5911E+02 10.396 0.0000 0.3997E-32 0.1000E+01
2110 0.3762E-01 0.2492E+04 0.7698E-03 0.1035E+02 0.1004E+07 0.6030E+02 10.370 0.0000 0.3852E-32 0.1000E+01
2115 0.3840E-01 0.2485E+04 0.7504E-03 0.1028E+02 0.1005E+07 0.6149E+02 10.344 0.0000 0.3715E-32 0.1000E+01
2120 0.3920E-01 0.2477E+04 0.7315E-03 0.1022E+02 0.1005E+07 0.6270E+02 10.318 0.0000 0.3586E-32 0.1000E+01
2125 0.4001E-01 0.2469E+04 0.7132E-03 0.1015E+02 0.1006E+07 0.6392E+02 10.292 0.0000 0.3463E-32 0.1000E+01
2130 0.4084E-01 0.2461E+04 0.6955E-03 0.1009E+02 0.1006E+07 0.6514E+02 10.267 0.0000 0.3347E-32 0.1000E+01
2135 0.4169E-01 0.2454E+04 0.6784E-03 0.1002E+02 0.1006E+07 0.6638E+02 10.241 0.0000 0.3238E-32 0.1000E+01
2140 0.4256E-01 0.2446E+04 0.6618E-03 0.9961E+01 0.1006E+07 0.6763E+02 10.216 0.0000 0.3134E-32 0.1000E+01
2145 0.4345E-01 0.2439E+04 0.6456E-03 0.9900E+01 0.1005E+07 0.6889E+02 10.191 0.0000 0.3035E-32 0.1000E+01
2150 0.4435E-01 0.2431E+04 0.6298E-03 0.9840E+01 0.1005E+07 0.7017E+02 10.165 0.0000 0.2941E-32 0.1000E+01
2155 0.4528E-01 0.2423E+04 0.6143E-03 0.9781E+01 0.1005E+07 0.7145E+02 10.140 0.0000 0.2851E-32 0.1000E+01
2160 0.4623E-01 0.2415E+04 0.5989E-03 0.9722E+01 0.1004E+07 0.7275E+02 10.115 0.0000 0.2766E-32 0.1000E+01
2165 0.4720E-01 0.2407E+04 0.5839E-03 0.9664E+01 0.1003E+07 0.7407E+02 10.090 0.0000 0.2685E-32 0.1000E+01
2170 0.4820E-01 0.2399E+04 0.5691E-03 0.9607E+01 0.1003E+07 0.7540E+02 10.064 0.0000 0.2608E-32 0.1000E+01
2175 0.4922E-01 0.2390E+04 0.5547E-03 0.9551E+01 0.1002E+07 0.7673E+02 10.039 0.0000 0.2535E-32 0.1000E+01
2179 0.5000E-01 0.2384E+04 0.5440E-03 0.9509E+01 0.1001E+07 0.7775E+02 10.021 0.0000 0.2482E-32 0.1000E+01
2180 0.5021E-01 0.2382E+04 0.5412E-03 0.9498E+01 0.1001E+07 0.7802E+02 10.015 0.0000 0.2468E-32 0.1000E+01
2185 0.5128E-01 0.2374E+04 0.5272E-03 0.9444E+01 0.9996E+06 0.7938E+02  9.990 0.0000 0.2401E-32 0.1000E+01
2190 0.5237E-01 0.2365E+04 0.5135E-03 0.9390E+01 0.9983E+06 0.8075E+02  9.965 0.0000 0.2338E-32 0.1000E+01
2195 0.5349E-01 0.2356E+04 0.4999E-03 0.9337E+01 0.9970E+06 0.8214E+02  9.941 0.0000 0.2277E-32 0.1000E+01
2200 0.5463E-01 0.2346E+04 0.4864E-03 0.9285E+01 0.9955E+06 0.8353E+02  9.916 0.0000 0.2219E-32 0.1000E+01
2205 0.5580E-01 0.2336E+04 0.4731E-03 0.9233E+01 0.9939E+06 0.8494E+02  9.891 0.0000 0.2164E-32 0.1000E+01
2210 0.5700E-01 0.2326E+04 0.4596E-03 0.9182E+01 0.9922E+06 0.8636E+02  9.866 0.0000 0.2111E-32 0.1000E+01
2215 0.5824E-01 0.2315E+04 0.4458E-03 0.9133E+01 0.9905E+06 0.8778E+02  9.841 0.0000 0.2060E-32 0.1000E+01
2220 0.5951E-01 0.2302E+04 0.4319E-03 0.9083E+01 0.9886E+06 0.8922E+02  9.817 0.0000 0.2012E-32 0.1000E+01
2225 0.6081E-01 0.2290E+04 0.4179E-03 0.9035E+01 0.9866E+06 0.9066E+02  9.792 0.0000 0.1965E-32 0.1000E+01
2230 0.6215E-01 0.2276E+04 0.4039E-03 0.8987E+01 0.9845E+06 0.9212E+02  9.768 0.0000 0.1920E-32 0.1000E+01
2235 0.6354E-01 0.2263E+04 0.3901E-03 0.8940E+01 0.9823E+06 0.9358E+02  9.743 0.0000 0.1877E-32 0.1000E+01
2240 0.6496E-01 0.2249E+04 0.3766E-03 0.8894E+01 0.9800E+06 0.9505E+02  9.719 0.0000 0.1836E-32 0.1000E+01
2245 0.6642E-01 0.2234E+04 0.3635E-03 0.8849E+01 0.9776E+06 0.9651E+02  9.694 0.0000 0.1797E-32 0.1000E+01
2250 0.6792E-01 0.2220E+04 0.3507E-03 0.8805E+01 0.9751E+06 0.9798E+02  9.670 0.0000 0.1759E-32 0.1000E+01
2255 0.6947E-01 0.2205E+04 0.3380E-03 0.8761E+01 0.9725E+06 0.9946E+02  9.646 0.0000 0.1723E-32 0.1000E+01
2257 0.7000E-01 0.2200E+04 0.3338E-03 0.8747E+01 0.9716E+06 0.9996E+02  9.638 0.0000 0.1711E-32 0.1000E+01
2260 0.7096E-01 0.2191E+04 0.3263E-03 0.8721E+01 0.9700E+06 0.1008E+03  9.624 0.0000 0.1691E-32 0.1000E+01
2265 0.7260E-01 0.2175E+04 0.3139E-03 0.8679E+01 0.9672E+06 0.1023E+03  9.600 0.0000 0.1657E-32 0.1000E+01
2270 0.7430E-01 0.2158E+04 0.3016E-03 0.8637E+01 0.9644E+06 0.1038E+03  9.577 0.0000 0.1625E-32 0.1000E+01
2275 0.7607E-01 0.2141E+04 0.2893E-03 0.8596E+01 0.9614E+06 0.1053E+03  9.553 0.0000 0.1594E-32 0.1000E+01
2280 0.7789E-01 0.2124E+04 0.2773E-03 0.8556E+01 0.9584E+06 0.1068E+03  9.529 0.0000 0.1564E-32 0.1000E+01
2285 0.7979E-01 0.2106E+04 0.2657E-03 0.8516E+01 0.9553E+06 0.1083E+03  9.506 0.0000 0.1535E-32 0.1000E+01
2290 0.8176E-01 0.2088E+04 0.2545E-03 0.8477E+01 0.9521E+06 0.1098E+03  9.482 0.0000 0.1507E-32 0.1000E+01
2295 0.8382E-01 0.2070E+04 0.2435E-03 0.8438E+01 0.9488E+06 0.1113E+03  9.459 0.0000 0.1479E-32 0.1000E+01
2300 0.8596E-01 0.2052E+04 0.2332E-03 0.8400E+01 0.9454E+06 0.1129E+03  9.436 0.0000 0.1453E-32 0.1000E+01
2305 0.8818E-01 0.2035E+04 0.2235E-03 0.8362E+01 0.9419E+06 0.1144E+03  9.412 0.0000 0.1428E-32 0.1000E+01
2310 0.9049E-01 0.2019E+04 0.2143E-03 0.8325E+01 0.9384E+06 0.1160E+03  9.389 0.0000 0.1403E-32 0.1000E+01
2315 0.9284E-01 0.2002E+04 0.2057E-03 0.8289E+01 0.9347E+06 0.1175E+03  9.366 0.0000 0.1380E-32 0.1000E+01
2320 0.9526E-01 0.1986E+04 0.1974E-03 0.8254E+01 0.9311E+06 0.1190E+03  9.343 0.0000 0.1358E-32 0.1000E+01
2325 0.9773E-01 0.1969E+04 0.1890E-03 0.8220E+01 0.9274E+06 0.1205E+03  9.320 0.0000 0.1337E-32 0.1000E+01
2330 0.1000E+00 0.1951E+04 0.1811E-03 0.8190E+01 0.9241E+06 0.1218E+03  9.301 0.0000 0.1319E-32 0.1000E+01
2330 0.1000E+00 0.1951E+04 0.1811E-03 0.8190E+01 0.9241E+06 0.1218E+03  9.301 0.0000 0.1319E-32 0.1000E+01
2335 0.1026E+00 0.1929E+04 0.1716E-03 0.8158E+01 0.9204E+06 0.1233E+03  9.279 0.0000 0.1299E-32 0.1000E+01
2340 0.1053E+00 0.1906E+04 0.1623E-03 0.8126E+01 0.9167E+06 0.1247E+03  9.257 0.0000 0.1280E-32 0.1000E+01
2345 0.1082E+00 0.1883E+04 0.1535E-03 0.8095E+01 0.9129E+06 0.1262E+03  9.236 0.0000 0.1262E-32 0.1000E+01
2350 0.1111E+00 0.1861E+04 0.1452E-03 0.8065E+01 0.9092E+06 0.1276E+03  9.215 0.0000 0.1244E-32 0.1000E+01
2355 0.1142E+00 0.1839E+04 0.1374E-03 0.8035E+01 0.9054E+06 0.1290E+03  9.194 0.0000 0.1227E-32 0.1000E+01
2360 0.1174E+00 0.1817E+04 0.1300E-03 0.8006E+01 0.9016E+06 0.1304E+03  9.173 0.0000 0.1210E-32 0.1000E+01
2365 0.1208E+00 0.1795E+04 0.1231E-03 0.7978E+01 0.8977E+06 0.1318E+03  9.153 0.0000 0.1194E-32 0.1000E+01
2370 0.1243E+00 0.1775E+04 0.1167E-03 0.7950E+01 0.8939E+06 0.1332E+03  9.133 0.0000 0.1178E-32 0.1000E+01
2375 0.1279E+00 0.1754E+04 0.1107E-03 0.7923E+01 0.8900E+06 0.1346E+03  9.113 0.0000 0.1163E-32 0.1000E+01
2380 0.1317E+00 0.1734E+04 0.1050E-03 0.7896E+01 0.8861E+06 0.1360E+03  9.093 0.0000 0.1148E-32 0.1000E+01
2385 0.1356E+00 0.1714E+04 0.9951E-04 0.7870E+01 0.8821E+06 0.1373E+03  9.073 0.0000 0.1134E-32 0.1000E+01
2390 0.1397E+00 0.1694E+04 0.9428E-04 0.7844E+01 0.8782E+06 0.1387E+03  9.053 0.0000 0.1120E-32 0.1000E+01
2395 0.1440E+00 0.1673E+04 0.8926E-04 0.7819E+01 0.8742E+06 0.1401E+03  9.034 0.0000 0.1107E-32 0.1000E+01
2400 0.1485E+00 0.1653E+04 0.8441E-04 0.7794E+01 0.8702E+06 0.1414E+03  9.015 0.0000 0.1094E-32 0.1000E+01
2402 0.1500E+00 0.1646E+04 0.8285E-04 0.7786E+01 0.8689E+06 0.1419E+03  9.008 0.0000 0.1089E-32 0.1000E+01
2405 0.1528E+00 0.1633E+04 0.8006E-04 0.7771E+01 0.8665E+06 0.1427E+03  8.997 0.0000 0.1082E-32 0.1000E+01
2410 0.1577E+00 0.1613E+04 0.7560E-04 0.7747E+01 0.8625E+06 0.1440E+03  8.977 0.0000 0.1069E-32 0.1000E+01
2415 0.1629E+00 0.1592E+04 0.7137E-04 0.7723E+01 0.8585E+06 0.1453E+03  8.958 0.0000 0.1057E-32 0.1000E+01
2420 0.1683E+00 0.1572E+04 0.6738E-04 0.7700E+01 0.8544E+06 0.1466E+03  8.940 0.0000 0.1045E-32 0.1000E+01
2425 0.1739E+00 0.1552E+04 0.6364E-04 0.7677E+01 0.8503E+06 0.1480E+03  8.921 0.0000 0.1033E-32 0.1000E+01
2430 0.1798E+00 0.1533E+04 0.6020E-04 0.7654E+01 0.8462E+06 0.1493E+03  8.902 0.0000 0.1022E-32 0.1000E+01
2435 0.1860E+00 0.1515E+04 0.5716E-04 0.7632E+01 0.8421E+06 0.1506E+03  8.883 0.0000 0.1011E-32 0.1000E+01
2440 0.1924E+00 0.1500E+04 0.5461E-04 0.7610E+01 0.8380E+06 0.1519E+03  8.865 0.0000 0.1001E-32 0.1000E+01
2445 0.1991E+00 0.1487E+04 0.5240E-04 0.7589E+01 0.8339E+06 0.1532E+03  8.846 0.0000 0.9904E-33 0.1000E+01
2446 0.2000E+00 0.1485E+04 0.5212E-04 0.7586E+01 0.8333E+06 0.1533E+03  8.844 0.0000 0.9891E-33 0.1000E+01
2450 0.2055E+00 0.1475E+04 0.5053E-04 0.7569E+01 0.8300E+06 0.1544E+03  8.829 0.0000 0.9813E-33 0.1000E+01
2455 0.2125E+00 0.1463E+04 0.4865E-04 0.7548E+01 0.8258E+06 0.1557E+03  8.811 0.0000 0.9719E-33 0.1000E+01
2460 0.2198E+00 0.1452E+04 0.4689E-04 0.7527E+01 0.8217E+06 0.1570E+03  8.792 0.0000 0.9629E-33 0.1000E+01
2465 0.2272E+00 0.1441E+04 0.4521E-04 0.7507E+01 0.8175E+06 0.1582E+03  8.774 0.0000 0.9543E-33 0.1000E+01
2470 0.2349E+00 0.1430E+04 0.4361E-04 0.7487E+01 0.8132E+06 0.1595E+03  8.756 0.0000 0.9461E-33 0.1000E+01
2475 0.2428E+00 0.1419E+04 0.4207E-04 0.7467E+01 0.8090E+06 0.1608E+03  8.738 0.0000 0.9382E-33 0.1000E+01
2480 0.2500E+00 0.1409E+04 0.4075E-04 0.7449E+01 0.8052E+06 0.1619E+03  8.722 0.0000 0.9314E-33 0.1000E+01
2480 0.2500E+00 0.1409E+04 0.4075E-04 0.7449E+01 0.8052E+06 0.1619E+03  8.722 0.0000 0.9314E-33 0.1000E+01
2485 0.2583E+00 0.1398E+04 0.3932E-04 0.7430E+01 0.8010E+06 0.1632E+03  8.704 0.0000 0.9241E-33 0.1000E+01
2490 0.2668E+00 0.1388E+04 0.3795E-04 0.7411E+01 0.7967E+06 0.1644E+03  8.686 0.0000 0.9172E-33 0.1000E+01
2495 0.2756E+00 0.1377E+04 0.3663E-04 0.7392E+01 0.7925E+06 0.1657E+03  8.668 0.0000 0.9105E-33 0.1000E+01
2500 0.2846E+00 0.1367E+04 0.3536E-04 0.7374E+01 0.7882E+06 0.1669E+03  8.650 0.0000 0.9041E-33 0.1000E+01
2505 0.2938E+00 0.1357E+04 0.3414E-04 0.7355E+01 0.7839E+06 0.1682E+03  8.632 0.0000 0.8980E-33 0.1000E+01
2509 0.3000E+00 0.1350E+04 0.3337E-04 0.7343E+01 0.7811E+06 0.1690E+03  8.621 0.0000 0.8941E-33 0.1000E+01
2510 0.3019E+00 0.1348E+04 0.3313E-04 0.7340E+01 0.7803E+06 0.1692E+03  8.617 0.0000 0.8930E-33 0.1000E+01
2515 0.3116E+00 0.1338E+04 0.3199E-04 0.7322E+01 0.7760E+06 0.1705E+03  8.600 0.0000 0.8873E-33 0.1000E+01
2520 0.3216E+00 0.1328E+04 0.3089E-04 0.7304E+01 0.7717E+06 0.1717E+03  8.582 0.0000 0.8819E-33 0.1000E+01
2525 0.3319E+00 0.1318E+04 0.2983E-04 0.7287E+01 0.7673E+06 0.1729E+03  8.564 0.0000 0.8767E-33 0.1000E+01
2530 0.3424E+00 0.1308E+04 0.2881E-04 0.7270E+01 0.7630E+06 0.1742E+03  8.547 0.0000 0.8717E-33 0.1000E+01
2534 0.3500E+00 0.1301E+04 0.2810E-04 0.7257E+01 0.7600E+06 0.1750E+03  8.534 0.0000 0.8683E-33 0.1000E+01
2535 0.3522E+00 0.1299E+04 0.2791E-04 0.7254E+01 0.7591E+06 0.1753E+03  8.531 0.0000 0.8674E-33 0.1000E+01
2540 0.3633E+00 0.1289E+04 0.2695E-04 0.7237E+01 0.7548E+06 0.1765E+03  8.513 0.0000 0.8628E-33 0.1000E+01
2545 0.3747E+00 0.1279E+04 0.2602E-04 0.7221E+01 0.7504E+06 0.1777E+03  8.496 0.0000 0.8584E-33 0.1000E+01
2550 0.3864E+00 0.1270E+04 0.2512E-04 0.7204E+01 0.7461E+06 0.1789E+03  8.479 0.0000 0.8542E-33 0.1000E+01
2555 0.3984E+00 0.1260E+04 0.2424E-04 0.7188E+01 0.7418E+06 0.1801E+03  8.461 0.0000 0.8501E-33 0.1000E+01
2556 0.4000E+00 0.1259E+04 0.2413E-04 0.7186E+01 0.7412E+06 0.1803E+03  8.459 0.0000 0.8496E-33 0.1000E+01
2560 0.4099E+00 0.1251E+04 0.2346E-04 0.7173E+01 0.7377E+06 0.1812E+03  8.445 0.0000 0.8465E-33 0.1000E+01
2565 0.4225E+00 0.1241E+04 0.2264E-04 0.7158E+01 0.7334E+06 0.1824E+03  8.428 0.0000 0.8428E-33 0.1000E+01
2570 0.4355E+00 0.1232E+04 0.2186E-04 0.7142E+01 0.7291E+06 0.1836E+03  8.411 0.0000 0.8392E-33 0.1000E+01
2575 0.4489E+00 0.1222E+04 0.2110E-04 0.7127E+01 0.7248E+06 0.1848E+03  8.393 0.0000 0.8358E-33 0.1000E+01
2576 0.4500E+00 0.1221E+04 0.2104E-04 0.7125E+01 0.7244E+06 0.1849E+03  8.392 0.0000 0.8355E-33 0.1000E+01
2580 0.4610E+00 0.1214E+04 0.2046E-04 0.7113E+01 0.7209E+06 0.1858E+03  8.378 0.0000 0.8329E-33 0.1000E+01
2585 0.4750E+00 0.1205E+04 0.1976E-04 0.7098E+01 0.7166E+06 0.1870E+03  8.361 0.0000 0.8297E-33 0.1000E+01
2590 0.4895E+00 0.1195E+04 0.1907E-04 0.7083E+01 0.7123E+06 0.1882E+03  8.344 0.0000 0.8267E-33 0.1000E+01
2594 0.5000E+00 0.1189E+04 0.1860E-04 0.7073E+01 0.7092E+06 0.1890E+03  8.332 0.0000 0.8246E-33 0.1000E+01
2595 0.5030E+00 0.1187E+04 0.1847E-04 0.7070E+01 0.7083E+06 0.1892E+03  8.329 0.0000 0.8240E-33 0.1000E+01
2600 0.5182E+00 0.1178E+04 0.1782E-04 0.7055E+01 0.7040E+06 0.1904E+03  8.312 0.0000 0.8212E-33 0.1000E+01
2605 0.5338E+00 0.1168E+04 0.1719E-04 0.7041E+01 0.6997E+06 0.1915E+03  8.295 0.0000 0.8185E-33 0.1000E+01
2610 0.5499E+00 0.1158E+04 0.1656E-04 0.7027E+01 0.6954E+06 0.1927E+03  8.278 0.0000 0.8159E-33 0.1000E+01
2611 0.5500E+00 0.1158E+04 0.1656E-04 0.7027E+01 0.6954E+06 0.1927E+03  8.278 0.0000 0.8159E-33 0.1000E+01
2615 0.5632E+00 0.1150E+04 0.1603E-04 0.7015E+01 0.6917E+06 0.1936E+03  8.264 0.0000 0.8140E-33 0.1000E+01
2620 0.5803E+00 0.1139E+04 0.1539E-04 0.7001E+01 0.6874E+06 0.1948E+03  8.247 0.0000 0.8116E-33 0.1000E+01
2625 0.5979E+00 0.1128E+04 0.1475E-04 0.6988E+01 0.6831E+06 0.1959E+03  8.230 0.0000 0.8093E-33 0.1000E+01
2626 0.6000E+00 0.1127E+04 0.1467E-04 0.6986E+01 0.6826E+06 0.1960E+03  8.228 0.0000 0.8090E-33 0.1000E+01
2630 0.6146E+00 0.1118E+04 0.1417E-04 0.6975E+01 0.6792E+06 0.1969E+03  8.215 0.0000 0.8072E-33 0.1000E+01
2635 0.6335E+00 0.1107E+04 0.1356E-04 0.6962E+01 0.6750E+06 0.1981E+03  8.198 0.0000 0.8050E-33 0.1000E+01
2640 0.6500E+00 0.1098E+04 0.1306E-04 0.6951E+01 0.6713E+06 0.1990E+03  8.184 0.0000 0.8033E-33 0.1000E+01
2640 0.6500E+00 0.1098E+04 0.1306E-04 0.6951E+01 0.6713E+06 0.1990E+03  8.184 0.0000 0.8033E-33 0.1000E+01
2645 0.6701E+00 0.1086E+04 0.1248E-04 0.6938E+01 0.6671E+06 0.2001E+03  8.167 0.0000 0.8013E-33 0.1000E+01
2650 0.6910E+00 0.1075E+04 0.1193E-04 0.6925E+01 0.6629E+06 0.2012E+03  8.151 0.0000 0.7993E-33 0.1000E+01
2653 0.7000E+00 0.1070E+04 0.1171E-04 0.6920E+01 0.6611E+06 0.2017E+03  8.144 0.0000 0.7985E-33 0.1000E+01
2655 0.7087E+00 0.1066E+04 0.1150E-04 0.6914E+01 0.6594E+06 0.2021E+03  8.137 0.0000 0.7977E-33 0.1000E+01
2660 0.7310E+00 0.1055E+04 0.1099E-04 0.6902E+01 0.6552E+06 0.2032E+03  8.121 0.0000 0.7959E-33 0.1000E+01
2665 0.7500E+00 0.1046E+04 0.1058E-04 0.6892E+01 0.6518E+06 0.2041E+03  8.107 0.0000 0.7944E-33 0.1000E+01
2665 0.7500E+00 0.1046E+04 0.1058E-04 0.6892E+01 0.6518E+06 0.2041E+03  8.107 0.0000 0.7944E-33 0.1000E+01
2670 0.7739E+00 0.1035E+04 0.1011E-04 0.6879E+01 0.6476E+06 0.2052E+03  8.091 0.0000 0.7927E-33 0.1000E+01
2675 0.7988E+00 0.1024E+04 0.9654E-05 0.6867E+01 0.6434E+06 0.2063E+03  8.074 0.0000 0.7911E-33 0.1000E+01
2676 0.8000E+00 0.1023E+04 0.9633E-05 0.6866E+01 0.6432E+06 0.2063E+03  8.073 0.0000 0.7910E-33 0.1000E+01
2680 0.8206E+00 0.1015E+04 0.9284E-05 0.6857E+01 0.6398E+06 0.2072E+03  8.060 0.0000 0.7897E-33 0.1000E+01
2685 0.8472E+00 0.1004E+04 0.8866E-05 0.6845E+01 0.6357E+06 0.2082E+03  8.044 0.0000 0.7881E-33 0.1000E+01
2686 0.8500E+00 0.1003E+04 0.8824E-05 0.6844E+01 0.6352E+06 0.2083E+03  8.042 0.0000 0.7880E-33 0.1000E+01
2690 0.8721E+00 0.9943E+03 0.8504E-05 0.6834E+01 0.6319E+06 0.2092E+03  8.029 0.0000 0.7867E-33 0.1000E+01
2695 0.9000E+00 0.9840E+03 0.8128E-05 0.6823E+01 0.6279E+06 0.2102E+03  8.013 0.0000 0.7853E-33 0.1000E+01
2695 0.9000E+00 0.9840E+03 0.8128E-05 0.6823E+01 0.6279E+06 0.2102E+03  8.013 0.0000 0.7853E-33 0.1000E+01
2700 0.9297E+00 0.9734E+03 0.7758E-05 0.6811E+01 0.6238E+06 0.2113E+03  7.997 0.0000 0.7839E-33 0.1000E+01
2704 0.9500E+00 0.9665E+03 0.7522E-05 0.6804E+01 0.6211E+06 0.2120E+03  7.986 0.0000 0.7830E-33 0.1000E+01
2705 0.9562E+00 0.9644E+03 0.7452E-05 0.6802E+01 0.6202E+06 0.2122E+03  7.983 0.0000 0.7827E-33 0.1000E+01
2710 0.9881E+00 0.9539E+03 0.7110E-05 0.6790E+01 0.6161E+06 0.2132E+03  7.967 0.0000 0.7814E-33 0.1000E+01
2712 0.1000E+01 0.9501E+03 0.6989E-05 0.6786E+01 0.6147E+06 0.2136E+03  7.961 0.0000 0.7809E-33 0.1000E+01
2715 0.1020E+01 0.9438E+03 0.6794E-05 0.6780E+01 0.6122E+06 0.2142E+03  7.951 0.0000 0.7802E-33 0.1000E+01
2720 0.1054E+01 0.9335E+03 0.6480E-05 0.6769E+01 0.6082E+06 0.2152E+03  7.935 0.0000 0.7789E-33 0.1000E+01
2725 0.1090E+01 0.9233E+03 0.6181E-05 0.6758E+01 0.6041E+06 0.2163E+03  7.919 0.0000 0.7777E-33 0.1000E+01
2730 0.1127E+01 0.9132E+03 0.5895E-05 0.6747E+01 0.6001E+06 0.2173E+03  7.903 0.0000 0.7766E-33 0.1000E+01
2735 0.1166E+01 0.9031E+03 0.5623E-05 0.6736E+01 0.5960E+06 0.2183E+03  7.887 0.0000 0.7754E-33 0.1000E+01
2740 0.1206E+01 0.8933E+03 0.5364E-05 0.6726E+01 0.5920E+06 0.2193E+03  7.871 0.0000 0.7744E-33 0.1000E+01
2745 0.1248E+01 0.8836E+03 0.5119E-05 0.6715E+01 0.5880E+06 0.2203E+03  7.855 0.0000 0.7733E-33 0.1000E+01
2750 0.1291E+01 0.8740E+03 0.4886E-05 0.6705E+01 0.5841E+06 0.2213E+03  7.839 0.0000 0.7723E-33 0.1000E+01
2755 0.1336E+01 0.8646E+03 0.4666E-05 0.6695E+01 0.5801E+06 0.2223E+03  7.823 0.0000 0.7714E-33 0.1000E+01
2760 0.1383E+01 0.8554E+03 0.4456E-05 0.6685E+01 0.5761E+06 0.2233E+03  7.807 0.0000 0.7704E-33 0.1000E+01
2765 0.1432E+01 0.8462E+03 0.4255E-05 0.6675E+01 0.5722E+06 0.2242E+03  7.791 0.0000 0.7696E-33 0.1000E+01
2770 0.1482E+01 0.8370E+03 0.4061E-05 0.6665E+01 0.5683E+06 0.2252E+03  7.775 0.0000 0.7687E-33 0.1000E+01
2772 0.1500E+01 0.8339E+03 0.3997E-05 0.6662E+01 0.5669E+06 0.2255E+03  7.770 0.0000 0.7684E-33 0.1000E+01
2775 0.1532E+01 0.8284E+03 0.3885E-05 0.6656E+01 0.5646E+06 0.2261E+03  7.760 0.0000 0.7679E-33 0.1000E+01
2780 0.1586E+01 0.8192E+03 0.3705E-05 0.6646E+01 0.5607E+06 0.2271E+03  7.744 0.0000 0.7671E-33 0.1000E+01
2785 0.1642E+01 0.8098E+03 0.3529E-05 0.6637E+01 0.5568E+06 0.2280E+03  7.728 0.0000 0.7663E-33 0.1000E+01
2790 0.1701E+01 0.8003E+03 0.3356E-05 0.6628E+01 0.5530E+06 0.2290E+03  7.713 0.0000 0.7656E-33 0.1000E+01
2795 0.1763E+01 0.7905E+03 0.3186E-05 0.6618E+01 0.5491E+06 0.2299E+03  7.697 0.0000 0.7649E-33 0.1000E+01
2800 0.1827E+01 0.7803E+03 0.3016E-05 0.6609E+01 0.5453E+06 0.2309E+03  7.681 0.0000 0.7642E-33 0.1000E+01
2805 0.1894E+01 0.7697E+03 0.2848E-05 0.6600E+01 0.5415E+06 0.2318E+03  7.666 0.0000 0.7635E-33 0.1000E+01
2810 0.1965E+01 0.7588E+03 0.2683E-05 0.6591E+01 0.5377E+06 0.2327E+03  7.650 0.0000 0.7629E-33 0.1000E+01
2813 0.2000E+01 0.7536E+03 0.2607E-05 0.6587E+01 0.5359E+06 0.2332E+03  7.643 0.0000 0.7626E-33 0.1000E+01
2815 0.2030E+01 0.7492E+03 0.2543E-05 0.6583E+01 0.5344E+06 0.2335E+03  7.637 0.0000 0.7623E-33 0.1000E+01
2820 0.2107E+01 0.7383E+03 0.2392E-05 0.6575E+01 0.5307E+06 0.2344E+03  7.621 0.0000 0.7617E-33 0.1000E+01
2825 0.2187E+01 0.7275E+03 0.2249E-05 0.6566E+01 0.5271E+06 0.2353E+03  7.606 0.0000 0.7611E-33 0.1000E+01
2830 0.2271E+01 0.7169E+03 0.2115E-05 0.6558E+01 0.5235E+06 0.2362E+03  7.591 0.0000 0.7605E-33 0.1000E+01
2835 0.2359E+01 0.7064E+03 0.1989E-05 0.6550E+01 0.5200E+06 0.2371E+03  7.576 0.0000 0.7600E-33 0.1000E+01
2840 0.2451E+01 0.6961E+03 0.1871E-05 0.6542E+01 0.5164E+06 0.2379E+03  7.562 0.0000 0.7594E-33 0.1000E+01
2843 0.2500E+01 0.6908E+03 0.1813E-05 0.6538E+01 0.5146E+06 0.2384E+03  7.554 0.0000 0.7592E-33 0.1000E+01
2845 0.2539E+01 0.6868E+03 0.1770E-05 0.6535E+01 0.5132E+06 0.2387E+03  7.548 0.0000 0.7590E-33 0.1000E+01
2850 0.2642E+01 0.6768E+03 0.1665E-05 0.6527E+01 0.5097E+06 0.2395E+03  7.533 0.0000 0.7584E-33 0.1000E+01
2855 0.2750E+01 0.6669E+03 0.1566E-05 0.6519E+01 0.5062E+06 0.2404E+03  7.519 0.0000 0.7579E-33 0.1000E+01
2860 0.2865E+01 0.6572E+03 0.1473E-05 0.6511E+01 0.5027E+06 0.2412E+03  7.504 0.0000 0.7574E-33 0.1000E+01
2865 0.2986E+01 0.6476E+03 0.1386E-05 0.6504E+01 0.4992E+06 0.2421E+03  7.489 0.0000 0.7570E-33 0.1000E+01
2866 0.3000E+01 0.6465E+03 0.1376E-05 0.6503E+01 0.4988E+06 0.2422E+03  7.487 0.0000 0.7569E-33 0.1000E+01
2870 0.3103E+01 0.6390E+03 0.1310E-05 0.6497E+01 0.4960E+06 0.2428E+03  7.475 0.0000 0.7565E-33 0.1000E+01
2875 0.3237E+01 0.6297E+03 0.1233E-05 0.6489E+01 0.4925E+06 0.2437E+03  7.461 0.0000 0.7561E-33 0.1000E+01
2880 0.3380E+01 0.6205E+03 0.1160E-05 0.6481E+01 0.4890E+06 0.2445E+03  7.446 0.0000 0.7556E-33 0.1000E+01
2885 0.3500E+01 0.6132E+03 0.1104E-05 0.6475E+01 0.4862E+06 0.2452E+03  7.434 0.0000 0.7552E-33 0.1000E+01
2885 0.3500E+01 0.6132E+03 0.1104E-05 0.6475E+01 0.4862E+06 0.2452E+03  7.434 0.0000 0.7552E-33 0.1000E+01
2890 0.3649E+01 0.6044E+03 0.1040E-05 0.6468E+01 0.4828E+06 0.2460E+03  7.419 0.0000 0.7548E-33 0.1000E+01
2895 0.3817E+01 0.5956E+03 0.9783E-06 0.6461E+01 0.4793E+06 0.2468E+03  7.404 0.0000 0.7544E-33 0.1000E+01
2900 0.3995E+01 0.5869E+03 0.9205E-06 0.6453E+01 0.4758E+06 0.2476E+03  7.389 0.0000 0.7540E-33 0.1000E+01
2901 0.4000E+01 0.5867E+03 0.9189E-06 0.6453E+01 0.4757E+06 0.2477E+03  7.388 0.0000 0.7540E-33 0.1000E+01
2905 0.4150E+01 0.5799E+03 0.8753E-06 0.6447E+01 0.4729E+06 0.2483E+03  7.376 0.0000 0.7537E-33 0.1000E+01
2910 0.4347E+01 0.5715E+03 0.8237E-06 0.6440E+01 0.4694E+06 0.2492E+03  7.361 0.0000 0.7533E-33 0.1000E+01
2914 0.4500E+01 0.5653E+03 0.7876E-06 0.6435E+01 0.4668E+06 0.2498E+03  7.350 0.0000 0.7530E-33 0.1000E+01
2915 0.4542E+01 0.5637E+03 0.7782E-06 0.6433E+01 0.4661E+06 0.2499E+03  7.347 0.0000 0.7529E-33 0.1000E+01
2920 0.4760E+01 0.5556E+03 0.7328E-06 0.6426E+01 0.4626E+06 0.2507E+03  7.331 0.0000 0.7525E-33 0.1000E+01
2925 0.4990E+01 0.5476E+03 0.6901E-06 0.6419E+01 0.4592E+06 0.2516E+03  7.316 0.0000 0.7522E-33 0.1000E+01
2926 0.5000E+01 0.5473E+03 0.6885E-06 0.6419E+01 0.4590E+06 0.2516E+03  7.315 0.0000 0.7521E-33 0.1000E+01
2930 0.5193E+01 0.5410E+03 0.6563E-06 0.6413E+01 0.4563E+06 0.2522E+03  7.303 0.0000 0.7519E-33 0.1000E+01
2935 0.5445E+01 0.5334E+03 0.6185E-06 0.6406E+01 0.4529E+06 0.2530E+03  7.288 0.0000 0.7515E-33 0.1000E+01
2937 0.5500E+01 0.5318E+03 0.6109E-06 0.6405E+01 0.4521E+06 0.2532E+03  7.285 0.0000 0.7515E-33 0.1000E+01
2940 0.5659E+01 0.5272E+03 0.5896E-06 0.6400E+01 0.4501E+06 0.2537E+03  7.276 0.0000 0.7513E-33 0.1000E+01
2945 0.5936E+01 0.5198E+03 0.5558E-06 0.6394E+01 0.4467E+06 0.2545E+03  7.261 0.0000 0.7509E-33 0.1000E+01
2947 0.6000E+01 0.5182E+03 0.5486E-06 0.6392E+01 0.4460E+06 0.2547E+03  7.257 0.0000 0.7509E-33 0.1000E+01
2950 0.6175E+01 0.5138E+03 0.5298E-06 0.6388E+01 0.4440E+06 0.2551E+03  7.248 0.0000 0.7507E-33 0.1000E+01
2955 0.6478E+01 0.5067E+03 0.4999E-06 0.6381E+01 0.4406E+06 0.2559E+03  7.233 0.0000 0.7504E-33 0.1000E+01
2956 0.6500E+01 0.5062E+03 0.4979E-06 0.6381E+01 0.4404E+06 0.2560E+03  7.232 0.0000 0.7504E-33 0.1000E+01
2960 0.6754E+01 0.5006E+03 0.4755E-06 0.6376E+01 0.4377E+06 0.2566E+03  7.220 0.0000 0.7501E-33 0.1000E+01
2964 0.7000E+01 0.4955E+03 0.4558E-06 0.6371E+01 0.4352E+06 0.2572E+03  7.209 0.0000 0.7499E-33 0.1000E+01
2965 0.7068E+01 0.4942E+03 0.4507E-06 0.6369E+01 0.4346E+06 0.2573E+03  7.206 0.0000 0.7499E-33 0.1000E+01
2970 0.7416E+01 0.4875E+03 0.4259E-06 0.6363E+01 0.4313E+06 0.2581E+03  7.191 0.0000 0.7496E-33 0.1000E+01
2972 0.7500E+01 0.4860E+03 0.4204E-06 0.6361E+01 0.4305E+06 0.2583E+03  7.187 0.0000 0.7496E-33 0.1000E+01
2975 0.7719E+01 0.4820E+03 0.4065E-06 0.6358E+01 0.4285E+06 0.2587E+03  7.178 0.0000 0.7494E-33 0.1000E+01
2979 0.8000E+01 0.4772E+03 0.3899E-06 0.6353E+01 0.4261E+06 0.2593E+03  7.167 0.0000 0.7492E-33 0.1000E+01
2980 0.8077E+01 0.4760E+03 0.3856E-06 0.6352E+01 0.4255E+06 0.2594E+03  7.164 0.0000 0.7492E-33 0.1000E+01
2985 0.8475E+01 0.4696E+03 0.3647E-06 0.6345E+01 0.4222E+06 0.2602E+03  7.149 0.0000 0.7489E-33 0.1000E+01
2986 0.8500E+01 0.4692E+03 0.3634E-06 0.6345E+01 0.4220E+06 0.2602E+03  7.148 0.0000 0.7489E-33 0.1000E+01
2990 0.8832E+01 0.4642E+03 0.3477E-06 0.6340E+01 0.4194E+06 0.2608E+03  7.136 0.0000 0.7487E-33 0.1000E+01
2992 0.9000E+01 0.4618E+03 0.3402E-06 0.6337E+01 0.4182E+06 0.2611E+03  7.130 0.0000 0.7486E-33 0.1000E+01
2995 0.9263E+01 0.4581E+03 0.3291E-06 0.6334E+01 0.4163E+06 0.2616E+03  7.121 0.0000 0.7485E-33 0.1000E+01
2998 0.9500E+01 0.4549E+03 0.3196E-06 0.6330E+01 0.4146E+06 0.2620E+03  7.113 0.0000 0.7484E-33 0.1000E+01
3000 0.9684E+01 0.4525E+03 0.3126E-06 0.6328E+01 0.4133E+06 0.2623E+03  7.107 0.0000 0.7483E-33 0.1000E+01
3004 0.1000E+02 0.4485E+03 0.3013E-06 0.6324E+01 0.4112E+06 0.2628E+03  7.097 0.0000 0.7482E-33 0.1000E+01
3005 0.1010E+02 0.4473E+03 0.2980E-06 0.6323E+01 0.4105E+06 0.2629E+03  7.094 0.0000 0.7481E-33 0.1000E+01
3010 0.1050E+02 0.4424E+03 0.2848E-06 0.6318E+01 0.4080E+06 0.2635E+03  7.082 0.0000 0.7480E-33 0.1000E+01
3010 0.1050E+02 0.4424E+03 0.2848E-06 0.6318E+01 0.4080E+06 0.2635E+03  7.082 0.0000 0.7480E-33 0.1000E+01
3015 0.1100E+02 0.4367E+03 0.2699E-06 0.6312E+01 0.4049E+06 0.2642E+03  7.067 0.0000 0.7478E-33 0.1000E+01
3015 0.1100E+02 0.4367E+03 0.2699E-06 0.6312E+01 0.4049E+06 0.2642E+03  7.067 0.0000 0.7478E-33 0.1000E+01
3020 0.1150E+02 0.4313E+03 0.2564E-06 0.6306E+01 0.4020E+06 0.2649E+03  7.053 0.0000 0.7476E-33 0.1000E+01
3020 0.1150E+02 0.4313E+03 0.2564E-06 0.6306E+01 0.4020E+06 0.2649E+03  7.053 0.0000 0.7476E-33 0.1000E+01
3025 0.1200E+02 0.4262E+03 0.2441E-06 0.6301E+01 0.3992E+06 0.2655E+03  7.040 0.0000 0.7474E-33 0.1000E+01
3025 0.1200E+02 0.4262E+03 0.2441E-06 0.6301E+01 0.3992E+06 0.2655E+03  7.040 0.0000 0.7474E-33 0.1000E+01
3030 0.1250E+02 0.4214E+03 0.2328E-06 0.6296E+01 0.3966E+06 0.2661E+03  7.027 0.0000 0.7473E-33 0.1000E+01
3030 0.1250E+02 0.4214E+03 0.2328E-06 0.6296E+01 0.3966E+06 0.2661E+03  7.027 0.0000 0.7473E-33 0.1000E+01
3035 0.1300E+02 0.4168E+03 0.2224E-06 0.6291E+01 0.3941E+06 0.2667E+03  7.015 0.0000 0.7472E-33 0.1000E+01
3035 0.1300E+02 0.4168E+03 0.2224E-06 0.6291E+01 0.3941E+06 0.2667E+03  7.015 0.0000 0.7472E-33 0.1000E+01
3039 0.1350E+02 0.4123E+03 0.2128E-06 0.6287E+01 0.3917E+06 0.2673E+03  7.003 0.0000 0.7470E-33 0.1000E+01
3040 0.1363E+02 0.4112E+03 0.2104E-06 0.6286E+01 0.3911E+06 0.2674E+03  7.000 0.0000 0.7470E-33 0.1000E+01
3043 0.1400E+02 0.4081E+03 0.2039E-06 0.6283E+01 0.3894E+06 0.2678E+03  6.991 0.0000 0.7469E-33 0.1000E+01
3045 0.1427E+02 0.4059E+03 0.1994E-06 0.6280E+01 0.3882E+06 0.2681E+03  6.985 0.0000 0.7469E-33 0.1000E+01
3047 0.1450E+02 0.4041E+03 0.1957E-06 0.6278E+01 0.3872E+06 0.2683E+03  6.980 0.0000 0.7468E-33 0.1000E+01
3050 0.1492E+02 0.4008E+03 0.1893E-06 0.6275E+01 0.3854E+06 0.2687E+03  6.971 0.0000 0.7467E-33 0.1000E+01
3051 0.1500E+02 0.4002E+03 0.1881E-06 0.6274E+01 0.3850E+06 0.2688E+03  6.970 0.0000 0.7467E-33 0.1000E+01
3055 0.1550E+02 0.3965E+03 0.1810E-06 0.6271E+01 0.3830E+06 0.2693E+03  6.959 0.0000 0.7466E-33 0.1000E+01
3055 0.1550E+02 0.3965E+03 0.1810E-06 0.6271E+01 0.3830E+06 0.2693E+03  6.959 0.0000 0.7466E-33 0.1000E+01
3059 0.1600E+02 0.3930E+03 0.1744E-06 0.6267E+01 0.3810E+06 0.2697E+03  6.950 0.0000 0.7465E-33 0.1000E+01
3060 0.1615E+02 0.3919E+03 0.1725E-06 0.6266E+01 0.3804E+06 0.2699E+03  6.947 0.0000 0.7465E-33 0.1000E+01
3063 0.1650E+02 0.3896E+03 0.1683E-06 0.6263E+01 0.3791E+06 0.2702E+03  6.940 0.0000 0.7464E-33 0.1000E+01
3065 0.1682E+02 0.3874E+03 0.1645E-06 0.6261E+01 0.3779E+06 0.2704E+03  6.934 0.0000 0.7464E-33 0.1000E+01
3067 0.1700E+02 0.3863E+03 0.1625E-06 0.6260E+01 0.3773E+06 0.2706E+03  6.931 0.0000 0.7463E-33 0.1000E+01
3070 0.1749E+02 0.3831E+03 0.1571E-06 0.6257E+01 0.3755E+06 0.2710E+03  6.922 0.0000 0.7463E-33 0.1000E+01
3071 0.1750E+02 0.3831E+03 0.1570E-06 0.6257E+01 0.3755E+06 0.2710E+03  6.922 0.0000 0.7463E-33 0.1000E+01
3074 0.1800E+02 0.3800E+03 0.1518E-06 0.6254E+01 0.3737E+06 0.2714E+03  6.913 0.0000 0.7462E-33 0.1000E+01
3075 0.1817E+02 0.3789E+03 0.1501E-06 0.6253E+01 0.3732E+06 0.2715E+03  6.910 0.0000 0.7462E-33 0.1000E+01
3077 0.1850E+02 0.3770E+03 0.1470E-06 0.6251E+01 0.3721E+06 0.2718E+03  6.904 0.0000 0.7461E-33 0.1000E+01
3080 0.1900E+02 0.3741E+03 0.1424E-06 0.6248E+01 0.3705E+06 0.2722E+03  6.896 0.0000 0.7461E-33 0.1000E+01
3080 0.1900E+02 0.3741E+03 0.1424E-06 0.6248E+01 0.3705E+06 0.2722E+03  6.896 0.0000 0.7461E-33 0.1000E+01
3083 0.1950E+02 0.3714E+03 0.1381E-06 0.6245E+01 0.3689E+06 0.2725E+03  6.888 0.0000 0.7460E-33 0.1000E+01
3085 0.1988E+02 0.3693E+03 0.1350E-06 0.6243E+01 0.3677E+06 0.2728E+03  6.882 0.0000 0.7460E-33 0.1000E+01
3086 0.2000E+02 0.3687E+03 0.1340E-06 0.6242E+01 0.3674E+06 0.2729E+03  6.880 0.0000 0.7459E-33 0.1000E+01
