 $INPUT
 IMODEL	=             1
 N	=           120
 MINSTP	=             0
 VEOS	=  1.000000000000000
 ILOOP	=             1
 STATIC	=   F
 FRACT	=  3.0000000000000001E-03
 SHINE	=  0.3000000000000000
 SHAVE	=  1.0000000000000000E-08
 POUT	=  5000000.000000000
 AMETH	=             2
 CMETH	=             1
 NOBOND	=             1
 TBEG	=  5.0000000000000004E-06
 TIMEF	=  20.00000000000000
 DTIMEO	=  5.0000000000000003E-02
 STEPO	=  0.5000000000000000
 LCORR	=   T
 LSTART	=   F
 MAXSTP	=         10000
 SPK	=  16.20000000000000
 STARL	=  0.0000000000000000E+00
 DIST	=  5.200000000000000
 ALB	=  0.3500000000000000
 TEFFS	=  5770.000000000000
 LCONV	=   T
 LTRANS	=   T
 LPOUT	=   T
 LFILL	=   F
 LCONT	=   T
 LBURN	=   T
 MAG	=  'O '
 GAM	=  '7X'
 MASS	=  39.78400000000000
 YHEA	=  0.2500000000000000
 YDI	=  2.0000000000000002E-05
 HB	=  1.000000000000000
 $end
 
 
 Gam,Mass,Yhe,Ydi,Dist,starl,alb=  7X  39.784   0.250 0.200E-04 0.520E+01 0.000E+00 0.350E+00
  I  Time(Gyrs) Teff        Lumin      Rad(Gcm)  Tc         Rhoc       S      Ratio  Yd         Yl


   5 0.3923E-06 0.2496E+04 0.9340E-01 0.1136E+03 0.1435E+06 0.8172E-01 16.185 0.0000 0.2000E-04 0.1000E+01
  10 0.8959E-06 0.2501E+04 0.9161E-01 0.1121E+03 0.1449E+06 0.8406E-01 16.165 0.0000 0.2000E-04 0.1000E+01
  15 0.1415E-05 0.2506E+04 0.8983E-01 0.1106E+03 0.1464E+06 0.8646E-01 16.144 0.0000 0.2000E-04 0.1000E+01
  20 0.1950E-05 0.2510E+04 0.8804E-01 0.1092E+03 0.1478E+06 0.8892E-01 16.123 0.0000 0.2000E-04 0.1000E+01
  25 0.2502E-05 0.2513E+04 0.8626E-01 0.1077E+03 0.1492E+06 0.9146E-01 16.102 0.0000 0.2000E-04 0.1000E+01
  30 0.3073E-05 0.2517E+04 0.8451E-01 0.1063E+03 0.1507E+06 0.9407E-01 16.081 0.0000 0.2000E-04 0.1000E+01
  35 0.3662E-05 0.2521E+04 0.8278E-01 0.1049E+03 0.1522E+06 0.9675E-01 16.060 0.0000 0.2000E-04 0.1000E+01
  40 0.4269E-05 0.2524E+04 0.8107E-01 0.1036E+03 0.1536E+06 0.9951E-01 16.039 0.0000 0.2000E-04 0.1000E+01
  45 0.4897E-05 0.2527E+04 0.7939E-01 0.1022E+03 0.1551E+06 0.1023E+00 16.018 0.0000 0.2000E-04 0.1000E+01
  46 0.0000E+00 0.2528E+04 0.7912E-01 0.1020E+03 0.1554E+06 0.1028E+00 16.015 0.0000 0.2000E-04 0.1000E+01
  50 0.5210E-06 0.2530E+04 0.7778E-01 0.1009E+03 0.1566E+06 0.1051E+00 15.998 0.0000 0.2000E-04 0.1000E+01
  55 0.1195E-05 0.2533E+04 0.7613E-01 0.9961E+02 0.1581E+06 0.1081E+00 15.976 0.0000 0.2000E-04 0.1000E+01
  60 0.1895E-05 0.2536E+04 0.7446E-01 0.9831E+02 0.1597E+06 0.1113E+00 15.955 0.0000 0.2000E-04 0.1000E+01
  65 0.2622E-05 0.2538E+04 0.7278E-01 0.9703E+02 0.1613E+06 0.1145E+00 15.934 0.0000 0.2000E-04 0.1000E+01
  70 0.3379E-05 0.2541E+04 0.7116E-01 0.9576E+02 0.1629E+06 0.1178E+00 15.912 0.0000 0.2000E-04 0.1000E+01
  75 0.4161E-05 0.2543E+04 0.6951E-01 0.9447E+02 0.1645E+06 0.1213E+00 15.890 0.0000 0.2000E-04 0.1000E+01
  80 0.4966E-05 0.2545E+04 0.6795E-01 0.9325E+02 0.1662E+06 0.1248E+00 15.868 0.0000 0.2000E-04 0.1000E+01
  85 0.5796E-05 0.2547E+04 0.6643E-01 0.9205E+02 0.1678E+06 0.1283E+00 15.846 0.0000 0.2000E-04 0.1000E+01
  90 0.6651E-05 0.2549E+04 0.6496E-01 0.9087E+02 0.1694E+06 0.1320E+00 15.825 0.0000 0.2000E-04 0.1000E+01
  95 0.7533E-05 0.2551E+04 0.6352E-01 0.8972E+02 0.1710E+06 0.1357E+00 15.803 0.0000 0.2000E-04 0.1000E+01
 100 0.8441E-05 0.2553E+04 0.6212E-01 0.8858E+02 0.1727E+06 0.1395E+00 15.782 0.0000 0.2000E-04 0.1000E+01
 105 0.9377E-05 0.2555E+04 0.6070E-01 0.8747E+02 0.1743E+06 0.1434E+00 15.760 0.0000 0.2000E-04 0.1000E+01
 110 0.1034E-04 0.2556E+04 0.5932E-01 0.8638E+02 0.1759E+06 0.1474E+00 15.739 0.0000 0.2000E-04 0.1000E+01
 115 0.1134E-04 0.2558E+04 0.5800E-01 0.8531E+02 0.1775E+06 0.1515E+00 15.717 0.0000 0.2000E-04 0.1000E+01
 120 0.1236E-04 0.2559E+04 0.5672E-01 0.8427E+02 0.1791E+06 0.1556E+00 15.696 0.0000 0.2000E-04 0.1000E+01
 125 0.1342E-04 0.2561E+04 0.5549E-01 0.8324E+02 0.1807E+06 0.1599E+00 15.675 0.0000 0.2000E-04 0.1000E+01
 130 0.1450E-04 0.2562E+04 0.5429E-01 0.8223E+02 0.1823E+06 0.1642E+00 15.653 0.0000 0.2000E-04 0.1000E+01
 135 0.1562E-04 0.2564E+04 0.5313E-01 0.8124E+02 0.1839E+06 0.1686E+00 15.632 0.0000 0.2000E-04 0.1000E+01
 140 0.1678E-04 0.2566E+04 0.5200E-01 0.8026E+02 0.1855E+06 0.1732E+00 15.611 0.0000 0.2000E-04 0.1000E+01
 145 0.1797E-04 0.2568E+04 0.5090E-01 0.7930E+02 0.1871E+06 0.1779E+00 15.589 0.0000 0.2000E-04 0.1000E+01
 150 0.1920E-04 0.2569E+04 0.4983E-01 0.7835E+02 0.1887E+06 0.1826E+00 15.568 0.0000 0.2000E-04 0.1000E+01
 155 0.2048E-04 0.2571E+04 0.4877E-01 0.7742E+02 0.1903E+06 0.1875E+00 15.546 0.0000 0.2000E-04 0.1000E+01
 160 0.2179E-04 0.2572E+04 0.4769E-01 0.7650E+02 0.1919E+06 0.1926E+00 15.525 0.0000 0.2000E-04 0.1000E+01
 165 0.2315E-04 0.2573E+04 0.4666E-01 0.7560E+02 0.1935E+06 0.1977E+00 15.503 0.0000 0.2000E-04 0.1000E+01
 170 0.2456E-04 0.2575E+04 0.4566E-01 0.7470E+02 0.1951E+06 0.2030E+00 15.482 0.0000 0.2000E-04 0.1000E+01
 175 0.2601E-04 0.2576E+04 0.4469E-01 0.7382E+02 0.1968E+06 0.2084E+00 15.460 0.0000 0.2000E-04 0.1000E+01
 180 0.2752E-04 0.2577E+04 0.4374E-01 0.7295E+02 0.1984E+06 0.2139E+00 15.438 0.0000 0.2000E-04 0.1000E+01
 185 0.2907E-04 0.2579E+04 0.4282E-01 0.7210E+02 0.2001E+06 0.2196E+00 15.416 0.0000 0.2000E-04 0.1000E+01
 190 0.3068E-04 0.2581E+04 0.4192E-01 0.7125E+02 0.2017E+06 0.2255E+00 15.394 0.0000 0.2000E-04 0.1000E+01
 195 0.3234E-04 0.2582E+04 0.4105E-01 0.7042E+02 0.2034E+06 0.2314E+00 15.372 0.0000 0.2000E-04 0.1000E+01
 200 0.3406E-04 0.2584E+04 0.4019E-01 0.6959E+02 0.2050E+06 0.2376E+00 15.350 0.0000 0.2000E-04 0.1000E+01
 205 0.3584E-04 0.2585E+04 0.3936E-01 0.6879E+02 0.2067E+06 0.2438E+00 15.328 0.0000 0.2000E-04 0.1000E+01
 210 0.3767E-04 0.2587E+04 0.3854E-01 0.6799E+02 0.2084E+06 0.2503E+00 15.306 0.0000 0.2000E-04 0.1000E+01
 215 0.3957E-04 0.2589E+04 0.3777E-01 0.6721E+02 0.2101E+06 0.2568E+00 15.284 0.0000 0.2000E-04 0.1000E+01
 220 0.4154E-04 0.2590E+04 0.3699E-01 0.6643E+02 0.2118E+06 0.2636E+00 15.262 0.0000 0.2000E-04 0.1000E+01
 225 0.4356E-04 0.2592E+04 0.3623E-01 0.6566E+02 0.2135E+06 0.2706E+00 15.239 0.0000 0.2000E-04 0.1000E+01
 230 0.4566E-04 0.2593E+04 0.3546E-01 0.6489E+02 0.2152E+06 0.2778E+00 15.216 0.0000 0.2000E-04 0.1000E+01
 235 0.4784E-04 0.2594E+04 0.3471E-01 0.6414E+02 0.2169E+06 0.2852E+00 15.193 0.0000 0.2000E-04 0.1000E+01
 240 0.5009E-04 0.2596E+04 0.3399E-01 0.6340E+02 0.2187E+06 0.2928E+00 15.171 0.0000 0.2000E-04 0.1000E+01
 245 0.5241E-04 0.2597E+04 0.3328E-01 0.6266E+02 0.2204E+06 0.3006E+00 15.148 0.0000 0.2000E-04 0.1000E+01
 250 0.5480E-04 0.2599E+04 0.3260E-01 0.6194E+02 0.2222E+06 0.3086E+00 15.125 0.0000 0.2000E-04 0.1000E+01
 255 0.5726E-04 0.2600E+04 0.3193E-01 0.6124E+02 0.2239E+06 0.3167E+00 15.102 0.0000 0.2000E-04 0.1000E+01
 260 0.5978E-04 0.2602E+04 0.3129E-01 0.6054E+02 0.2256E+06 0.3250E+00 15.079 0.0000 0.2000E-04 0.1000E+01
 265 0.6237E-04 0.2604E+04 0.3066E-01 0.5986E+02 0.2274E+06 0.3335E+00 15.056 0.0000 0.2000E-04 0.1000E+01
 270 0.6503E-04 0.2605E+04 0.3005E-01 0.5919E+02 0.2291E+06 0.3421E+00 15.033 0.0000 0.2000E-04 0.1000E+01
 275 0.6776E-04 0.2607E+04 0.2945E-01 0.5853E+02 0.2309E+06 0.3509E+00 15.010 0.0000 0.2000E-04 0.1000E+01
 280 0.7056E-04 0.2608E+04 0.2887E-01 0.5788E+02 0.2326E+06 0.3600E+00 14.987 0.0000 0.2000E-04 0.1000E+01
 285 0.7344E-04 0.2610E+04 0.2831E-01 0.5725E+02 0.2343E+06 0.3692E+00 14.965 0.0000 0.2000E-04 0.1000E+01
 290 0.7641E-04 0.2611E+04 0.2776E-01 0.5662E+02 0.2361E+06 0.3786E+00 14.942 0.0000 0.2000E-04 0.1000E+01
 295 0.7946E-04 0.2613E+04 0.2722E-01 0.5600E+02 0.2378E+06 0.3883E+00 14.919 0.0000 0.2000E-04 0.1000E+01
 300 0.8260E-04 0.2614E+04 0.2667E-01 0.5540E+02 0.2396E+06 0.3982E+00 14.896 0.0000 0.2000E-04 0.1000E+01
 305 0.8583E-04 0.2614E+04 0.2612E-01 0.5480E+02 0.2414E+06 0.4084E+00 14.873 0.0000 0.2000E-04 0.1000E+01
 310 0.8915E-04 0.2615E+04 0.2558E-01 0.5421E+02 0.2432E+06 0.4187E+00 14.850 0.0000 0.2000E-04 0.1000E+01
 315 0.9258E-04 0.2615E+04 0.2506E-01 0.5362E+02 0.2450E+06 0.4294E+00 14.828 0.0000 0.2000E-04 0.1000E+01
 320 0.9612E-04 0.2616E+04 0.2455E-01 0.5305E+02 0.2468E+06 0.4403E+00 14.805 0.0000 0.2000E-04 0.1000E+01
 325 0.9976E-04 0.2617E+04 0.2405E-01 0.5248E+02 0.2486E+06 0.4515E+00 14.781 0.0000 0.2000E-04 0.1000E+01
 330 0.1035E-03 0.2617E+04 0.2356E-01 0.5192E+02 0.2504E+06 0.4630E+00 14.758 0.0000 0.2000E-04 0.1000E+01
 335 0.1074E-03 0.2618E+04 0.2308E-01 0.5137E+02 0.2522E+06 0.4748E+00 14.735 0.0000 0.2000E-04 0.1000E+01
 340 0.1114E-03 0.2619E+04 0.2262E-01 0.5082E+02 0.2541E+06 0.4869E+00 14.712 0.0000 0.2000E-04 0.1000E+01
 345 0.1155E-03 0.2619E+04 0.2217E-01 0.5028E+02 0.2560E+06 0.4993E+00 14.689 0.0000 0.2000E-04 0.1000E+01
 350 0.1197E-03 0.2620E+04 0.2172E-01 0.4975E+02 0.2578E+06 0.5120E+00 14.665 0.0000 0.2000E-04 0.1000E+01
 355 0.1241E-03 0.2621E+04 0.2129E-01 0.4923E+02 0.2598E+06 0.5251E+00 14.642 0.0000 0.2000E-04 0.1000E+01
 360 0.1286E-03 0.2622E+04 0.2087E-01 0.4871E+02 0.2617E+06 0.5385E+00 14.619 0.0000 0.2000E-04 0.1000E+01
 365 0.1332E-03 0.2622E+04 0.2043E-01 0.4819E+02 0.2636E+06 0.5523E+00 14.595 0.0000 0.2000E-04 0.1000E+01
 370 0.1380E-03 0.2622E+04 0.2000E-01 0.4769E+02 0.2656E+06 0.5664E+00 14.571 0.0000 0.2000E-04 0.1000E+01
 375 0.1429E-03 0.2622E+04 0.1959E-01 0.4719E+02 0.2676E+06 0.5809E+00 14.548 0.0000 0.2000E-04 0.1000E+01
 380 0.1480E-03 0.2622E+04 0.1918E-01 0.4669E+02 0.2696E+06 0.5958E+00 14.524 0.0000 0.2000E-04 0.1000E+01
 385 0.1532E-03 0.2622E+04 0.1879E-01 0.4621E+02 0.2716E+06 0.6111E+00 14.500 0.0000 0.2000E-04 0.1000E+01
 390 0.1586E-03 0.2622E+04 0.1841E-01 0.4572E+02 0.2736E+06 0.6268E+00 14.477 0.0000 0.2000E-04 0.1000E+01
 395 0.1642E-03 0.2623E+04 0.1804E-01 0.4525E+02 0.2757E+06 0.6430E+00 14.453 0.0000 0.2000E-04 0.1000E+01
 400 0.1699E-03 0.2623E+04 0.1767E-01 0.4478E+02 0.2777E+06 0.6595E+00 14.429 0.0000 0.2000E-04 0.1000E+01
 405 0.1758E-03 0.2623E+04 0.1732E-01 0.4431E+02 0.2798E+06 0.6766E+00 14.405 0.0000 0.2000E-04 0.1000E+01
 410 0.1819E-03 0.2624E+04 0.1698E-01 0.4386E+02 0.2819E+06 0.6940E+00 14.381 0.0000 0.2000E-04 0.1000E+01
 415 0.1881E-03 0.2624E+04 0.1664E-01 0.4340E+02 0.2840E+06 0.7119E+00 14.357 0.0000 0.2000E-04 0.1000E+01
 420 0.1945E-03 0.2625E+04 0.1632E-01 0.4296E+02 0.2861E+06 0.7303E+00 14.333 0.0000 0.2000E-04 0.1000E+01
 425 0.2011E-03 0.2626E+04 0.1600E-01 0.4252E+02 0.2882E+06 0.7492E+00 14.309 0.0000 0.2000E-04 0.1000E+01
 430 0.2079E-03 0.2626E+04 0.1569E-01 0.4208E+02 0.2904E+06 0.7685E+00 14.285 0.0000 0.2000E-04 0.1000E+01
 435 0.2149E-03 0.2627E+04 0.1539E-01 0.4165E+02 0.2925E+06 0.7883E+00 14.261 0.0000 0.2000E-04 0.1000E+01
 440 0.2221E-03 0.2628E+04 0.1509E-01 0.4123E+02 0.2947E+06 0.8087E+00 14.237 0.0000 0.2000E-04 0.1000E+01
 445 0.2295E-03 0.2629E+04 0.1481E-01 0.4081E+02 0.2969E+06 0.8296E+00 14.213 0.0000 0.2000E-04 0.1000E+01
 450 0.2370E-03 0.2630E+04 0.1453E-01 0.4039E+02 0.2991E+06 0.8511E+00 14.189 0.0000 0.2000E-04 0.1000E+01
 455 0.2448E-03 0.2631E+04 0.1426E-01 0.3998E+02 0.3013E+06 0.8731E+00 14.164 0.0000 0.2000E-04 0.1000E+01
 460 0.2528E-03 0.2632E+04 0.1399E-01 0.3958E+02 0.3035E+06 0.8957E+00 14.140 0.0000 0.2000E-04 0.1000E+01
 465 0.2611E-03 0.2633E+04 0.1373E-01 0.3918E+02 0.3058E+06 0.9189E+00 14.116 0.0000 0.2000E-04 0.1000E+01
 470 0.2695E-03 0.2634E+04 0.1348E-01 0.3878E+02 0.3080E+06 0.9427E+00 14.092 0.0000 0.2000E-04 0.1000E+01
 475 0.2782E-03 0.2635E+04 0.1323E-01 0.3839E+02 0.3103E+06 0.9671E+00 14.067 0.0000 0.2000E-04 0.1000E+01
 480 0.2872E-03 0.2636E+04 0.1299E-01 0.3801E+02 0.3126E+06 0.9921E+00 14.043 0.0000 0.2000E-04 0.1000E+01
 485 0.2964E-03 0.2637E+04 0.1275E-01 0.3763E+02 0.3149E+06 0.1018E+01 14.018 0.0000 0.2000E-04 0.1000E+01
 490 0.3058E-03 0.2638E+04 0.1252E-01 0.3725E+02 0.3172E+06 0.1044E+01 13.994 0.0000 0.2000E-04 0.1000E+01
 495 0.3156E-03 0.2640E+04 0.1230E-01 0.3687E+02 0.3195E+06 0.1071E+01 13.969 0.0000 0.2000E-04 0.1000E+01
 500 0.3256E-03 0.2642E+04 0.1208E-01 0.3650E+02 0.3219E+06 0.1099E+01 13.944 0.0000 0.2000E-04 0.1000E+01
 505 0.3358E-03 0.2643E+04 0.1187E-01 0.3613E+02 0.3243E+06 0.1128E+01 13.919 0.0000 0.2000E-04 0.1000E+01
 510 0.3464E-03 0.2645E+04 0.1166E-01 0.3577E+02 0.3266E+06 0.1157E+01 13.895 0.0000 0.2000E-04 0.1000E+01
 515 0.3573E-03 0.2647E+04 0.1146E-01 0.3541E+02 0.3290E+06 0.1187E+01 13.870 0.0000 0.2000E-04 0.1000E+01
 520 0.3684E-03 0.2648E+04 0.1126E-01 0.3506E+02 0.3315E+06 0.1218E+01 13.845 0.0000 0.2000E-04 0.1000E+01
 525 0.3799E-03 0.2650E+04 0.1107E-01 0.3471E+02 0.3339E+06 0.1250E+01 13.820 0.0000 0.2000E-04 0.1000E+01
 530 0.3917E-03 0.2652E+04 0.1088E-01 0.3436E+02 0.3364E+06 0.1283E+01 13.795 0.0000 0.2000E-04 0.1000E+01
 535 0.4038E-03 0.2654E+04 0.1069E-01 0.3402E+02 0.3389E+06 0.1317E+01 13.770 0.0000 0.2000E-04 0.1000E+01
 540 0.4163E-03 0.2655E+04 0.1050E-01 0.3368E+02 0.3414E+06 0.1351E+01 13.745 0.0000 0.2000E-04 0.1000E+01
 545 0.4291E-03 0.2657E+04 0.1032E-01 0.3334E+02 0.3440E+06 0.1387E+01 13.719 0.0001 0.2000E-04 0.1000E+01
 550 0.4423E-03 0.2659E+04 0.1014E-01 0.3301E+02 0.3465E+06 0.1423E+01 13.694 0.0001 0.2000E-04 0.1000E+01
 555 0.4558E-03 0.2660E+04 0.9966E-02 0.3268E+02 0.3491E+06 0.1461E+01 13.669 0.0001 0.2000E-04 0.1000E+01
 560 0.4697E-03 0.2662E+04 0.9795E-02 0.3236E+02 0.3517E+06 0.1499E+01 13.643 0.0001 0.2000E-04 0.1000E+01
 565 0.4840E-03 0.2664E+04 0.9628E-02 0.3203E+02 0.3544E+06 0.1539E+01 13.618 0.0001 0.2000E-04 0.1000E+01
 570 0.4987E-03 0.2666E+04 0.9462E-02 0.3171E+02 0.3570E+06 0.1580E+01 13.592 0.0001 0.2000E-04 0.1000E+01
 575 0.5139E-03 0.2668E+04 0.9299E-02 0.3140E+02 0.3597E+06 0.1622E+01 13.566 0.0001 0.2000E-04 0.1000E+01
 580 0.5294E-03 0.2669E+04 0.9139E-02 0.3109E+02 0.3624E+06 0.1665E+01 13.541 0.0002 0.2000E-04 0.1000E+01
 585 0.5454E-03 0.2671E+04 0.8976E-02 0.3077E+02 0.3652E+06 0.1711E+01 13.514 0.0002 0.2000E-04 0.1000E+01
 590 0.5619E-03 0.2673E+04 0.8820E-02 0.3046E+02 0.3680E+06 0.1756E+01 13.488 0.0002 0.2000E-04 0.1000E+01
 595 0.5788E-03 0.2675E+04 0.8666E-02 0.3016E+02 0.3707E+06 0.1803E+01 13.462 0.0003 0.2000E-04 0.1000E+01
 600 0.5962E-03 0.2676E+04 0.8513E-02 0.2985E+02 0.3735E+06 0.1852E+01 13.436 0.0003 0.2000E-04 0.1000E+01
 605 0.6141E-03 0.2678E+04 0.8362E-02 0.2956E+02 0.3763E+06 0.1901E+01 13.410 0.0004 0.2000E-04 0.1000E+01
 610 0.6325E-03 0.2679E+04 0.8212E-02 0.2926E+02 0.3791E+06 0.1952E+01 13.383 0.0005 0.2000E-04 0.1000E+01
 615 0.6515E-03 0.2680E+04 0.8064E-02 0.2897E+02 0.3819E+06 0.2005E+01 13.357 0.0005 0.2000E-04 0.1000E+01
 620 0.6710E-03 0.2681E+04 0.7917E-02 0.2868E+02 0.3847E+06 0.2059E+01 13.331 0.0006 0.2000E-04 0.1000E+01
 625 0.6911E-03 0.2682E+04 0.7771E-02 0.2840E+02 0.3875E+06 0.2114E+01 13.304 0.0007 0.2000E-04 0.1000E+01
 630 0.7118E-03 0.2683E+04 0.7627E-02 0.2811E+02 0.3903E+06 0.2172E+01 13.278 0.0009 0.2000E-04 0.1000E+01
 635 0.7330E-03 0.2684E+04 0.7485E-02 0.2783E+02 0.3932E+06 0.2230E+01 13.251 0.0010 0.2000E-04 0.1000E+01
 640 0.7550E-03 0.2684E+04 0.7344E-02 0.2756E+02 0.3960E+06 0.2290E+01 13.224 0.0012 0.2000E-04 0.1000E+01
 645 0.7776E-03 0.2685E+04 0.7204E-02 0.2728E+02 0.3989E+06 0.2352E+01 13.197 0.0014 0.2000E-04 0.1000E+01
 650 0.8009E-03 0.2686E+04 0.7067E-02 0.2701E+02 0.4017E+06 0.2416E+01 13.170 0.0017 0.2000E-04 0.1000E+01
 655 0.8248E-03 0.2686E+04 0.6931E-02 0.2674E+02 0.4046E+06 0.2482E+01 13.143 0.0020 0.2000E-04 0.1000E+01
 660 0.8496E-03 0.2686E+04 0.6797E-02 0.2647E+02 0.4075E+06 0.2550E+01 13.116 0.0023 0.2000E-04 0.1000E+01
 665 0.8750E-03 0.2687E+04 0.6666E-02 0.2621E+02 0.4103E+06 0.2619E+01 13.089 0.0027 0.2000E-04 0.1000E+01
 670 0.9012E-03 0.2687E+04 0.6536E-02 0.2595E+02 0.4132E+06 0.2690E+01 13.061 0.0032 0.2000E-04 0.1000E+01
 675 0.9283E-03 0.2687E+04 0.6408E-02 0.2569E+02 0.4161E+06 0.2763E+01 13.034 0.0038 0.2000E-04 0.1000E+01
 680 0.9561E-03 0.2687E+04 0.6283E-02 0.2543E+02 0.4190E+06 0.2839E+01 13.007 0.0044 0.2000E-04 0.1000E+01
 685 0.9848E-03 0.2687E+04 0.6160E-02 0.2518E+02 0.4219E+06 0.2916E+01 12.979 0.0052 0.2000E-04 0.1000E+01
 690 0.1014E-02 0.2688E+04 0.6039E-02 0.2493E+02 0.4249E+06 0.2996E+01 12.952 0.0060 0.2000E-04 0.1000E+01
 695 0.1045E-02 0.2688E+04 0.5920E-02 0.2468E+02 0.4278E+06 0.3078E+01 12.924 0.0071 0.2000E-04 0.1000E+01
 700 0.1076E-02 0.2688E+04 0.5803E-02 0.2444E+02 0.4307E+06 0.3163E+01 12.896 0.0083 0.1999E-04 0.1000E+01
 705 0.1109E-02 0.2688E+04 0.5688E-02 0.2420E+02 0.4336E+06 0.3249E+01 12.868 0.0096 0.1999E-04 0.1000E+01
 710 0.1142E-02 0.2688E+04 0.5575E-02 0.2396E+02 0.4366E+06 0.3338E+01 12.840 0.0113 0.1999E-04 0.1000E+01
 715 0.1177E-02 0.2688E+04 0.5466E-02 0.2372E+02 0.4395E+06 0.3430E+01 12.812 0.0131 0.1999E-04 0.1000E+01
 720 0.1212E-02 0.2688E+04 0.5359E-02 0.2348E+02 0.4425E+06 0.3524E+01 12.784 0.0153 0.1999E-04 0.1000E+01
 725 0.1249E-02 0.2688E+04 0.5254E-02 0.2325E+02 0.4454E+06 0.3621E+01 12.756 0.0178 0.1999E-04 0.1000E+01
 730 0.1287E-02 0.2688E+04 0.5150E-02 0.2302E+02 0.4484E+06 0.3720E+01 12.728 0.0207 0.1999E-04 0.1000E+01
 735 0.1326E-02 0.2688E+04 0.5048E-02 0.2279E+02 0.4514E+06 0.3823E+01 12.700 0.0241 0.1998E-04 0.1000E+01
 740 0.1367E-02 0.2687E+04 0.4948E-02 0.2257E+02 0.4543E+06 0.3928E+01 12.671 0.0280 0.1998E-04 0.1000E+01
 745 0.1409E-02 0.2687E+04 0.4849E-02 0.2235E+02 0.4573E+06 0.4037E+01 12.643 0.0325 0.1998E-04 0.1000E+01
 750 0.1452E-02 0.2687E+04 0.4752E-02 0.2213E+02 0.4603E+06 0.4148E+01 12.615 0.0378 0.1997E-04 0.1000E+01
 755 0.1497E-02 0.2686E+04 0.4656E-02 0.2191E+02 0.4633E+06 0.4263E+01 12.586 0.0438 0.1997E-04 0.1000E+01
 760 0.1543E-02 0.2686E+04 0.4560E-02 0.2169E+02 0.4663E+06 0.4380E+01 12.558 0.0508 0.1996E-04 0.1000E+01
 765 0.1591E-02 0.2685E+04 0.4467E-02 0.2148E+02 0.4694E+06 0.4501E+01 12.529 0.0589 0.1996E-04 0.1000E+01
 770 0.1641E-02 0.2684E+04 0.4375E-02 0.2127E+02 0.4724E+06 0.4626E+01 12.500 0.0683 0.1995E-04 0.1000E+01
 775 0.1694E-02 0.2683E+04 0.4284E-02 0.2106E+02 0.4754E+06 0.4754E+01 12.472 0.0790 0.1994E-04 0.1000E+01
 780 0.1748E-02 0.2682E+04 0.4194E-02 0.2086E+02 0.4784E+06 0.4886E+01 12.443 0.0915 0.1993E-04 0.1000E+01
 785 0.1805E-02 0.2681E+04 0.4106E-02 0.2065E+02 0.4815E+06 0.5021E+01 12.414 0.1058 0.1991E-04 0.1000E+01
 790 0.1865E-02 0.2680E+04 0.4019E-02 0.2045E+02 0.4845E+06 0.5161E+01 12.385 0.1224 0.1990E-04 0.1000E+01
 795 0.1927E-02 0.2679E+04 0.3933E-02 0.2025E+02 0.4876E+06 0.5305E+01 12.356 0.1415 0.1988E-04 0.1000E+01
 800 0.1994E-02 0.2677E+04 0.3848E-02 0.2005E+02 0.4907E+06 0.5453E+01 12.327 0.1635 0.1986E-04 0.1000E+01
 805 0.2065E-02 0.2676E+04 0.3764E-02 0.1986E+02 0.4938E+06 0.5606E+01 12.297 0.1890 0.1983E-04 0.1000E+01
 810 0.2140E-02 0.2674E+04 0.3681E-02 0.1966E+02 0.4970E+06 0.5764E+01 12.268 0.2184 0.1980E-04 0.1000E+01
 815 0.2222E-02 0.2672E+04 0.3599E-02 0.1947E+02 0.5001E+06 0.5927E+01 12.238 0.2522 0.1976E-04 0.1000E+01
 820 0.2310E-02 0.2670E+04 0.3519E-02 0.1928E+02 0.5032E+06 0.6095E+01 12.208 0.2911 0.1971E-04 0.1000E+01
 825 0.2407E-02 0.2668E+04 0.3440E-02 0.1909E+02 0.5064E+06 0.6269E+01 12.178 0.3357 0.1965E-04 0.1000E+01
 830 0.2515E-02 0.2666E+04 0.3362E-02 0.1890E+02 0.5095E+06 0.6448E+01 12.148 0.3869 0.1957E-04 0.1000E+01
 835 0.2637E-02 0.2664E+04 0.3286E-02 0.1871E+02 0.5127E+06 0.6632E+01 12.118 0.4452 0.1947E-04 0.1000E+01
 840 0.2778E-02 0.2662E+04 0.3212E-02 0.1853E+02 0.5159E+06 0.6822E+01 12.088 0.5111 0.1935E-04 0.1000E+01
 845 0.2946E-02 0.2660E+04 0.3140E-02 0.1835E+02 0.5191E+06 0.7018E+01 12.058 0.5851 0.1918E-04 0.1000E+01
 847 0.3000E-02 0.2660E+04 0.3120E-02 0.1830E+02 0.5199E+06 0.7074E+01 12.049 0.6072 0.1912E-04 0.1000E+01
 850 0.3128E-02 0.2659E+04 0.3077E-02 0.1819E+02 0.5218E+06 0.7195E+01 12.031 0.6570 0.1898E-04 0.1000E+01
 855 0.3361E-02 0.2657E+04 0.3016E-02 0.1803E+02 0.5246E+06 0.7377E+01 12.004 0.7339 0.1870E-04 0.1000E+01
 860 0.3576E-02 0.2655E+04 0.2973E-02 0.1792E+02 0.5266E+06 0.7508E+01 11.985 0.7897 0.1842E-04 0.1000E+01
 865 0.3777E-02 0.2654E+04 0.2942E-02 0.1784E+02 0.5281E+06 0.7606E+01 11.971 0.8301 0.1814E-04 0.1000E+01
 870 0.3969E-02 0.2654E+04 0.2918E-02 0.1778E+02 0.5292E+06 0.7683E+01 11.961 0.8595 0.1787E-04 0.1000E+01
 875 0.4153E-02 0.2653E+04 0.2900E-02 0.1773E+02 0.5301E+06 0.7744E+01 11.952 0.8811 0.1760E-04 0.1000E+01
 880 0.4332E-02 0.2653E+04 0.2884E-02 0.1769E+02 0.5308E+06 0.7795E+01 11.945 0.8968 0.1734E-04 0.1000E+01
 885 0.4506E-02 0.2652E+04 0.2871E-02 0.1765E+02 0.5314E+06 0.7839E+01 11.939 0.9085 0.1708E-04 0.1000E+01
 890 0.4677E-02 0.2652E+04 0.2860E-02 0.1762E+02 0.5320E+06 0.7878E+01 11.934 0.9171 0.1683E-04 0.1000E+01
 895 0.4844E-02 0.2651E+04 0.2849E-02 0.1760E+02 0.5325E+06 0.7913E+01 11.929 0.9233 0.1658E-04 0.1000E+01
 900 0.5008E-02 0.2651E+04 0.2840E-02 0.1757E+02 0.5329E+06 0.7944E+01 11.925 0.9279 0.1633E-04 0.1000E+01
 905 0.5169E-02 0.2651E+04 0.2831E-02 0.1755E+02 0.5333E+06 0.7974E+01 11.921 0.9311 0.1609E-04 0.1000E+01
 910 0.5329E-02 0.2650E+04 0.2823E-02 0.1753E+02 0.5337E+06 0.8002E+01 11.917 0.9334 0.1585E-04 0.1000E+01
 915 0.5485E-02 0.2650E+04 0.2816E-02 0.1751E+02 0.5341E+06 0.8029E+01 11.913 0.9350 0.1561E-04 0.1000E+01
 920 0.5640E-02 0.2650E+04 0.2808E-02 0.1749E+02 0.5344E+06 0.8055E+01 11.910 0.9359 0.1538E-04 0.1000E+01
 925 0.5793E-02 0.2650E+04 0.2801E-02 0.1747E+02 0.5348E+06 0.8081E+01 11.906 0.9365 0.1515E-04 0.1000E+01
 930 0.5944E-02 0.2649E+04 0.2794E-02 0.1745E+02 0.5351E+06 0.8106E+01 11.903 0.9368 0.1492E-04 0.1000E+01
 935 0.6092E-02 0.2649E+04 0.2787E-02 0.1743E+02 0.5355E+06 0.8130E+01 11.900 0.9367 0.1470E-04 0.1000E+01
 940 0.6239E-02 0.2649E+04 0.2780E-02 0.1741E+02 0.5358E+06 0.8155E+01 11.896 0.9365 0.1448E-04 0.1000E+01
 945 0.6385E-02 0.2649E+04 0.2773E-02 0.1739E+02 0.5361E+06 0.8179E+01 11.893 0.9361 0.1426E-04 0.1000E+01
 950 0.6528E-02 0.2648E+04 0.2767E-02 0.1738E+02 0.5365E+06 0.8203E+01 11.890 0.9356 0.1405E-04 0.1000E+01
 955 0.6670E-02 0.2648E+04 0.2760E-02 0.1736E+02 0.5368E+06 0.8227E+01 11.887 0.9350 0.1384E-04 0.1000E+01
 960 0.6810E-02 0.2648E+04 0.2754E-02 0.1734E+02 0.5371E+06 0.8251E+01 11.884 0.9344 0.1364E-04 0.1000E+01
 965 0.6948E-02 0.2648E+04 0.2747E-02 0.1732E+02 0.5374E+06 0.8275E+01 11.881 0.9336 0.1343E-04 0.1000E+01
 970 0.7085E-02 0.2647E+04 0.2741E-02 0.1731E+02 0.5377E+06 0.8298E+01 11.877 0.9328 0.1323E-04 0.1000E+01
 975 0.7220E-02 0.2647E+04 0.2734E-02 0.1729E+02 0.5380E+06 0.8322E+01 11.874 0.9320 0.1304E-04 0.1000E+01
 980 0.7354E-02 0.2647E+04 0.2728E-02 0.1727E+02 0.5384E+06 0.8346E+01 11.871 0.9311 0.1284E-04 0.1000E+01
 985 0.7486E-02 0.2647E+04 0.2722E-02 0.1726E+02 0.5387E+06 0.8370E+01 11.868 0.9302 0.1265E-04 0.1000E+01
 990 0.7616E-02 0.2647E+04 0.2715E-02 0.1724E+02 0.5390E+06 0.8394E+01 11.865 0.9293 0.1246E-04 0.1000E+01
 995 0.7745E-02 0.2646E+04 0.2709E-02 0.1722E+02 0.5393E+06 0.8418E+01 11.862 0.9283 0.1228E-04 0.1000E+01
1000 0.7873E-02 0.2646E+04 0.2702E-02 0.1721E+02 0.5396E+06 0.8442E+01 11.859 0.9273 0.1209E-04 0.1000E+01
1005 0.7999E-02 0.2646E+04 0.2696E-02 0.1719E+02 0.5399E+06 0.8466E+01 11.856 0.9263 0.1191E-04 0.1000E+01
1010 0.8123E-02 0.2646E+04 0.2690E-02 0.1717E+02 0.5402E+06 0.8490E+01 11.853 0.9253 0.1173E-04 0.1000E+01
1015 0.8247E-02 0.2645E+04 0.2684E-02 0.1715E+02 0.5406E+06 0.8514E+01 11.850 0.9242 0.1156E-04 0.1000E+01
1020 0.8368E-02 0.2645E+04 0.2677E-02 0.1714E+02 0.5409E+06 0.8538E+01 11.847 0.9232 0.1139E-04 0.1000E+01
1025 0.8489E-02 0.2645E+04 0.2671E-02 0.1712E+02 0.5412E+06 0.8562E+01 11.844 0.9221 0.1122E-04 0.1000E+01
1030 0.8608E-02 0.2645E+04 0.2665E-02 0.1710E+02 0.5415E+06 0.8587E+01 11.841 0.9210 0.1105E-04 0.1000E+01
1035 0.8725E-02 0.2644E+04 0.2659E-02 0.1709E+02 0.5418E+06 0.8611E+01 11.838 0.9199 0.1089E-04 0.1000E+01
1040 0.8841E-02 0.2644E+04 0.2653E-02 0.1707E+02 0.5421E+06 0.8635E+01 11.834 0.9188 0.1072E-04 0.1000E+01
1045 0.8956E-02 0.2644E+04 0.2646E-02 0.1705E+02 0.5424E+06 0.8660E+01 11.831 0.9176 0.1056E-04 0.1000E+01
1050 0.9070E-02 0.2644E+04 0.2640E-02 0.1704E+02 0.5427E+06 0.8684E+01 11.828 0.9165 0.1041E-04 0.1000E+01
1055 0.9182E-02 0.2643E+04 0.2634E-02 0.1702E+02 0.5430E+06 0.8709E+01 11.825 0.9153 0.1025E-04 0.1000E+01
1060 0.9293E-02 0.2643E+04 0.2628E-02 0.1700E+02 0.5433E+06 0.8733E+01 11.822 0.9141 0.1010E-04 0.1000E+01
1065 0.9403E-02 0.2643E+04 0.2622E-02 0.1699E+02 0.5437E+06 0.8758E+01 11.819 0.9129 0.9948E-05 0.1000E+01
1070 0.9512E-02 0.2643E+04 0.2616E-02 0.1697E+02 0.5440E+06 0.8782E+01 11.816 0.9117 0.9799E-05 0.1000E+01
1075 0.9619E-02 0.2642E+04 0.2610E-02 0.1696E+02 0.5443E+06 0.8807E+01 11.813 0.9105 0.9653E-05 0.1000E+01
1080 0.9725E-02 0.2642E+04 0.2604E-02 0.1694E+02 0.5446E+06 0.8832E+01 11.810 0.9092 0.9509E-05 0.1000E+01
1085 0.9830E-02 0.2642E+04 0.2598E-02 0.1692E+02 0.5449E+06 0.8857E+01 11.807 0.9080 0.9368E-05 0.1000E+01
1090 0.9934E-02 0.2642E+04 0.2592E-02 0.1691E+02 0.5452E+06 0.8881E+01 11.804 0.9067 0.9228E-05 0.1000E+01
1095 0.1004E-01 0.2641E+04 0.2586E-02 0.1689E+02 0.5455E+06 0.8906E+01 11.801 0.9054 0.9091E-05 0.1000E+01
1100 0.1014E-01 0.2641E+04 0.2580E-02 0.1687E+02 0.5458E+06 0.8931E+01 11.798 0.9041 0.8955E-05 0.1000E+01
1105 0.1024E-01 0.2641E+04 0.2574E-02 0.1686E+02 0.5461E+06 0.8956E+01 11.795 0.9028 0.8822E-05 0.1000E+01
1110 0.1034E-01 0.2641E+04 0.2568E-02 0.1684E+02 0.5464E+06 0.8981E+01 11.792 0.9015 0.8690E-05 0.1000E+01
1115 0.1044E-01 0.2640E+04 0.2562E-02 0.1683E+02 0.5467E+06 0.9006E+01 11.789 0.9001 0.8561E-05 0.1000E+01
1120 0.1053E-01 0.2640E+04 0.2556E-02 0.1681E+02 0.5470E+06 0.9032E+01 11.786 0.8988 0.8433E-05 0.1000E+01
1125 0.1063E-01 0.2640E+04 0.2550E-02 0.1679E+02 0.5473E+06 0.9057E+01 11.783 0.8974 0.8307E-05 0.1000E+01
1130 0.1072E-01 0.2639E+04 0.2544E-02 0.1678E+02 0.5476E+06 0.9082E+01 11.780 0.8960 0.8183E-05 0.1000E+01
1135 0.1082E-01 0.2639E+04 0.2538E-02 0.1676E+02 0.5479E+06 0.9107E+01 11.777 0.8946 0.8061E-05 0.1000E+01
1140 0.1091E-01 0.2639E+04 0.2532E-02 0.1674E+02 0.5482E+06 0.9133E+01 11.774 0.8932 0.7941E-05 0.1000E+01
1145 0.1100E-01 0.2639E+04 0.2527E-02 0.1673E+02 0.5485E+06 0.9158E+01 11.771 0.8917 0.7823E-05 0.1000E+01
1150 0.1109E-01 0.2638E+04 0.2521E-02 0.1671E+02 0.5488E+06 0.9184E+01 11.768 0.8903 0.7706E-05 0.1000E+01
1155 0.1118E-01 0.2638E+04 0.2515E-02 0.1670E+02 0.5491E+06 0.9209E+01 11.765 0.8888 0.7592E-05 0.1000E+01
1160 0.1127E-01 0.2638E+04 0.2509E-02 0.1668E+02 0.5494E+06 0.9235E+01 11.762 0.8874 0.7478E-05 0.1000E+01
1165 0.1136E-01 0.2638E+04 0.2503E-02 0.1666E+02 0.5497E+06 0.9260E+01 11.759 0.8859 0.7367E-05 0.1000E+01
1170 0.1144E-01 0.2637E+04 0.2498E-02 0.1665E+02 0.5500E+06 0.9286E+01 11.756 0.8843 0.7257E-05 0.1000E+01
1175 0.1153E-01 0.2637E+04 0.2492E-02 0.1663E+02 0.5503E+06 0.9312E+01 11.753 0.8828 0.7149E-05 0.1000E+01
1180 0.1162E-01 0.2637E+04 0.2486E-02 0.1662E+02 0.5506E+06 0.9337E+01 11.750 0.8813 0.7042E-05 0.1000E+01
1185 0.1170E-01 0.2637E+04 0.2480E-02 0.1660E+02 0.5509E+06 0.9363E+01 11.747 0.8797 0.6937E-05 0.1000E+01
1190 0.1178E-01 0.2636E+04 0.2475E-02 0.1659E+02 0.5512E+06 0.9389E+01 11.744 0.8782 0.6834E-05 0.1000E+01
1195 0.1186E-01 0.2636E+04 0.2469E-02 0.1657E+02 0.5515E+06 0.9415E+01 11.741 0.8766 0.6732E-05 0.1000E+01
1200 0.1195E-01 0.2636E+04 0.2463E-02 0.1655E+02 0.5518E+06 0.9441E+01 11.738 0.8750 0.6632E-05 0.1000E+01
1205 0.1203E-01 0.2635E+04 0.2457E-02 0.1654E+02 0.5521E+06 0.9467E+01 11.735 0.8734 0.6533E-05 0.1000E+01
1210 0.1211E-01 0.2635E+04 0.2452E-02 0.1652E+02 0.5524E+06 0.9493E+01 11.732 0.8718 0.6436E-05 0.1000E+01
1215 0.1218E-01 0.2635E+04 0.2446E-02 0.1651E+02 0.5527E+06 0.9518E+01 11.729 0.8701 0.6340E-05 0.1000E+01
1220 0.1226E-01 0.2635E+04 0.2440E-02 0.1649E+02 0.5530E+06 0.9545E+01 11.726 0.8685 0.6245E-05 0.1000E+01
1225 0.1234E-01 0.2634E+04 0.2435E-02 0.1648E+02 0.5533E+06 0.9571E+01 11.723 0.8668 0.6152E-05 0.1000E+01
1230 0.1242E-01 0.2634E+04 0.2429E-02 0.1646E+02 0.5536E+06 0.9597E+01 11.720 0.8651 0.6060E-05 0.1000E+01
1235 0.1249E-01 0.2634E+04 0.2424E-02 0.1645E+02 0.5539E+06 0.9623E+01 11.717 0.8634 0.5970E-05 0.1000E+01
1240 0.1257E-01 0.2633E+04 0.2418E-02 0.1643E+02 0.5542E+06 0.9649E+01 11.714 0.8616 0.5881E-05 0.1000E+01
1245 0.1264E-01 0.2633E+04 0.2412E-02 0.1642E+02 0.5545E+06 0.9675E+01 11.711 0.8599 0.5793E-05 0.1000E+01
1250 0.1271E-01 0.2633E+04 0.2407E-02 0.1640E+02 0.5548E+06 0.9702E+01 11.708 0.8581 0.5707E-05 0.1000E+01
1255 0.1278E-01 0.2632E+04 0.2401E-02 0.1639E+02 0.5551E+06 0.9728E+01 11.705 0.8564 0.5622E-05 0.1000E+01
1260 0.1286E-01 0.2632E+04 0.2396E-02 0.1637E+02 0.5553E+06 0.9754E+01 11.702 0.8546 0.5538E-05 0.1000E+01
1265 0.1293E-01 0.2632E+04 0.2390E-02 0.1635E+02 0.5556E+06 0.9781E+01 11.699 0.8527 0.5456E-05 0.1000E+01
1270 0.1300E-01 0.2632E+04 0.2385E-02 0.1634E+02 0.5559E+06 0.9807E+01 11.696 0.8509 0.5374E-05 0.1000E+01
1275 0.1307E-01 0.2631E+04 0.2379E-02 0.1632E+02 0.5562E+06 0.9833E+01 11.693 0.8491 0.5294E-05 0.1000E+01
1280 0.1313E-01 0.2631E+04 0.2374E-02 0.1631E+02 0.5565E+06 0.9860E+01 11.690 0.8472 0.5215E-05 0.1000E+01
1285 0.1320E-01 0.2631E+04 0.2368E-02 0.1629E+02 0.5568E+06 0.9886E+01 11.687 0.8453 0.5138E-05 0.1000E+01
1290 0.1327E-01 0.2630E+04 0.2363E-02 0.1628E+02 0.5571E+06 0.9913E+01 11.684 0.8436 0.5061E-05 0.1000E+01
1295 0.1334E-01 0.2630E+04 0.2357E-02 0.1626E+02 0.5574E+06 0.9939E+01 11.681 0.8417 0.4986E-05 0.1000E+01
1300 0.1340E-01 0.2630E+04 0.2352E-02 0.1625E+02 0.5577E+06 0.9966E+01 11.678 0.8397 0.4911E-05 0.1000E+01
1305 0.1347E-01 0.2629E+04 0.2346E-02 0.1623E+02 0.5579E+06 0.9993E+01 11.675 0.8378 0.4838E-05 0.1000E+01
1310 0.1353E-01 0.2629E+04 0.2341E-02 0.1622E+02 0.5582E+06 0.1002E+02 11.673 0.8358 0.4766E-05 0.1000E+01
1315 0.1359E-01 0.2629E+04 0.2336E-02 0.1621E+02 0.5585E+06 0.1005E+02 11.670 0.8338 0.4695E-05 0.1000E+01
1320 0.1366E-01 0.2628E+04 0.2330E-02 0.1619E+02 0.5588E+06 0.1007E+02 11.667 0.8318 0.4625E-05 0.1000E+01
1325 0.1372E-01 0.2628E+04 0.2325E-02 0.1618E+02 0.5591E+06 0.1010E+02 11.664 0.8298 0.4556E-05 0.1000E+01
1330 0.1378E-01 0.2628E+04 0.2320E-02 0.1616E+02 0.5594E+06 0.1013E+02 11.661 0.8278 0.4488E-05 0.1000E+01
1335 0.1384E-01 0.2628E+04 0.2314E-02 0.1615E+02 0.5596E+06 0.1015E+02 11.658 0.8257 0.4421E-05 0.1000E+01
1340 0.1390E-01 0.2627E+04 0.2309E-02 0.1613E+02 0.5599E+06 0.1018E+02 11.655 0.8237 0.4355E-05 0.1000E+01
1345 0.1396E-01 0.2627E+04 0.2304E-02 0.1612E+02 0.5602E+06 0.1021E+02 11.652 0.8216 0.4291E-05 0.1000E+01
1350 0.1402E-01 0.2627E+04 0.2299E-02 0.1610E+02 0.5605E+06 0.1023E+02 11.649 0.8195 0.4227E-05 0.1000E+01
1355 0.1408E-01 0.2626E+04 0.2293E-02 0.1609E+02 0.5608E+06 0.1026E+02 11.646 0.8174 0.4164E-05 0.1000E+01
1360 0.1414E-01 0.2626E+04 0.2288E-02 0.1607E+02 0.5611E+06 0.1029E+02 11.644 0.8153 0.4102E-05 0.1000E+01
1365 0.1420E-01 0.2626E+04 0.2283E-02 0.1606E+02 0.5613E+06 0.1031E+02 11.641 0.8131 0.4040E-05 0.1000E+01
1370 0.1425E-01 0.2625E+04 0.2278E-02 0.1605E+02 0.5616E+06 0.1034E+02 11.638 0.8110 0.3980E-05 0.1000E+01
1375 0.1431E-01 0.2625E+04 0.2273E-02 0.1603E+02 0.5619E+06 0.1037E+02 11.635 0.8088 0.3921E-05 0.1000E+01
1380 0.1436E-01 0.2625E+04 0.2268E-02 0.1602E+02 0.5622E+06 0.1040E+02 11.632 0.8066 0.3862E-05 0.1000E+01
1385 0.1442E-01 0.2624E+04 0.2262E-02 0.1600E+02 0.5624E+06 0.1042E+02 11.629 0.8044 0.3805E-05 0.1000E+01
1390 0.1447E-01 0.2624E+04 0.2257E-02 0.1599E+02 0.5627E+06 0.1045E+02 11.626 0.8022 0.3748E-05 0.1000E+01
1395 0.1453E-01 0.2624E+04 0.2252E-02 0.1597E+02 0.5630E+06 0.1048E+02 11.623 0.7999 0.3692E-05 0.1000E+01
1400 0.1458E-01 0.2623E+04 0.2247E-02 0.1596E+02 0.5633E+06 0.1050E+02 11.621 0.7977 0.3637E-05 0.1000E+01
1405 0.1464E-01 0.2623E+04 0.2242E-02 0.1595E+02 0.5635E+06 0.1053E+02 11.618 0.7954 0.3583E-05 0.1000E+01
1410 0.1469E-01 0.2623E+04 0.2237E-02 0.1593E+02 0.5638E+06 0.1056E+02 11.615 0.7931 0.3530E-05 0.1000E+01
1415 0.1474E-01 0.2622E+04 0.2232E-02 0.1592E+02 0.5641E+06 0.1059E+02 11.612 0.7908 0.3477E-05 0.1000E+01
1420 0.1479E-01 0.2622E+04 0.2227E-02 0.1590E+02 0.5643E+06 0.1061E+02 11.609 0.7885 0.3425E-05 0.1000E+01
1425 0.1484E-01 0.2622E+04 0.2222E-02 0.1589E+02 0.5646E+06 0.1064E+02 11.606 0.7862 0.3374E-05 0.1000E+01
1430 0.1489E-01 0.2622E+04 0.2217E-02 0.1588E+02 0.5649E+06 0.1067E+02 11.604 0.7838 0.3324E-05 0.1000E+01
1435 0.1494E-01 0.2621E+04 0.2212E-02 0.1586E+02 0.5651E+06 0.1070E+02 11.601 0.7815 0.3274E-05 0.1000E+01
1440 0.1499E-01 0.2621E+04 0.2207E-02 0.1585E+02 0.5654E+06 0.1072E+02 11.598 0.7791 0.3226E-05 0.1000E+01
1445 0.1504E-01 0.2621E+04 0.2202E-02 0.1583E+02 0.5657E+06 0.1075E+02 11.595 0.7767 0.3177E-05 0.1000E+01
1450 0.1509E-01 0.2620E+04 0.2197E-02 0.1582E+02 0.5659E+06 0.1078E+02 11.592 0.7743 0.3130E-05 0.1000E+01
1455 0.1514E-01 0.2620E+04 0.2192E-02 0.1581E+02 0.5662E+06 0.1080E+02 11.590 0.7718 0.3083E-05 0.1000E+01
1460 0.1519E-01 0.2620E+04 0.2187E-02 0.1579E+02 0.5665E+06 0.1083E+02 11.587 0.7694 0.3038E-05 0.1000E+01
1465 0.1523E-01 0.2619E+04 0.2182E-02 0.1578E+02 0.5667E+06 0.1086E+02 11.584 0.7670 0.2992E-05 0.1000E+01
1470 0.1528E-01 0.2619E+04 0.2178E-02 0.1577E+02 0.5670E+06 0.1089E+02 11.581 0.7645 0.2948E-05 0.1000E+01
1475 0.1533E-01 0.2619E+04 0.2173E-02 0.1575E+02 0.5673E+06 0.1091E+02 11.578 0.7620 0.2904E-05 0.1000E+01
1480 0.1537E-01 0.2618E+04 0.2168E-02 0.1574E+02 0.5675E+06 0.1094E+02 11.576 0.7595 0.2860E-05 0.1000E+01
1485 0.1542E-01 0.2618E+04 0.2163E-02 0.1573E+02 0.5678E+06 0.1097E+02 11.573 0.7570 0.2818E-05 0.1000E+01
1490 0.1546E-01 0.2618E+04 0.2158E-02 0.1571E+02 0.5680E+06 0.1100E+02 11.570 0.7545 0.2776E-05 0.1000E+01
1495 0.1551E-01 0.2617E+04 0.2153E-02 0.1570E+02 0.5683E+06 0.1102E+02 11.567 0.7519 0.2734E-05 0.1000E+01
1500 0.1555E-01 0.2617E+04 0.2149E-02 0.1569E+02 0.5686E+06 0.1105E+02 11.565 0.7494 0.2694E-05 0.1000E+01
1505 0.1559E-01 0.2616E+04 0.2144E-02 0.1567E+02 0.5688E+06 0.1108E+02 11.562 0.7468 0.2654E-05 0.1000E+01
1510 0.1564E-01 0.2616E+04 0.2139E-02 0.1566E+02 0.5691E+06 0.1111E+02 11.559 0.7442 0.2614E-05 0.1000E+01
1515 0.1568E-01 0.2616E+04 0.2134E-02 0.1565E+02 0.5693E+06 0.1113E+02 11.556 0.7416 0.2575E-05 0.1000E+01
1520 0.1572E-01 0.2615E+04 0.2130E-02 0.1563E+02 0.5696E+06 0.1116E+02 11.554 0.7390 0.2537E-05 0.1000E+01
1525 0.1577E-01 0.2615E+04 0.2125E-02 0.1562E+02 0.5698E+06 0.1119E+02 11.551 0.7364 0.2499E-05 0.1000E+01
1530 0.1581E-01 0.2615E+04 0.2120E-02 0.1561E+02 0.5701E+06 0.1122E+02 11.548 0.7338 0.2462E-05 0.1000E+01
1535 0.1585E-01 0.2614E+04 0.2116E-02 0.1559E+02 0.5703E+06 0.1125E+02 11.545 0.7311 0.2425E-05 0.1000E+01
1540 0.1589E-01 0.2614E+04 0.2111E-02 0.1558E+02 0.5706E+06 0.1127E+02 11.543 0.7285 0.2389E-05 0.1000E+01
1545 0.1593E-01 0.2614E+04 0.2106E-02 0.1557E+02 0.5709E+06 0.1130E+02 11.540 0.7258 0.2353E-05 0.1000E+01
1550 0.1597E-01 0.2613E+04 0.2102E-02 0.1555E+02 0.5711E+06 0.1133E+02 11.537 0.7231 0.2318E-05 0.1000E+01
1555 0.1601E-01 0.2613E+04 0.2097E-02 0.1554E+02 0.5714E+06 0.1136E+02 11.535 0.7204 0.2284E-05 0.1000E+01
1560 0.1605E-01 0.2613E+04 0.2092E-02 0.1553E+02 0.5716E+06 0.1138E+02 11.532 0.7177 0.2250E-05 0.1000E+01
1565 0.1609E-01 0.2612E+04 0.2088E-02 0.1552E+02 0.5718E+06 0.1141E+02 11.529 0.7150 0.2216E-05 0.1000E+01
1570 0.1613E-01 0.2612E+04 0.2083E-02 0.1550E+02 0.5721E+06 0.1144E+02 11.527 0.7122 0.2183E-05 0.1000E+01
1575 0.1617E-01 0.2612E+04 0.2079E-02 0.1549E+02 0.5723E+06 0.1147E+02 11.524 0.7095 0.2151E-05 0.1000E+01
1580 0.1620E-01 0.2611E+04 0.2074E-02 0.1548E+02 0.5726E+06 0.1149E+02 11.521 0.7067 0.2118E-05 0.1000E+01
1585 0.1624E-01 0.2611E+04 0.2070E-02 0.1546E+02 0.5728E+06 0.1152E+02 11.519 0.7039 0.2087E-05 0.1000E+01
1590 0.1628E-01 0.2611E+04 0.2065E-02 0.1545E+02 0.5731E+06 0.1155E+02 11.516 0.7012 0.2056E-05 0.1000E+01
1595 0.1632E-01 0.2610E+04 0.2061E-02 0.1544E+02 0.5733E+06 0.1158E+02 11.513 0.6984 0.2025E-05 0.1000E+01
1600 0.1635E-01 0.2610E+04 0.2056E-02 0.1543E+02 0.5736E+06 0.1160E+02 11.511 0.6956 0.1995E-05 0.1000E+01
1605 0.1639E-01 0.2609E+04 0.2052E-02 0.1541E+02 0.5738E+06 0.1163E+02 11.508 0.6928 0.1965E-05 0.1000E+01
1610 0.1643E-01 0.2609E+04 0.2047E-02 0.1540E+02 0.5740E+06 0.1166E+02 11.505 0.6899 0.1936E-05 0.1000E+01
1615 0.1646E-01 0.2609E+04 0.2043E-02 0.1539E+02 0.5743E+06 0.1169E+02 11.503 0.6871 0.1907E-05 0.1000E+01
1620 0.1650E-01 0.2608E+04 0.2039E-02 0.1538E+02 0.5745E+06 0.1171E+02 11.500 0.6842 0.1879E-05 0.1000E+01
1625 0.1653E-01 0.2608E+04 0.2034E-02 0.1536E+02 0.5748E+06 0.1174E+02 11.498 0.6814 0.1851E-05 0.1000E+01
1630 0.1657E-01 0.2608E+04 0.2030E-02 0.1535E+02 0.5750E+06 0.1177E+02 11.495 0.6785 0.1823E-05 0.1000E+01
1635 0.1660E-01 0.2607E+04 0.2025E-02 0.1534E+02 0.5752E+06 0.1180E+02 11.492 0.6756 0.1796E-05 0.1000E+01
1640 0.1664E-01 0.2607E+04 0.2021E-02 0.1533E+02 0.5755E+06 0.1183E+02 11.490 0.6727 0.1769E-05 0.1000E+01
1645 0.1667E-01 0.2607E+04 0.2017E-02 0.1532E+02 0.5757E+06 0.1185E+02 11.487 0.6699 0.1743E-05 0.1000E+01
1650 0.1670E-01 0.2606E+04 0.2012E-02 0.1530E+02 0.5759E+06 0.1188E+02 11.485 0.6669 0.1717E-05 0.1000E+01
1655 0.1674E-01 0.2606E+04 0.2008E-02 0.1529E+02 0.5762E+06 0.1191E+02 11.482 0.6640 0.1691E-05 0.1000E+01
1660 0.1677E-01 0.2605E+04 0.2004E-02 0.1528E+02 0.5764E+06 0.1194E+02 11.479 0.6611 0.1666E-05 0.1000E+01
1665 0.1680E-01 0.2605E+04 0.2000E-02 0.1527E+02 0.5766E+06 0.1196E+02 11.477 0.6582 0.1641E-05 0.1000E+01
1670 0.1684E-01 0.2605E+04 0.1995E-02 0.1526E+02 0.5769E+06 0.1199E+02 11.474 0.6552 0.1617E-05 0.1000E+01
1675 0.1687E-01 0.2604E+04 0.1991E-02 0.1524E+02 0.5771E+06 0.1202E+02 11.472 0.6523 0.1593E-05 0.1000E+01
1680 0.1690E-01 0.2604E+04 0.1987E-02 0.1523E+02 0.5773E+06 0.1205E+02 11.469 0.6493 0.1569E-05 0.1000E+01
1685 0.1693E-01 0.2604E+04 0.1983E-02 0.1522E+02 0.5776E+06 0.1207E+02 11.467 0.6463 0.1546E-05 0.1000E+01
1690 0.1696E-01 0.2603E+04 0.1979E-02 0.1521E+02 0.5778E+06 0.1210E+02 11.464 0.6433 0.1523E-05 0.1000E+01
1695 0.1700E-01 0.2603E+04 0.1974E-02 0.1520E+02 0.5780E+06 0.1213E+02 11.462 0.6403 0.1500E-05 0.1000E+01
1700 0.1703E-01 0.2603E+04 0.1970E-02 0.1519E+02 0.5782E+06 0.1216E+02 11.459 0.6373 0.1478E-05 0.1000E+01
1705 0.1706E-01 0.2602E+04 0.1966E-02 0.1517E+02 0.5785E+06 0.1218E+02 11.457 0.6343 0.1456E-05 0.1000E+01
1710 0.1709E-01 0.2602E+04 0.1962E-02 0.1516E+02 0.5787E+06 0.1221E+02 11.454 0.6313 0.1434E-05 0.1000E+01
1715 0.1712E-01 0.2602E+04 0.1958E-02 0.1515E+02 0.5789E+06 0.1224E+02 11.452 0.6283 0.1412E-05 0.1000E+01
1720 0.1715E-01 0.2601E+04 0.1954E-02 0.1514E+02 0.5791E+06 0.1227E+02 11.449 0.6253 0.1391E-05 0.1000E+01
1725 0.1718E-01 0.2601E+04 0.1950E-02 0.1513E+02 0.5794E+06 0.1229E+02 11.447 0.6222 0.1371E-05 0.1000E+01
1730 0.1721E-01 0.2601E+04 0.1946E-02 0.1512E+02 0.5796E+06 0.1232E+02 11.444 0.6192 0.1350E-05 0.1000E+01
1735 0.1724E-01 0.2600E+04 0.1942E-02 0.1510E+02 0.5798E+06 0.1235E+02 11.442 0.6161 0.1330E-05 0.1000E+01
1740 0.1727E-01 0.2600E+04 0.1938E-02 0.1509E+02 0.5800E+06 0.1238E+02 11.439 0.6131 0.1310E-05 0.1000E+01
1745 0.1729E-01 0.2599E+04 0.1934E-02 0.1508E+02 0.5803E+06 0.1240E+02 11.437 0.6100 0.1291E-05 0.1000E+01
1750 0.1732E-01 0.2599E+04 0.1930E-02 0.1507E+02 0.5805E+06 0.1243E+02 11.434 0.6070 0.1272E-05 0.1000E+01
1755 0.1735E-01 0.2599E+04 0.1926E-02 0.1506E+02 0.5807E+06 0.1246E+02 11.432 0.6039 0.1253E-05 0.1000E+01
1760 0.1738E-01 0.2598E+04 0.1922E-02 0.1505E+02 0.5809E+06 0.1249E+02 11.429 0.6008 0.1234E-05 0.1000E+01
1765 0.1741E-01 0.2598E+04 0.1919E-02 0.1504E+02 0.5811E+06 0.1251E+02 11.427 0.5978 0.1216E-05 0.1000E+01
1770 0.1744E-01 0.2598E+04 0.1915E-02 0.1503E+02 0.5813E+06 0.1254E+02 11.424 0.5947 0.1197E-05 0.1000E+01
1775 0.1746E-01 0.2597E+04 0.1911E-02 0.1501E+02 0.5816E+06 0.1257E+02 11.422 0.5916 0.1180E-05 0.1000E+01
1780 0.1749E-01 0.2597E+04 0.1907E-02 0.1500E+02 0.5818E+06 0.1260E+02 11.420 0.5885 0.1162E-05 0.1000E+01
1785 0.1752E-01 0.2597E+04 0.1903E-02 0.1499E+02 0.5820E+06 0.1262E+02 11.417 0.5854 0.1145E-05 0.1000E+01
1790 0.1754E-01 0.2596E+04 0.1899E-02 0.1498E+02 0.5822E+06 0.1265E+02 11.415 0.5823 0.1128E-05 0.1000E+01
1795 0.1757E-01 0.2596E+04 0.1896E-02 0.1497E+02 0.5824E+06 0.1268E+02 11.412 0.5792 0.1111E-05 0.1000E+01
1800 0.1760E-01 0.2596E+04 0.1892E-02 0.1496E+02 0.5826E+06 0.1270E+02 11.410 0.5761 0.1094E-05 0.1000E+01
1805 0.1762E-01 0.2595E+04 0.1888E-02 0.1495E+02 0.5828E+06 0.1273E+02 11.407 0.5730 0.1078E-05 0.1000E+01
1810 0.1765E-01 0.2595E+04 0.1884E-02 0.1494E+02 0.5830E+06 0.1276E+02 11.405 0.5699 0.1062E-05 0.1000E+01
1815 0.1768E-01 0.2595E+04 0.1881E-02 0.1493E+02 0.5832E+06 0.1279E+02 11.403 0.5668 0.1046E-05 0.1000E+01
1820 0.1770E-01 0.2594E+04 0.1877E-02 0.1492E+02 0.5835E+06 0.1281E+02 11.400 0.5637 0.1031E-05 0.1000E+01
1825 0.1773E-01 0.2594E+04 0.1873E-02 0.1491E+02 0.5837E+06 0.1284E+02 11.398 0.5606 0.1015E-05 0.1000E+01
1830 0.1775E-01 0.2594E+04 0.1870E-02 0.1490E+02 0.5839E+06 0.1287E+02 11.396 0.5575 0.1000E-05 0.1000E+01
1835 0.1781E-01 0.2593E+04 0.1861E-02 0.1487E+02 0.5843E+06 0.1293E+02 11.390 0.5508 0.9676E-06 0.1000E+01
1840 0.1798E-01 0.2590E+04 0.1836E-02 0.1480E+02 0.5858E+06 0.1312E+02 11.374 0.5294 0.8708E-06 0.1000E+01
1845 0.1825E-01 0.2586E+04 0.1794E-02 0.1468E+02 0.5881E+06 0.1344E+02 11.346 0.4934 0.7280E-06 0.1000E+01
1850 0.1854E-01 0.2581E+04 0.1749E-02 0.1454E+02 0.5907E+06 0.1381E+02 11.316 0.4524 0.5930E-06 0.1000E+01
1855 0.1881E-01 0.2577E+04 0.1705E-02 0.1441E+02 0.5931E+06 0.1418E+02 11.286 0.4104 0.4791E-06 0.1000E+01
1860 0.1907E-01 0.2572E+04 0.1662E-02 0.1429E+02 0.5955E+06 0.1456E+02 11.256 0.3683 0.3836E-06 0.1000E+01
1865 0.1932E-01 0.2567E+04 0.1621E-02 0.1416E+02 0.5979E+06 0.1494E+02 11.227 0.3269 0.3048E-06 0.1000E+01
1870 0.1955E-01 0.2562E+04 0.1583E-02 0.1405E+02 0.6001E+06 0.1531E+02 11.199 0.2878 0.2415E-06 0.1000E+01
1875 0.1977E-01 0.2557E+04 0.1546E-02 0.1393E+02 0.6022E+06 0.1568E+02 11.172 0.2508 0.1902E-06 0.1000E+01
1880 0.1997E-01 0.2553E+04 0.1511E-02 0.1382E+02 0.6042E+06 0.1605E+02 11.145 0.2162 0.1488E-06 0.1000E+01
1885 0.2017E-01 0.2548E+04 0.1477E-02 0.1372E+02 0.6061E+06 0.1642E+02 11.119 0.1843 0.1154E-06 0.1000E+01
1890 0.2037E-01 0.2543E+04 0.1445E-02 0.1362E+02 0.6080E+06 0.1678E+02 11.094 0.1552 0.8876E-07 0.1000E+01
1895 0.2055E-01 0.2539E+04 0.1415E-02 0.1352E+02 0.6097E+06 0.1714E+02 11.069 0.1291 0.6766E-07 0.1000E+01
1900 0.2074E-01 0.2534E+04 0.1385E-02 0.1343E+02 0.6114E+06 0.1750E+02 11.045 0.1061 0.5111E-07 0.1000E+01
1905 0.2091E-01 0.2530E+04 0.1357E-02 0.1334E+02 0.6130E+06 0.1786E+02 11.021 0.0860 0.3822E-07 0.1000E+01
1910 0.2109E-01 0.2526E+04 0.1330E-02 0.1325E+02 0.6145E+06 0.1821E+02 10.998 0.0687 0.2822E-07 0.1000E+01
1915 0.2126E-01 0.2521E+04 0.1304E-02 0.1316E+02 0.6160E+06 0.1857E+02 10.975 0.0540 0.2055E-07 0.1000E+01
1920 0.2143E-01 0.2517E+04 0.1279E-02 0.1308E+02 0.6174E+06 0.1892E+02 10.953 0.0418 0.1474E-07 0.1000E+01
1925 0.2160E-01 0.2513E+04 0.1254E-02 0.1300E+02 0.6187E+06 0.1928E+02 10.931 0.0317 0.1041E-07 0.1000E+01
1930 0.2177E-01 0.2508E+04 0.1231E-02 0.1292E+02 0.6200E+06 0.1963E+02 10.910 0.0236 0.7225E-08 0.1000E+01
1935 0.2193E-01 0.2504E+04 0.1208E-02 0.1284E+02 0.6213E+06 0.1999E+02 10.888 0.0173 0.4929E-08 0.1000E+01
1940 0.2210E-01 0.2500E+04 0.1186E-02 0.1277E+02 0.6225E+06 0.2034E+02 10.867 0.0124 0.3303E-08 0.1000E+01
1945 0.2227E-01 0.2496E+04 0.1164E-02 0.1269E+02 0.6236E+06 0.2069E+02 10.847 0.0087 0.2172E-08 0.1000E+01
1950 0.2244E-01 0.2492E+04 0.1143E-02 0.1262E+02 0.6247E+06 0.2105E+02 10.826 0.0059 0.1397E-08 0.1000E+01
1955 0.2261E-01 0.2487E+04 0.1123E-02 0.1255E+02 0.6258E+06 0.2140E+02 10.806 0.0040 0.8778E-09 0.1000E+01
1960 0.2279E-01 0.2483E+04 0.1103E-02 0.1248E+02 0.6268E+06 0.2176E+02 10.786 0.0026 0.5390E-09 0.1000E+01
1965 0.2296E-01 0.2479E+04 0.1084E-02 0.1241E+02 0.6278E+06 0.2212E+02 10.766 0.0017 0.3232E-09 0.1000E+01
1970 0.2314E-01 0.2475E+04 0.1064E-02 0.1235E+02 0.6287E+06 0.2248E+02 10.746 0.0010 0.1891E-09 0.1000E+01
1975 0.2331E-01 0.2470E+04 0.1046E-02 0.1228E+02 0.6296E+06 0.2284E+02 10.727 0.0006 0.1078E-09 0.1000E+01
1980 0.2349E-01 0.2466E+04 0.1028E-02 0.1222E+02 0.6305E+06 0.2320E+02 10.708 0.0004 0.5990E-10 0.1000E+01
1985 0.2367E-01 0.2461E+04 0.1010E-02 0.1215E+02 0.6313E+06 0.2356E+02 10.689 0.0002 0.3241E-10 0.1000E+01
1990 0.2385E-01 0.2457E+04 0.9921E-03 0.1209E+02 0.6321E+06 0.2393E+02 10.670 0.0001 0.1704E-10 0.1000E+01
1995 0.2404E-01 0.2452E+04 0.9748E-03 0.1203E+02 0.6329E+06 0.2429E+02 10.651 0.0001 0.8691E-11 0.1000E+01
2000 0.2423E-01 0.2448E+04 0.9578E-03 0.1197E+02 0.6336E+06 0.2466E+02 10.632 0.0000 0.4300E-11 0.1000E+01
2005 0.2442E-01 0.2443E+04 0.9412E-03 0.1191E+02 0.6343E+06 0.2503E+02 10.613 0.0000 0.2063E-11 0.1000E+01
2010 0.2461E-01 0.2439E+04 0.9248E-03 0.1185E+02 0.6349E+06 0.2540E+02 10.595 0.0000 0.9589E-12 0.1000E+01
2015 0.2480E-01 0.2434E+04 0.9087E-03 0.1179E+02 0.6355E+06 0.2577E+02 10.576 0.0000 0.4318E-12 0.1000E+01
2020 0.2500E-01 0.2429E+04 0.8928E-03 0.1174E+02 0.6361E+06 0.2615E+02 10.558 0.0000 0.1881E-12 0.1000E+01
2025 0.2520E-01 0.2424E+04 0.8772E-03 0.1168E+02 0.6366E+06 0.2653E+02 10.540 0.0000 0.7925E-13 0.1000E+01
2030 0.2540E-01 0.2419E+04 0.8619E-03 0.1162E+02 0.6371E+06 0.2691E+02 10.522 0.0000 0.3223E-13 0.1000E+01
2035 0.2561E-01 0.2414E+04 0.8467E-03 0.1157E+02 0.6376E+06 0.2729E+02 10.504 0.0000 0.1264E-13 0.1000E+01
2040 0.2582E-01 0.2409E+04 0.8317E-03 0.1151E+02 0.6380E+06 0.2767E+02 10.486 0.0000 0.4781E-14 0.1000E+01
2045 0.2603E-01 0.2404E+04 0.8169E-03 0.1146E+02 0.6385E+06 0.2806E+02 10.468 0.0000 0.1744E-14 0.1000E+01
2050 0.2624E-01 0.2399E+04 0.8023E-03 0.1141E+02 0.6388E+06 0.2845E+02 10.450 0.0000 0.6133E-15 0.1000E+01
2055 0.2646E-01 0.2393E+04 0.7879E-03 0.1136E+02 0.6392E+06 0.2884E+02 10.432 0.0000 0.2077E-15 0.1000E+01
2060 0.2668E-01 0.2388E+04 0.7737E-03 0.1131E+02 0.6395E+06 0.2924E+02 10.414 0.0000 0.6776E-16 0.1000E+01
2065 0.2691E-01 0.2382E+04 0.7598E-03 0.1125E+02 0.6397E+06 0.2964E+02 10.397 0.0000 0.2128E-16 0.1000E+01
2070 0.2714E-01 0.2377E+04 0.7460E-03 0.1120E+02 0.6400E+06 0.3003E+02 10.379 0.0000 0.6425E-17 0.1000E+01
2075 0.2737E-01 0.2371E+04 0.7325E-03 0.1115E+02 0.6402E+06 0.3044E+02 10.362 0.0000 0.1864E-17 0.1000E+01
2080 0.2760E-01 0.2365E+04 0.7191E-03 0.1111E+02 0.6404E+06 0.3084E+02 10.344 0.0000 0.5197E-18 0.1000E+01
2085 0.2784E-01 0.2360E+04 0.7059E-03 0.1106E+02 0.6405E+06 0.3125E+02 10.327 0.0000 0.1391E-18 0.1000E+01
2090 0.2809E-01 0.2354E+04 0.6929E-03 0.1101E+02 0.6406E+06 0.3166E+02 10.309 0.0000 0.3575E-19 0.1000E+01
2095 0.2833E-01 0.2348E+04 0.6802E-03 0.1096E+02 0.6407E+06 0.3207E+02 10.292 0.0000 0.8829E-20 0.1000E+01
2100 0.2859E-01 0.2342E+04 0.6676E-03 0.1091E+02 0.6408E+06 0.3248E+02 10.275 0.0000 0.2096E-20 0.1000E+01
2105 0.2884E-01 0.2336E+04 0.6554E-03 0.1087E+02 0.6408E+06 0.3290E+02 10.257 0.0000 0.4781E-21 0.1000E+01
2110 0.2910E-01 0.2330E+04 0.6433E-03 0.1082E+02 0.6408E+06 0.3332E+02 10.240 0.0000 0.1048E-21 0.1000E+01
2115 0.2936E-01 0.2325E+04 0.6316E-03 0.1078E+02 0.6407E+06 0.3374E+02 10.223 0.0000 0.2205E-22 0.1000E+01
2120 0.2963E-01 0.2319E+04 0.6200E-03 0.1073E+02 0.6407E+06 0.3417E+02 10.206 0.0000 0.4457E-23 0.1000E+01
2125 0.2990E-01 0.2313E+04 0.6087E-03 0.1069E+02 0.6405E+06 0.3459E+02 10.189 0.0000 0.8650E-24 0.1000E+01
2130 0.3018E-01 0.2307E+04 0.5975E-03 0.1064E+02 0.6404E+06 0.3502E+02 10.172 0.0000 0.1614E-24 0.1000E+01
2135 0.3046E-01 0.2301E+04 0.5866E-03 0.1060E+02 0.6402E+06 0.3546E+02 10.155 0.0000 0.2898E-25 0.1000E+01
2140 0.3075E-01 0.2295E+04 0.5757E-03 0.1056E+02 0.6400E+06 0.3589E+02 10.138 0.0000 0.5010E-26 0.1000E+01
2145 0.3104E-01 0.2289E+04 0.5649E-03 0.1051E+02 0.6398E+06 0.3633E+02 10.121 0.0000 0.8354E-27 0.1000E+01
2150 0.3133E-01 0.2282E+04 0.5543E-03 0.1047E+02 0.6395E+06 0.3677E+02 10.104 0.0000 0.1352E-27 0.1000E+01
2155 0.3163E-01 0.2276E+04 0.5438E-03 0.1043E+02 0.6392E+06 0.3721E+02 10.087 0.0000 0.2215E-28 0.1000E+01
2160 0.3194E-01 0.2270E+04 0.5335E-03 0.1039E+02 0.6389E+06 0.3766E+02 10.070 0.0000 0.4424E-29 0.1000E+01
2165 0.3225E-01 0.2263E+04 0.5233E-03 0.1035E+02 0.6385E+06 0.3810E+02 10.053 0.0000 0.1466E-29 0.1000E+01
2170 0.3257E-01 0.2257E+04 0.5133E-03 0.1031E+02 0.6382E+06 0.3855E+02 10.036 0.0000 0.7761E-30 0.1000E+01
2175 0.3289E-01 0.2250E+04 0.5034E-03 0.1027E+02 0.6377E+06 0.3900E+02 10.020 0.0000 0.5257E-30 0.1000E+01
2180 0.3321E-01 0.2243E+04 0.4935E-03 0.1023E+02 0.6373E+06 0.3946E+02 10.003 0.0000 0.4027E-30 0.1000E+01
2185 0.3355E-01 0.2236E+04 0.4838E-03 0.1019E+02 0.6368E+06 0.3991E+02  9.986 0.0000 0.3301E-30 0.1000E+01
2190 0.3389E-01 0.2230E+04 0.4742E-03 0.1015E+02 0.6363E+06 0.4037E+02  9.970 0.0000 0.2822E-30 0.1000E+01
2195 0.3423E-01 0.2223E+04 0.4647E-03 0.1011E+02 0.6357E+06 0.4083E+02  9.953 0.0000 0.2481E-30 0.1000E+01
2200 0.3458E-01 0.2216E+04 0.4554E-03 0.1007E+02 0.6351E+06 0.4130E+02  9.936 0.0000 0.2224E-30 0.1000E+01
2205 0.3494E-01 0.2208E+04 0.4463E-03 0.1004E+02 0.6345E+06 0.4176E+02  9.920 0.0000 0.2023E-30 0.1000E+01
2210 0.3530E-01 0.2201E+04 0.4372E-03 0.1000E+02 0.6339E+06 0.4223E+02  9.903 0.0000 0.1860E-30 0.1000E+01
2215 0.3567E-01 0.2194E+04 0.4282E-03 0.9963E+01 0.6332E+06 0.4270E+02  9.887 0.0000 0.1726E-30 0.1000E+01
2220 0.3605E-01 0.2186E+04 0.4192E-03 0.9927E+01 0.6325E+06 0.4317E+02  9.870 0.0000 0.1613E-30 0.1000E+01
2225 0.3643E-01 0.2178E+04 0.4101E-03 0.9891E+01 0.6318E+06 0.4365E+02  9.854 0.0000 0.1516E-30 0.1000E+01
2230 0.3683E-01 0.2170E+04 0.4009E-03 0.9855E+01 0.6310E+06 0.4412E+02  9.837 0.0000 0.1432E-30 0.1000E+01
2235 0.3723E-01 0.2161E+04 0.3917E-03 0.9820E+01 0.6302E+06 0.4460E+02  9.821 0.0000 0.1358E-30 0.1000E+01
2240 0.3763E-01 0.2152E+04 0.3824E-03 0.9785E+01 0.6294E+06 0.4508E+02  9.805 0.0000 0.1293E-30 0.1000E+01
2245 0.3805E-01 0.2142E+04 0.3730E-03 0.9750E+01 0.6286E+06 0.4557E+02  9.788 0.0000 0.1234E-30 0.1000E+01
2250 0.3848E-01 0.2133E+04 0.3637E-03 0.9716E+01 0.6277E+06 0.4605E+02  9.772 0.0000 0.1182E-30 0.1000E+01
2255 0.3891E-01 0.2122E+04 0.3541E-03 0.9682E+01 0.6268E+06 0.4653E+02  9.756 0.0000 0.1134E-30 0.1000E+01
2260 0.3936E-01 0.2111E+04 0.3444E-03 0.9649E+01 0.6259E+06 0.4702E+02  9.739 0.0000 0.1090E-30 0.1000E+01
2265 0.3982E-01 0.2100E+04 0.3347E-03 0.9616E+01 0.6249E+06 0.4751E+02  9.723 0.0000 0.1050E-30 0.1000E+01
2270 0.4029E-01 0.2088E+04 0.3252E-03 0.9583E+01 0.6240E+06 0.4800E+02  9.707 0.0000 0.1013E-30 0.1000E+01
2275 0.4077E-01 0.2076E+04 0.3158E-03 0.9551E+01 0.6230E+06 0.4849E+02  9.691 0.0000 0.9791E-31 0.1000E+01
2280 0.4127E-01 0.2064E+04 0.3065E-03 0.9518E+01 0.6219E+06 0.4899E+02  9.675 0.0000 0.9473E-31 0.1000E+01
2285 0.4178E-01 0.2052E+04 0.2972E-03 0.9487E+01 0.6209E+06 0.4948E+02  9.659 0.0000 0.9177E-31 0.1000E+01
2290 0.4230E-01 0.2039E+04 0.2878E-03 0.9455E+01 0.6198E+06 0.4998E+02  9.642 0.0000 0.8900E-31 0.1000E+01
2295 0.4284E-01 0.2026E+04 0.2785E-03 0.9424E+01 0.6186E+06 0.5048E+02  9.626 0.0000 0.8640E-31 0.1000E+01
2300 0.4340E-01 0.2012E+04 0.2691E-03 0.9393E+01 0.6175E+06 0.5098E+02  9.610 0.0000 0.8396E-31 0.1000E+01
2305 0.4398E-01 0.1997E+04 0.2597E-03 0.9362E+01 0.6163E+06 0.5148E+02  9.594 0.0000 0.8165E-31 0.1000E+01
2310 0.4457E-01 0.1982E+04 0.2503E-03 0.9332E+01 0.6151E+06 0.5199E+02  9.578 0.0000 0.7946E-31 0.1000E+01
2315 0.4519E-01 0.1966E+04 0.2408E-03 0.9302E+01 0.6139E+06 0.5249E+02  9.562 0.0000 0.7738E-31 0.1000E+01
2320 0.4583E-01 0.1950E+04 0.2314E-03 0.9272E+01 0.6126E+06 0.5300E+02  9.546 0.0000 0.7540E-31 0.1000E+01
2325 0.4649E-01 0.1933E+04 0.2221E-03 0.9243E+01 0.6114E+06 0.5351E+02  9.530 0.0000 0.7351E-31 0.1000E+01
2330 0.4718E-01 0.1916E+04 0.2131E-03 0.9214E+01 0.6101E+06 0.5402E+02  9.514 0.0000 0.7172E-31 0.1000E+01
2335 0.4789E-01 0.1899E+04 0.2043E-03 0.9185E+01 0.6087E+06 0.5453E+02  9.499 0.0000 0.7000E-31 0.1000E+01
2340 0.4864E-01 0.1882E+04 0.1958E-03 0.9157E+01 0.6074E+06 0.5504E+02  9.483 0.0000 0.6835E-31 0.1000E+01
2345 0.4941E-01 0.1864E+04 0.1874E-03 0.9128E+01 0.6060E+06 0.5555E+02  9.467 0.0000 0.6677E-31 0.1000E+01
2349 0.5000E-01 0.1851E+04 0.1815E-03 0.9108E+01 0.6050E+06 0.5593E+02  9.455 0.0000 0.6565E-31 0.1000E+01
2350 0.5016E-01 0.1848E+04 0.1799E-03 0.9102E+01 0.6047E+06 0.5604E+02  9.452 0.0000 0.6535E-31 0.1000E+01
2355 0.5100E-01 0.1831E+04 0.1723E-03 0.9075E+01 0.6033E+06 0.5655E+02  9.436 0.0000 0.6389E-31 0.1000E+01
2360 0.5187E-01 0.1814E+04 0.1651E-03 0.9047E+01 0.6018E+06 0.5707E+02  9.421 0.0000 0.6249E-31 0.1000E+01
2365 0.5277E-01 0.1798E+04 0.1583E-03 0.9020E+01 0.6004E+06 0.5758E+02  9.405 0.0000 0.6115E-31 0.1000E+01
2370 0.5371E-01 0.1782E+04 0.1518E-03 0.8993E+01 0.5989E+06 0.5810E+02  9.389 0.0000 0.5986E-31 0.1000E+01
2375 0.5468E-01 0.1766E+04 0.1456E-03 0.8967E+01 0.5974E+06 0.5862E+02  9.373 0.0000 0.5862E-31 0.1000E+01
2380 0.5569E-01 0.1750E+04 0.1398E-03 0.8940E+01 0.5958E+06 0.5914E+02  9.358 0.0000 0.5744E-31 0.1000E+01
2385 0.5675E-01 0.1735E+04 0.1342E-03 0.8914E+01 0.5943E+06 0.5966E+02  9.342 0.0000 0.5629E-31 0.1000E+01
2390 0.5784E-01 0.1720E+04 0.1288E-03 0.8889E+01 0.5927E+06 0.6019E+02  9.326 0.0000 0.5520E-31 0.1000E+01
2395 0.5897E-01 0.1705E+04 0.1236E-03 0.8863E+01 0.5911E+06 0.6071E+02  9.311 0.0000 0.5414E-31 0.1000E+01
2400 0.6014E-01 0.1690E+04 0.1186E-03 0.8838E+01 0.5895E+06 0.6123E+02  9.295 0.0000 0.5313E-31 0.1000E+01
2405 0.6136E-01 0.1675E+04 0.1139E-03 0.8813E+01 0.5878E+06 0.6176E+02  9.280 0.0000 0.5215E-31 0.1000E+01
2410 0.6263E-01 0.1661E+04 0.1095E-03 0.8788E+01 0.5862E+06 0.6229E+02  9.264 0.0000 0.5122E-31 0.1000E+01
2415 0.6393E-01 0.1648E+04 0.1056E-03 0.8763E+01 0.5845E+06 0.6281E+02  9.248 0.0000 0.5032E-31 0.1000E+01
2420 0.6528E-01 0.1636E+04 0.1019E-03 0.8739E+01 0.5828E+06 0.6334E+02  9.233 0.0000 0.4945E-31 0.1000E+01
2425 0.6668E-01 0.1624E+04 0.9842E-04 0.8715E+01 0.5811E+06 0.6387E+02  9.217 0.0000 0.4863E-31 0.1000E+01
2430 0.6811E-01 0.1613E+04 0.9515E-04 0.8691E+01 0.5793E+06 0.6440E+02  9.202 0.0000 0.4784E-31 0.1000E+01
2435 0.6959E-01 0.1601E+04 0.9202E-04 0.8667E+01 0.5776E+06 0.6493E+02  9.186 0.0000 0.4708E-31 0.1000E+01
2437 0.7000E-01 0.1598E+04 0.9119E-04 0.8661E+01 0.5771E+06 0.6507E+02  9.182 0.0000 0.4688E-31 0.1000E+01
2440 0.7091E-01 0.1592E+04 0.8937E-04 0.8647E+01 0.5760E+06 0.6539E+02  9.173 0.0000 0.4644E-31 0.1000E+01
2445 0.7247E-01 0.1581E+04 0.8646E-04 0.8623E+01 0.5742E+06 0.6592E+02  9.157 0.0000 0.4574E-31 0.1000E+01
2450 0.7408E-01 0.1570E+04 0.8367E-04 0.8600E+01 0.5724E+06 0.6645E+02  9.142 0.0000 0.4507E-31 0.1000E+01
2455 0.7574E-01 0.1559E+04 0.8097E-04 0.8577E+01 0.5705E+06 0.6698E+02  9.126 0.0000 0.4443E-31 0.1000E+01
2460 0.7744E-01 0.1548E+04 0.7835E-04 0.8555E+01 0.5687E+06 0.6752E+02  9.111 0.0000 0.4381E-31 0.1000E+01
2465 0.7920E-01 0.1538E+04 0.7581E-04 0.8532E+01 0.5668E+06 0.6805E+02  9.096 0.0000 0.4321E-31 0.1000E+01
2470 0.8100E-01 0.1527E+04 0.7335E-04 0.8510E+01 0.5649E+06 0.6859E+02  9.080 0.0000 0.4264E-31 0.1000E+01
2475 0.8286E-01 0.1516E+04 0.7095E-04 0.8488E+01 0.5630E+06 0.6912E+02  9.065 0.0000 0.4209E-31 0.1000E+01
2480 0.8477E-01 0.1506E+04 0.6863E-04 0.8466E+01 0.5611E+06 0.6965E+02  9.049 0.0000 0.4156E-31 0.1000E+01
2485 0.8673E-01 0.1495E+04 0.6637E-04 0.8445E+01 0.5591E+06 0.7019E+02  9.034 0.0000 0.4106E-31 0.1000E+01
2490 0.8876E-01 0.1484E+04 0.6415E-04 0.8424E+01 0.5572E+06 0.7072E+02  9.019 0.0000 0.4057E-31 0.1000E+01
2495 0.9085E-01 0.1473E+04 0.6198E-04 0.8402E+01 0.5552E+06 0.7125E+02  9.003 0.0000 0.4010E-31 0.1000E+01
2500 0.9300E-01 0.1463E+04 0.5986E-04 0.8381E+01 0.5532E+06 0.7179E+02  8.988 0.0000 0.3964E-31 0.1000E+01
2505 0.9522E-01 0.1452E+04 0.5779E-04 0.8361E+01 0.5512E+06 0.7232E+02  8.973 0.0000 0.3921E-31 0.1000E+01
2510 0.9750E-01 0.1441E+04 0.5579E-04 0.8340E+01 0.5492E+06 0.7286E+02  8.958 0.0000 0.3878E-31 0.1000E+01
2515 0.9986E-01 0.1430E+04 0.5384E-04 0.8320E+01 0.5472E+06 0.7339E+02  8.942 0.0000 0.3838E-31 0.1000E+01
2516 0.1000E+00 0.1429E+04 0.5373E-04 0.8319E+01 0.5471E+06 0.7342E+02  8.942 0.0000 0.3835E-31 0.1000E+01
2520 0.1019E+00 0.1420E+04 0.5221E-04 0.8303E+01 0.5454E+06 0.7385E+02  8.929 0.0000 0.3804E-31 0.1000E+01
2525 0.1044E+00 0.1409E+04 0.5037E-04 0.8283E+01 0.5434E+06 0.7439E+02  8.914 0.0000 0.3765E-31 0.1000E+01
2530 0.1070E+00 0.1398E+04 0.4861E-04 0.8263E+01 0.5413E+06 0.7492E+02  8.899 0.0000 0.3728E-31 0.1000E+01
2535 0.1097E+00 0.1388E+04 0.4695E-04 0.8243E+01 0.5392E+06 0.7546E+02  8.884 0.0000 0.3693E-31 0.1000E+01
2540 0.1124E+00 0.1378E+04 0.4541E-04 0.8224E+01 0.5371E+06 0.7600E+02  8.868 0.0000 0.3658E-31 0.1000E+01
2545 0.1152E+00 0.1369E+04 0.4397E-04 0.8204E+01 0.5350E+06 0.7653E+02  8.853 0.0000 0.3625E-31 0.1000E+01
2550 0.1181E+00 0.1359E+04 0.4260E-04 0.8185E+01 0.5329E+06 0.7707E+02  8.838 0.0000 0.3593E-31 0.1000E+01
2555 0.1211E+00 0.1350E+04 0.4129E-04 0.8166E+01 0.5307E+06 0.7761E+02  8.823 0.0000 0.3563E-31 0.1000E+01
2560 0.1242E+00 0.1341E+04 0.4003E-04 0.8147E+01 0.5286E+06 0.7814E+02  8.808 0.0000 0.3533E-31 0.1000E+01
2565 0.1273E+00 0.1333E+04 0.3881E-04 0.8129E+01 0.5264E+06 0.7868E+02  8.792 0.0000 0.3505E-31 0.1000E+01
2570 0.1305E+00 0.1324E+04 0.3764E-04 0.8110E+01 0.5242E+06 0.7921E+02  8.777 0.0000 0.3477E-31 0.1000E+01
2575 0.1338E+00 0.1315E+04 0.3650E-04 0.8092E+01 0.5220E+06 0.7975E+02  8.762 0.0000 0.3451E-31 0.1000E+01
2580 0.1372E+00 0.1307E+04 0.3540E-04 0.8074E+01 0.5198E+06 0.8028E+02  8.747 0.0000 0.3426E-31 0.1000E+01
2585 0.1407E+00 0.1298E+04 0.3433E-04 0.8056E+01 0.5176E+06 0.8082E+02  8.732 0.0000 0.3401E-31 0.1000E+01
2590 0.1442E+00 0.1290E+04 0.3330E-04 0.8038E+01 0.5154E+06 0.8135E+02  8.717 0.0000 0.3378E-31 0.1000E+01
2595 0.1479E+00 0.1281E+04 0.3229E-04 0.8021E+01 0.5132E+06 0.8188E+02  8.702 0.0000 0.3355E-31 0.1000E+01
2598 0.1500E+00 0.1277E+04 0.3174E-04 0.8011E+01 0.5119E+06 0.8218E+02  8.693 0.0000 0.3343E-31 0.1000E+01
2600 0.1515E+00 0.1273E+04 0.3135E-04 0.8004E+01 0.5110E+06 0.8240E+02  8.687 0.0000 0.3334E-31 0.1000E+01
2605 0.1554E+00 0.1265E+04 0.3040E-04 0.7987E+01 0.5088E+06 0.8293E+02  8.672 0.0000 0.3313E-31 0.1000E+01
2610 0.1593E+00 0.1256E+04 0.2948E-04 0.7969E+01 0.5065E+06 0.8346E+02  8.657 0.0000 0.3293E-31 0.1000E+01
2615 0.1634E+00 0.1248E+04 0.2859E-04 0.7952E+01 0.5043E+06 0.8399E+02  8.642 0.0000 0.3274E-31 0.1000E+01
2620 0.1676E+00 0.1240E+04 0.2772E-04 0.7936E+01 0.5020E+06 0.8453E+02  8.627 0.0000 0.3255E-31 0.1000E+01
2625 0.1718E+00 0.1232E+04 0.2688E-04 0.7919E+01 0.4997E+06 0.8506E+02  8.611 0.0000 0.3237E-31 0.1000E+01
2630 0.1762E+00 0.1223E+04 0.2606E-04 0.7902E+01 0.4974E+06 0.8559E+02  8.596 0.0000 0.3220E-31 0.1000E+01
2635 0.1807E+00 0.1215E+04 0.2526E-04 0.7886E+01 0.4951E+06 0.8612E+02  8.581 0.0000 0.3203E-31 0.1000E+01
2640 0.1853E+00 0.1207E+04 0.2448E-04 0.7870E+01 0.4928E+06 0.8665E+02  8.566 0.0000 0.3187E-31 0.1000E+01
2645 0.1901E+00 0.1199E+04 0.2371E-04 0.7854E+01 0.4905E+06 0.8717E+02  8.551 0.0000 0.3172E-31 0.1000E+01
2650 0.1950E+00 0.1190E+04 0.2297E-04 0.7838E+01 0.4882E+06 0.8770E+02  8.536 0.0000 0.3157E-31 0.1000E+01
2655 0.2000E+00 0.1182E+04 0.2223E-04 0.7822E+01 0.4859E+06 0.8823E+02  8.521 0.0000 0.3142E-31 0.1000E+01
2656 0.2000E+00 0.1182E+04 0.2223E-04 0.7822E+01 0.4859E+06 0.8823E+02  8.521 0.0000 0.3142E-31 0.1000E+01
2660 0.2041E+00 0.1175E+04 0.2164E-04 0.7809E+01 0.4840E+06 0.8866E+02  8.509 0.0000 0.3131E-31 0.1000E+01
2665 0.2094E+00 0.1166E+04 0.2092E-04 0.7794E+01 0.4817E+06 0.8919E+02  8.494 0.0000 0.3118E-31 0.1000E+01
2670 0.2148E+00 0.1157E+04 0.2022E-04 0.7778E+01 0.4793E+06 0.8971E+02  8.479 0.0000 0.3105E-31 0.1000E+01
2675 0.2204E+00 0.1148E+04 0.1953E-04 0.7763E+01 0.4770E+06 0.9024E+02  8.464 0.0000 0.3092E-31 0.1000E+01
2680 0.2262E+00 0.1139E+04 0.1885E-04 0.7748E+01 0.4746E+06 0.9076E+02  8.449 0.0000 0.3080E-31 0.1000E+01
2685 0.2321E+00 0.1131E+04 0.1819E-04 0.7733E+01 0.4723E+06 0.9128E+02  8.434 0.0000 0.3068E-31 0.1000E+01
2690 0.2382E+00 0.1122E+04 0.1755E-04 0.7718E+01 0.4699E+06 0.9181E+02  8.419 0.0000 0.3057E-31 0.1000E+01
2695 0.2445E+00 0.1113E+04 0.1693E-04 0.7703E+01 0.4676E+06 0.9233E+02  8.404 0.0000 0.3046E-31 0.1000E+01
2700 0.2500E+00 0.1105E+04 0.1643E-04 0.7691E+01 0.4656E+06 0.9276E+02  8.391 0.0000 0.3037E-31 0.1000E+01
2700 0.2500E+00 0.1105E+04 0.1643E-04 0.7691E+01 0.4656E+06 0.9276E+02  8.391 0.0000 0.3037E-31 0.1000E+01
2705 0.2567E+00 0.1096E+04 0.1585E-04 0.7677E+01 0.4632E+06 0.9328E+02  8.376 0.0000 0.3027E-31 0.1000E+01
2710 0.2635E+00 0.1087E+04 0.1529E-04 0.7662E+01 0.4609E+06 0.9380E+02  8.361 0.0000 0.3017E-31 0.1000E+01
2715 0.2706E+00 0.1079E+04 0.1475E-04 0.7648E+01 0.4585E+06 0.9431E+02  8.346 0.0000 0.3008E-31 0.1000E+01
2720 0.2779E+00 0.1070E+04 0.1422E-04 0.7634E+01 0.4561E+06 0.9483E+02  8.332 0.0000 0.2999E-31 0.1000E+01
2725 0.2855E+00 0.1061E+04 0.1371E-04 0.7620E+01 0.4538E+06 0.9534E+02  8.317 0.0000 0.2990E-31 0.1000E+01
2730 0.2933E+00 0.1052E+04 0.1321E-04 0.7606E+01 0.4514E+06 0.9586E+02  8.302 0.0000 0.2981E-31 0.1000E+01
2735 0.3000E+00 0.1045E+04 0.1281E-04 0.7595E+01 0.4494E+06 0.9629E+02  8.289 0.0000 0.2975E-31 0.1000E+01
2735 0.3000E+00 0.1045E+04 0.1281E-04 0.7595E+01 0.4494E+06 0.9629E+02  8.289 0.0000 0.2975E-31 0.1000E+01
2740 0.3082E+00 0.1036E+04 0.1233E-04 0.7581E+01 0.4470E+06 0.9680E+02  8.274 0.0000 0.2967E-31 0.1000E+01
2745 0.3168E+00 0.1027E+04 0.1187E-04 0.7568E+01 0.4447E+06 0.9731E+02  8.259 0.0000 0.2959E-31 0.1000E+01
2750 0.3256E+00 0.1018E+04 0.1141E-04 0.7554E+01 0.4423E+06 0.9782E+02  8.244 0.0000 0.2951E-31 0.1000E+01
2755 0.3347E+00 0.1009E+04 0.1096E-04 0.7541E+01 0.4399E+06 0.9833E+02  8.229 0.0000 0.2944E-31 0.1000E+01
2760 0.3442E+00 0.9992E+03 0.1052E-04 0.7528E+01 0.4375E+06 0.9883E+02  8.215 0.0000 0.2937E-31 0.1000E+01
2763 0.3500E+00 0.9936E+03 0.1027E-04 0.7520E+01 0.4361E+06 0.9914E+02  8.206 0.0000 0.2933E-31 0.1000E+01
2765 0.3540E+00 0.9898E+03 0.1010E-04 0.7515E+01 0.4351E+06 0.9934E+02  8.200 0.0000 0.2930E-31 0.1000E+01
2770 0.3641E+00 0.9805E+03 0.9687E-05 0.7502E+01 0.4327E+06 0.9984E+02  8.185 0.0000 0.2924E-31 0.1000E+01
2775 0.3746E+00 0.9711E+03 0.9290E-05 0.7489E+01 0.4303E+06 0.1003E+03  8.170 0.0000 0.2918E-31 0.1000E+01
2780 0.3855E+00 0.9617E+03 0.8907E-05 0.7477E+01 0.4279E+06 0.1008E+03  8.155 0.0000 0.2912E-31 0.1000E+01
2785 0.3968E+00 0.9524E+03 0.8538E-05 0.7464E+01 0.4255E+06 0.1013E+03  8.140 0.0000 0.2906E-31 0.1000E+01
2787 0.4000E+00 0.9499E+03 0.8438E-05 0.7461E+01 0.4249E+06 0.1015E+03  8.136 0.0000 0.2904E-31 0.1000E+01
2790 0.4070E+00 0.9443E+03 0.8225E-05 0.7453E+01 0.4234E+06 0.1018E+03  8.127 0.0000 0.2901E-31 0.1000E+01
2795 0.4192E+00 0.9350E+03 0.7880E-05 0.7441E+01 0.4210E+06 0.1023E+03  8.112 0.0000 0.2895E-31 0.1000E+01
2800 0.4318E+00 0.9257E+03 0.7549E-05 0.7429E+01 0.4186E+06 0.1028E+03  8.097 0.0000 0.2890E-31 0.1000E+01
2805 0.4448E+00 0.9166E+03 0.7230E-05 0.7417E+01 0.4162E+06 0.1033E+03  8.083 0.0000 0.2885E-31 0.1000E+01
2807 0.4500E+00 0.9130E+03 0.7111E-05 0.7412E+01 0.4153E+06 0.1035E+03  8.077 0.0000 0.2883E-31 0.1000E+01
2810 0.4582E+00 0.9076E+03 0.6928E-05 0.7405E+01 0.4139E+06 0.1038E+03  8.068 0.0000 0.2880E-31 0.1000E+01
2815 0.4722E+00 0.8985E+03 0.6634E-05 0.7393E+01 0.4115E+06 0.1043E+03  8.053 0.0000 0.2875E-31 0.1000E+01
2820 0.4868E+00 0.8895E+03 0.6351E-05 0.7381E+01 0.4091E+06 0.1048E+03  8.038 0.0000 0.2870E-31 0.1000E+01
2825 0.5000E+00 0.8817E+03 0.6115E-05 0.7371E+01 0.4070E+06 0.1052E+03  8.025 0.0000 0.2866E-31 0.1000E+01
2825 0.5000E+00 0.8817E+03 0.6115E-05 0.7371E+01 0.4070E+06 0.1052E+03  8.025 0.0000 0.2866E-31 0.1000E+01
2830 0.5157E+00 0.8728E+03 0.5853E-05 0.7359E+01 0.4047E+06 0.1057E+03  8.011 0.0000 0.2862E-31 0.1000E+01
2835 0.5319E+00 0.8639E+03 0.5601E-05 0.7348E+01 0.4023E+06 0.1062E+03  7.996 0.0000 0.2858E-31 0.1000E+01
2840 0.5489E+00 0.8551E+03 0.5358E-05 0.7336E+01 0.3999E+06 0.1066E+03  7.981 0.0000 0.2854E-31 0.1000E+01
2841 0.5500E+00 0.8545E+03 0.5343E-05 0.7336E+01 0.3997E+06 0.1067E+03  7.980 0.0000 0.2854E-31 0.1000E+01
2845 0.5640E+00 0.8474E+03 0.5156E-05 0.7327E+01 0.3978E+06 0.1071E+03  7.968 0.0000 0.2850E-31 0.1000E+01
2850 0.5822E+00 0.8387E+03 0.4932E-05 0.7316E+01 0.3955E+06 0.1075E+03  7.953 0.0000 0.2847E-31 0.1000E+01
2855 0.6000E+00 0.8305E+03 0.4729E-05 0.7305E+01 0.3932E+06 0.1080E+03  7.939 0.0000 0.2843E-31 0.1000E+01
2855 0.6000E+00 0.8305E+03 0.4729E-05 0.7305E+01 0.3932E+06 0.1080E+03  7.939 0.0000 0.2843E-31 0.1000E+01
2860 0.6196E+00 0.8219E+03 0.4522E-05 0.7294E+01 0.3908E+06 0.1085E+03  7.924 0.0000 0.2840E-31 0.1000E+01
2865 0.6399E+00 0.8134E+03 0.4325E-05 0.7283E+01 0.3885E+06 0.1090E+03  7.910 0.0000 0.2836E-31 0.1000E+01
2868 0.6500E+00 0.8093E+03 0.4232E-05 0.7278E+01 0.3873E+06 0.1092E+03  7.902 0.0000 0.2835E-31 0.1000E+01
2870 0.6585E+00 0.8060E+03 0.4158E-05 0.7274E+01 0.3864E+06 0.1094E+03  7.896 0.0000 0.2833E-31 0.1000E+01
2875 0.6804E+00 0.7976E+03 0.3976E-05 0.7263E+01 0.3840E+06 0.1098E+03  7.882 0.0000 0.2830E-31 0.1000E+01
2880 0.7000E+00 0.7904E+03 0.3826E-05 0.7254E+01 0.3819E+06 0.1103E+03  7.869 0.0000 0.2828E-31 0.1000E+01
2880 0.7000E+00 0.7904E+03 0.3826E-05 0.7254E+01 0.3819E+06 0.1103E+03  7.869 0.0000 0.2828E-31 0.1000E+01
2885 0.7235E+00 0.7823E+03 0.3659E-05 0.7243E+01 0.3796E+06 0.1107E+03  7.854 0.0000 0.2825E-31 0.1000E+01
2890 0.7479E+00 0.7742E+03 0.3500E-05 0.7233E+01 0.3772E+06 0.1112E+03  7.839 0.0000 0.2822E-31 0.1000E+01
2891 0.7500E+00 0.7735E+03 0.3487E-05 0.7232E+01 0.3770E+06 0.1112E+03  7.838 0.0000 0.2821E-31 0.1000E+01
2895 0.7703E+00 0.7671E+03 0.3366E-05 0.7224E+01 0.3751E+06 0.1116E+03  7.826 0.0000 0.2819E-31 0.1000E+01
2900 0.7965E+00 0.7592E+03 0.3220E-05 0.7213E+01 0.3728E+06 0.1121E+03  7.811 0.0000 0.2817E-31 0.1000E+01
2901 0.8000E+00 0.7582E+03 0.3201E-05 0.7212E+01 0.3725E+06 0.1121E+03  7.809 0.0000 0.2816E-31 0.1000E+01
2905 0.8218E+00 0.7519E+03 0.3090E-05 0.7204E+01 0.3706E+06 0.1125E+03  7.797 0.0000 0.2814E-31 0.1000E+01
2910 0.8500E+00 0.7441E+03 0.2955E-05 0.7194E+01 0.3682E+06 0.1130E+03  7.783 0.0000 0.2812E-31 0.1000E+01
2910 0.8500E+00 0.7441E+03 0.2955E-05 0.7194E+01 0.3682E+06 0.1130E+03  7.783 0.0000 0.2812E-31 0.1000E+01
2915 0.8794E+00 0.7363E+03 0.2825E-05 0.7184E+01 0.3659E+06 0.1134E+03  7.768 0.0000 0.2810E-31 0.1000E+01
2919 0.9000E+00 0.7310E+03 0.2739E-05 0.7177E+01 0.3643E+06 0.1138E+03  7.758 0.0000 0.2808E-31 0.1000E+01
2920 0.9061E+00 0.7294E+03 0.2714E-05 0.7175E+01 0.3638E+06 0.1138E+03  7.755 0.0000 0.2808E-31 0.1000E+01
2925 0.9377E+00 0.7216E+03 0.2592E-05 0.7165E+01 0.3615E+06 0.1143E+03  7.740 0.0000 0.2805E-31 0.1000E+01
2927 0.9500E+00 0.7186E+03 0.2547E-05 0.7162E+01 0.3606E+06 0.1145E+03  7.734 0.0000 0.2805E-31 0.1000E+01
2930 0.9699E+00 0.7138E+03 0.2477E-05 0.7156E+01 0.3592E+06 0.1147E+03  7.726 0.0000 0.2803E-31 0.1000E+01
2935 0.1000E+01 0.7068E+03 0.2374E-05 0.7147E+01 0.3572E+06 0.1152E+03  7.712 0.0000 0.2802E-31 0.1000E+01
2935 0.1000E+01 0.7068E+03 0.2374E-05 0.7147E+01 0.3572E+06 0.1152E+03  7.712 0.0000 0.2802E-31 0.1000E+01
2940 0.1035E+01 0.6987E+03 0.2261E-05 0.7138E+01 0.3548E+06 0.1156E+03  7.698 0.0000 0.2800E-31 0.1000E+01
2945 0.1073E+01 0.6903E+03 0.2149E-05 0.7128E+01 0.3525E+06 0.1161E+03  7.683 0.0000 0.2798E-31 0.1000E+01
2950 0.1111E+01 0.6818E+03 0.2039E-05 0.7119E+01 0.3502E+06 0.1165E+03  7.668 0.0000 0.2796E-31 0.1000E+01
2955 0.1152E+01 0.6731E+03 0.1932E-05 0.7110E+01 0.3479E+06 0.1169E+03  7.653 0.0000 0.2794E-31 0.1000E+01
2960 0.1195E+01 0.6643E+03 0.1829E-05 0.7101E+01 0.3456E+06 0.1174E+03  7.639 0.0000 0.2793E-31 0.1000E+01
2965 0.1239E+01 0.6555E+03 0.1729E-05 0.7091E+01 0.3433E+06 0.1178E+03  7.624 0.0000 0.2791E-31 0.1000E+01
2970 0.1286E+01 0.6467E+03 0.1634E-05 0.7082E+01 0.3410E+06 0.1183E+03  7.609 0.0000 0.2790E-31 0.1000E+01
2975 0.1336E+01 0.6379E+03 0.1543E-05 0.7073E+01 0.3388E+06 0.1187E+03  7.594 0.0000 0.2788E-31 0.1000E+01
2980 0.1388E+01 0.6292E+03 0.1457E-05 0.7065E+01 0.3365E+06 0.1191E+03  7.580 0.0000 0.2787E-31 0.1000E+01
2985 0.1443E+01 0.6205E+03 0.1375E-05 0.7056E+01 0.3342E+06 0.1196E+03  7.565 0.0000 0.2785E-31 0.1000E+01
2990 0.1500E+01 0.6120E+03 0.1298E-05 0.7047E+01 0.3320E+06 0.1200E+03  7.550 0.0000 0.2784E-31 0.1000E+01
2990 0.1500E+01 0.6120E+03 0.1298E-05 0.7047E+01 0.3320E+06 0.1200E+03  7.550 0.0000 0.2784E-31 0.1000E+01
2995 0.1561E+01 0.6036E+03 0.1225E-05 0.7039E+01 0.3298E+06 0.1204E+03  7.535 0.0000 0.2783E-31 0.1000E+01
3000 0.1625E+01 0.5953E+03 0.1156E-05 0.7030E+01 0.3275E+06 0.1209E+03  7.521 0.0000 0.2781E-31 0.1000E+01
3005 0.1692E+01 0.5871E+03 0.1091E-05 0.7022E+01 0.3253E+06 0.1213E+03  7.506 0.0000 0.2780E-31 0.1000E+01
3010 0.1763E+01 0.5791E+03 0.1030E-05 0.7013E+01 0.3230E+06 0.1217E+03  7.491 0.0000 0.2779E-31 0.1000E+01
3015 0.1837E+01 0.5712E+03 0.9729E-06 0.7005E+01 0.3208E+06 0.1221E+03  7.476 0.0000 0.2778E-31 0.1000E+01
3020 0.1915E+01 0.5634E+03 0.9188E-06 0.6997E+01 0.3186E+06 0.1226E+03  7.462 0.0000 0.2777E-31 0.1000E+01
3025 0.1998E+01 0.5558E+03 0.8678E-06 0.6989E+01 0.3164E+06 0.1230E+03  7.447 0.0000 0.2776E-31 0.1000E+01
3026 0.2000E+01 0.5556E+03 0.8665E-06 0.6988E+01 0.3163E+06 0.1230E+03  7.446 0.0000 0.2775E-31 0.1000E+01
3030 0.2069E+01 0.5495E+03 0.8279E-06 0.6982E+01 0.3146E+06 0.1233E+03  7.435 0.0000 0.2775E-31 0.1000E+01
3035 0.2159E+01 0.5421E+03 0.7822E-06 0.6974E+01 0.3124E+06 0.1237E+03  7.420 0.0000 0.2774E-31 0.1000E+01
3040 0.2254E+01 0.5348E+03 0.7392E-06 0.6966E+01 0.3102E+06 0.1241E+03  7.405 0.0000 0.2773E-31 0.1000E+01
3045 0.2354E+01 0.5276E+03 0.6988E-06 0.6958E+01 0.3081E+06 0.1246E+03  7.390 0.0000 0.2772E-31 0.1000E+01
3050 0.2458E+01 0.5206E+03 0.6608E-06 0.6950E+01 0.3059E+06 0.1250E+03  7.376 0.0000 0.2771E-31 0.1000E+01
3052 0.2500E+01 0.5179E+03 0.6468E-06 0.6947E+01 0.3051E+06 0.1251E+03  7.370 0.0000 0.2771E-31 0.1000E+01
3055 0.2566E+01 0.5138E+03 0.6255E-06 0.6942E+01 0.3038E+06 0.1254E+03  7.361 0.0000 0.2770E-31 0.1000E+01
3060 0.2682E+01 0.5070E+03 0.5917E-06 0.6935E+01 0.3017E+06 0.1258E+03  7.346 0.0000 0.2769E-31 0.1000E+01
3065 0.2803E+01 0.5003E+03 0.5598E-06 0.6927E+01 0.2995E+06 0.1262E+03  7.332 0.0000 0.2768E-31 0.1000E+01
3070 0.2930E+01 0.4937E+03 0.5296E-06 0.6920E+01 0.2974E+06 0.1266E+03  7.317 0.0000 0.2768E-31 0.1000E+01
3073 0.3000E+01 0.4902E+03 0.5142E-06 0.6916E+01 0.2963E+06 0.1268E+03  7.309 0.0000 0.2767E-31 0.1000E+01
3075 0.3054E+01 0.4876E+03 0.5029E-06 0.6913E+01 0.2955E+06 0.1269E+03  7.303 0.0000 0.2767E-31 0.1000E+01
3080 0.3193E+01 0.4811E+03 0.4759E-06 0.6905E+01 0.2934E+06 0.1273E+03  7.288 0.0000 0.2766E-31 0.1000E+01
3085 0.3339E+01 0.4748E+03 0.4504E-06 0.6898E+01 0.2913E+06 0.1277E+03  7.274 0.0000 0.2766E-31 0.1000E+01
3090 0.3492E+01 0.4686E+03 0.4263E-06 0.6891E+01 0.2892E+06 0.1281E+03  7.259 0.0000 0.2765E-31 0.1000E+01
3091 0.3500E+01 0.4683E+03 0.4252E-06 0.6890E+01 0.2891E+06 0.1281E+03  7.258 0.0000 0.2765E-31 0.1000E+01
3095 0.3628E+01 0.4634E+03 0.4070E-06 0.6885E+01 0.2875E+06 0.1284E+03  7.246 0.0000 0.2765E-31 0.1000E+01
3100 0.3795E+01 0.4574E+03 0.3854E-06 0.6877E+01 0.2854E+06 0.1288E+03  7.232 0.0000 0.2764E-31 0.1000E+01
3105 0.3970E+01 0.4514E+03 0.3651E-06 0.6870E+01 0.2834E+06 0.1292E+03  7.217 0.0000 0.2763E-31 0.1000E+01
3106 0.4000E+01 0.4504E+03 0.3618E-06 0.6869E+01 0.2830E+06 0.1293E+03  7.215 0.0000 0.2763E-31 0.1000E+01
3110 0.4147E+01 0.4458E+03 0.3466E-06 0.6864E+01 0.2814E+06 0.1296E+03  7.203 0.0000 0.2763E-31 0.1000E+01
3115 0.4339E+01 0.4401E+03 0.3284E-06 0.6857E+01 0.2794E+06 0.1299E+03  7.188 0.0000 0.2762E-31 0.1000E+01
3120 0.4500E+01 0.4355E+03 0.3146E-06 0.6851E+01 0.2778E+06 0.1302E+03  7.176 0.0000 0.2762E-31 0.1000E+01
3120 0.4500E+01 0.4355E+03 0.3146E-06 0.6851E+01 0.2778E+06 0.1302E+03  7.176 0.0000 0.2762E-31 0.1000E+01
3125 0.4703E+01 0.4299E+03 0.2981E-06 0.6844E+01 0.2758E+06 0.1306E+03  7.162 0.0000 0.2762E-31 0.1000E+01
3130 0.4921E+01 0.4244E+03 0.2826E-06 0.6838E+01 0.2738E+06 0.1310E+03  7.147 0.0000 0.2761E-31 0.1000E+01
3132 0.5000E+01 0.4225E+03 0.2773E-06 0.6835E+01 0.2731E+06 0.1311E+03  7.142 0.0000 0.2761E-31 0.1000E+01
3135 0.5138E+01 0.4193E+03 0.2686E-06 0.6831E+01 0.2719E+06 0.1313E+03  7.133 0.0000 0.2761E-31 0.1000E+01
3140 0.5377E+01 0.4139E+03 0.2546E-06 0.6824E+01 0.2699E+06 0.1317E+03  7.118 0.0000 0.2760E-31 0.1000E+01
3143 0.5500E+01 0.4113E+03 0.2480E-06 0.6821E+01 0.2690E+06 0.1319E+03  7.111 0.0000 0.2760E-31 0.1000E+01
3145 0.5601E+01 0.4092E+03 0.2427E-06 0.6819E+01 0.2682E+06 0.1320E+03  7.105 0.0000 0.2760E-31 0.1000E+01
3150 0.5861E+01 0.4039E+03 0.2301E-06 0.6812E+01 0.2662E+06 0.1324E+03  7.091 0.0000 0.2760E-31 0.1000E+01
3153 0.6000E+01 0.4013E+03 0.2239E-06 0.6809E+01 0.2652E+06 0.1326E+03  7.083 0.0000 0.2759E-31 0.1000E+01
3155 0.6110E+01 0.3992E+03 0.2191E-06 0.6806E+01 0.2645E+06 0.1327E+03  7.077 0.0000 0.2759E-31 0.1000E+01
3160 0.6394E+01 0.3941E+03 0.2077E-06 0.6800E+01 0.2625E+06 0.1331E+03  7.063 0.0000 0.2759E-31 0.1000E+01
3162 0.6500E+01 0.3923E+03 0.2038E-06 0.6797E+01 0.2619E+06 0.1332E+03  7.057 0.0000 0.2759E-31 0.1000E+01
3165 0.6680E+01 0.3893E+03 0.1973E-06 0.6794E+01 0.2607E+06 0.1334E+03  7.049 0.0000 0.2759E-31 0.1000E+01
3170 0.6991E+01 0.3843E+03 0.1871E-06 0.6787E+01 0.2588E+06 0.1338E+03  7.034 0.0000 0.2758E-31 0.1000E+01
3171 0.7000E+01 0.3841E+03 0.1868E-06 0.6787E+01 0.2588E+06 0.1338E+03  7.034 0.0000 0.2758E-31 0.1000E+01
3175 0.7259E+01 0.3802E+03 0.1789E-06 0.6782E+01 0.2572E+06 0.1341E+03  7.022 0.0000 0.2758E-31 0.1000E+01
3179 0.7500E+01 0.3766E+03 0.1721E-06 0.6778E+01 0.2559E+06 0.1343E+03  7.012 0.0000 0.2758E-31 0.1000E+01
3180 0.7568E+01 0.3756E+03 0.1703E-06 0.6776E+01 0.2555E+06 0.1344E+03  7.009 0.0000 0.2758E-31 0.1000E+01
3185 0.7922E+01 0.3708E+03 0.1613E-06 0.6770E+01 0.2537E+06 0.1347E+03  6.994 0.0000 0.2757E-31 0.1000E+01
3187 0.8000E+01 0.3697E+03 0.1595E-06 0.6769E+01 0.2533E+06 0.1348E+03  6.991 0.0000 0.2757E-31 0.1000E+01
3190 0.8221E+01 0.3668E+03 0.1544E-06 0.6765E+01 0.2521E+06 0.1350E+03  6.982 0.0000 0.2757E-31 0.1000E+01
3194 0.8500E+01 0.3634E+03 0.1484E-06 0.6761E+01 0.2508E+06 0.1353E+03  6.972 0.0000 0.2757E-31 0.1000E+01
3195 0.8578E+01 0.3624E+03 0.1468E-06 0.6760E+01 0.2504E+06 0.1353E+03  6.969 0.0000 0.2757E-31 0.1000E+01
3200 0.8978E+01 0.3577E+03 0.1391E-06 0.6754E+01 0.2486E+06 0.1357E+03  6.954 0.0000 0.2757E-31 0.1000E+01
3201 0.9000E+01 0.3575E+03 0.1387E-06 0.6753E+01 0.2485E+06 0.1357E+03  6.953 0.0000 0.2757E-31 0.1000E+01
3205 0.9334E+01 0.3538E+03 0.1328E-06 0.6749E+01 0.2470E+06 0.1360E+03  6.942 0.0000 0.2757E-31 0.1000E+01
3207 0.9500E+01 0.3520E+03 0.1301E-06 0.6746E+01 0.2463E+06 0.1361E+03  6.936 0.0000 0.2757E-31 0.1000E+01
3210 0.9764E+01 0.3492E+03 0.1259E-06 0.6743E+01 0.2452E+06 0.1363E+03  6.927 0.0000 0.2756E-31 0.1000E+01
3213 0.1000E+02 0.3468E+03 0.1224E-06 0.6740E+01 0.2443E+06 0.1365E+03  6.920 0.0000 0.2756E-31 0.1000E+01
3215 0.1018E+02 0.3450E+03 0.1198E-06 0.6738E+01 0.2436E+06 0.1366E+03  6.914 0.0000 0.2756E-31 0.1000E+01
3219 0.1050E+02 0.3420E+03 0.1155E-06 0.6734E+01 0.2424E+06 0.1368E+03  6.904 0.0000 0.2756E-31 0.1000E+01
3220 0.1060E+02 0.3411E+03 0.1142E-06 0.6733E+01 0.2420E+06 0.1369E+03  6.901 0.0000 0.2756E-31 0.1000E+01
3225 0.1100E+02 0.3374E+03 0.1092E-06 0.6728E+01 0.2406E+06 0.1372E+03  6.890 0.0000 0.2756E-31 0.1000E+01
3225 0.1100E+02 0.3374E+03 0.1092E-06 0.6728E+01 0.2406E+06 0.1372E+03  6.890 0.0000 0.2756E-31 0.1000E+01
3230 0.1150E+02 0.3331E+03 0.1036E-06 0.6722E+01 0.2388E+06 0.1375E+03  6.875 0.0000 0.2756E-31 0.1000E+01
3230 0.1150E+02 0.3331E+03 0.1036E-06 0.6722E+01 0.2388E+06 0.1375E+03  6.875 0.0000 0.2756E-31 0.1000E+01
3235 0.1200E+02 0.3290E+03 0.9843E-07 0.6717E+01 0.2372E+06 0.1378E+03  6.862 0.0000 0.2756E-31 0.1000E+01
3235 0.1200E+02 0.3290E+03 0.9843E-07 0.6717E+01 0.2372E+06 0.1378E+03  6.862 0.0000 0.2756E-31 0.1000E+01
3240 0.1250E+02 0.3251E+03 0.9375E-07 0.6712E+01 0.2356E+06 0.1381E+03  6.849 0.0000 0.2755E-31 0.1000E+01
3240 0.1250E+02 0.3251E+03 0.9375E-07 0.6712E+01 0.2356E+06 0.1381E+03  6.849 0.0000 0.2755E-31 0.1000E+01
3245 0.1300E+02 0.3214E+03 0.8946E-07 0.6707E+01 0.2341E+06 0.1384E+03  6.837 0.0000 0.2755E-31 0.1000E+01
3245 0.1300E+02 0.3214E+03 0.8946E-07 0.6707E+01 0.2341E+06 0.1384E+03  6.837 0.0000 0.2755E-31 0.1000E+01
3250 0.1350E+02 0.3180E+03 0.8552E-07 0.6703E+01 0.2327E+06 0.1386E+03  6.825 0.0000 0.2755E-31 0.1000E+01
3250 0.1350E+02 0.3180E+03 0.8552E-07 0.6703E+01 0.2327E+06 0.1386E+03  6.825 0.0000 0.2755E-31 0.1000E+01
3254 0.1400E+02 0.3146E+03 0.8186E-07 0.6699E+01 0.2313E+06 0.1389E+03  6.813 0.0000 0.2755E-31 0.1000E+01
3255 0.1413E+02 0.3138E+03 0.8097E-07 0.6698E+01 0.2310E+06 0.1389E+03  6.811 0.0000 0.2755E-31 0.1000E+01
3258 0.1450E+02 0.3114E+03 0.7851E-07 0.6695E+01 0.2300E+06 0.1391E+03  6.803 0.0000 0.2755E-31 0.1000E+01
3260 0.1477E+02 0.3098E+03 0.7680E-07 0.6692E+01 0.2293E+06 0.1393E+03  6.797 0.0000 0.2755E-31 0.1000E+01
3262 0.1500E+02 0.3084E+03 0.7539E-07 0.6691E+01 0.2288E+06 0.1394E+03  6.792 0.0000 0.2755E-31 0.1000E+01
3265 0.1542E+02 0.3059E+03 0.7294E-07 0.6687E+01 0.2277E+06 0.1395E+03  6.783 0.0000 0.2755E-31 0.1000E+01
3266 0.1550E+02 0.3054E+03 0.7249E-07 0.6687E+01 0.2276E+06 0.1396E+03  6.782 0.0000 0.2755E-31 0.1000E+01
3270 0.1600E+02 0.3027E+03 0.6979E-07 0.6683E+01 0.2264E+06 0.1398E+03  6.772 0.0000 0.2755E-31 0.1000E+01
3270 0.1600E+02 0.3027E+03 0.6979E-07 0.6683E+01 0.2264E+06 0.1398E+03  6.772 0.0000 0.2755E-31 0.1000E+01
3274 0.1650E+02 0.3000E+03 0.6727E-07 0.6680E+01 0.2253E+06 0.1400E+03  6.762 0.0000 0.2755E-31 0.1000E+01
3275 0.1665E+02 0.2992E+03 0.6654E-07 0.6679E+01 0.2249E+06 0.1401E+03  6.759 0.0000 0.2755E-31 0.1000E+01
3278 0.1700E+02 0.2974E+03 0.6491E-07 0.6676E+01 0.2242E+06 0.1402E+03  6.753 0.0000 0.2754E-31 0.1000E+01
3280 0.1731E+02 0.2958E+03 0.6351E-07 0.6674E+01 0.2235E+06 0.1403E+03  6.747 0.0000 0.2754E-31 0.1000E+01
3282 0.1750E+02 0.2949E+03 0.6271E-07 0.6673E+01 0.2231E+06 0.1404E+03  6.744 0.0000 0.2754E-31 0.1000E+01
3285 0.1799E+02 0.2925E+03 0.6067E-07 0.6670E+01 0.2221E+06 0.1406E+03  6.735 0.0000 0.2754E-31 0.1000E+01
3286 0.1800E+02 0.2925E+03 0.6063E-07 0.6670E+01 0.2221E+06 0.1406E+03  6.735 0.0000 0.2754E-31 0.1000E+01
3289 0.1850E+02 0.2901E+03 0.5867E-07 0.6667E+01 0.2211E+06 0.1408E+03  6.726 0.0000 0.2754E-31 0.1000E+01
3290 0.1867E+02 0.2894E+03 0.5802E-07 0.6666E+01 0.2208E+06 0.1408E+03  6.724 0.0000 0.2754E-31 0.1000E+01
3292 0.1900E+02 0.2879E+03 0.5683E-07 0.6664E+01 0.2202E+06 0.1409E+03  6.718 0.0000 0.2754E-31 0.1000E+01
3295 0.1950E+02 0.2858E+03 0.5511E-07 0.6661E+01 0.2193E+06 0.1411E+03  6.710 0.0000 0.2754E-31 0.1000E+01
3295 0.1950E+02 0.2858E+03 0.5511E-07 0.6661E+01 0.2193E+06 0.1411E+03  6.710 0.0000 0.2754E-31 0.1000E+01
3298 0.2000E+02 0.2837E+03 0.5348E-07 0.6658E+01 0.2184E+06 0.1413E+03  6.702 0.0000 0.2754E-31 0.1000E+01
