 $INPUT
 IMODEL	=             1
 N	=           120
 MINSTP	=             0
 VEOS	=  1.000000000000000
 ILOOP	=             1
 STATIC	=   F
 FRACT	=  3.0000000000000001E-03
 SHINE	=  0.3000000000000000
 SHAVE	=  9.9999999999999995E-08
 POUT	=  5000000.000000000
 AMETH	=             2
 CMETH	=             1
 NOBOND	=             1
 TBEG	=  5.0000000000000004E-06
 TIMEF	=  20.00000000000000
 DTIMEO	=  5.0000000000000003E-02
 STEPO	=  0.5000000000000000
 LCORR	=   T
 LSTART	=   F
 MAXSTP	=         10000
 SPK	=  16.60000000000000
 STARL	=  0.0000000000000000E+00
 DIST	=  5.200000000000000
 ALB	=  0.3500000000000000
 TEFFS	=  5770.000000000000
 LCONV	=   T
 LTRANS	=   T
 LPOUT	=   F
 LFILL	=   F
 LCONT	=   T
 LBURN	=   T
 MAG	=  'O '
 GAM	=  '7X'
 MASS	=  79.56800000000000
 YHEA	=  0.2500000000000000
 YDI	=  2.0000000000000002E-05
 HB	=  1.000000000000000
 $end
 
 
 Gam,Mass,Yhe,Ydi,Dist,starl,alb=  7X  79.568   0.250 0.200E-04 0.520E+01 0.000E+00 0.350E+00
  I  Time(Gyrs) Teff        Lumin      Rad(Gcm)  Tc         Rhoc       S      Ratio  Yd         Yl


   5 0.6909E-06 0.3293E+04 0.1955E+00 0.9447E+02 0.2768E+06 0.1783E+00 16.586 0.0000 0.2000E-04 0.1000E+01
  10 0.1583E-05 0.3288E+04 0.1905E+00 0.9352E+02 0.2791E+06 0.1827E+00 16.565 0.0000 0.2000E-04 0.1000E+01
  15 0.2509E-05 0.3283E+04 0.1855E+00 0.9259E+02 0.2814E+06 0.1873E+00 16.545 0.0000 0.2000E-04 0.1000E+01
  20 0.3471E-05 0.3278E+04 0.1807E+00 0.9166E+02 0.2838E+06 0.1920E+00 16.525 0.0000 0.2000E-04 0.1000E+01
  25 0.4470E-05 0.3272E+04 0.1759E+00 0.9075E+02 0.2861E+06 0.1968E+00 16.504 0.0000 0.2000E-04 0.1000E+01
  28 0.0000E+00 0.3270E+04 0.1734E+00 0.9028E+02 0.2873E+06 0.1993E+00 16.494 0.0000 0.2000E-04 0.1000E+01
  30 0.4171E-06 0.3267E+04 0.1716E+00 0.8992E+02 0.2882E+06 0.2013E+00 16.485 0.0000 0.2000E-04 0.1000E+01
  35 0.1488E-05 0.3262E+04 0.1671E+00 0.8902E+02 0.2906E+06 0.2063E+00 16.465 0.0000 0.2000E-04 0.1000E+01
  40 0.2600E-05 0.3256E+04 0.1626E+00 0.8813E+02 0.2929E+06 0.2114E+00 16.444 0.0000 0.2000E-04 0.1000E+01
  45 0.3756E-05 0.3250E+04 0.1582E+00 0.8725E+02 0.2953E+06 0.2167E+00 16.423 0.0000 0.2000E-04 0.1000E+01
  50 0.4957E-05 0.3243E+04 0.1538E+00 0.8638E+02 0.2977E+06 0.2221E+00 16.403 0.0000 0.2000E-04 0.1000E+01
  55 0.6205E-05 0.3237E+04 0.1495E+00 0.8552E+02 0.3001E+06 0.2277E+00 16.382 0.0000 0.2000E-04 0.1000E+01
  60 0.7501E-05 0.3230E+04 0.1453E+00 0.8467E+02 0.3025E+06 0.2333E+00 16.361 0.0000 0.2000E-04 0.1000E+01
  65 0.8848E-05 0.3223E+04 0.1413E+00 0.8383E+02 0.3050E+06 0.2392E+00 16.340 0.0000 0.2000E-04 0.1000E+01
  70 0.1025E-04 0.3216E+04 0.1373E+00 0.8300E+02 0.3074E+06 0.2451E+00 16.320 0.0000 0.2000E-04 0.1000E+01
  75 0.1170E-04 0.3209E+04 0.1334E+00 0.8218E+02 0.3099E+06 0.2512E+00 16.299 0.0000 0.2000E-04 0.1000E+01
  80 0.1322E-04 0.3202E+04 0.1295E+00 0.8136E+02 0.3123E+06 0.2575E+00 16.278 0.0000 0.2000E-04 0.1000E+01
  85 0.1479E-04 0.3194E+04 0.1257E+00 0.8056E+02 0.3148E+06 0.2639E+00 16.257 0.0000 0.2000E-04 0.1000E+01
  90 0.1643E-04 0.3186E+04 0.1221E+00 0.7976E+02 0.3172E+06 0.2704E+00 16.236 0.0000 0.2000E-04 0.1000E+01
  95 0.1813E-04 0.3178E+04 0.1185E+00 0.7897E+02 0.3197E+06 0.2771E+00 16.215 0.0000 0.2000E-04 0.1000E+01
 100 0.1991E-04 0.3168E+04 0.1147E+00 0.7819E+02 0.3222E+06 0.2840E+00 16.194 0.0000 0.2000E-04 0.1000E+01
 105 0.2177E-04 0.3156E+04 0.1108E+00 0.7742E+02 0.3247E+06 0.2910E+00 16.172 0.0000 0.2000E-04 0.1000E+01
 110 0.2371E-04 0.3145E+04 0.1070E+00 0.7665E+02 0.3272E+06 0.2982E+00 16.151 0.0000 0.2000E-04 0.1000E+01
 115 0.2575E-04 0.3134E+04 0.1034E+00 0.7590E+02 0.3296E+06 0.3056E+00 16.130 0.0000 0.2000E-04 0.1000E+01
 120 0.2788E-04 0.3122E+04 0.9990E-01 0.7515E+02 0.3321E+06 0.3132E+00 16.109 0.0000 0.2000E-04 0.1000E+01
 125 0.3010E-04 0.3111E+04 0.9653E-01 0.7441E+02 0.3346E+06 0.3209E+00 16.087 0.0000 0.2000E-04 0.1000E+01
 130 0.3243E-04 0.3100E+04 0.9331E-01 0.7368E+02 0.3371E+06 0.3288E+00 16.066 0.0000 0.2000E-04 0.1000E+01
 135 0.3486E-04 0.3089E+04 0.9024E-01 0.7295E+02 0.3396E+06 0.3369E+00 16.044 0.0000 0.2000E-04 0.1000E+01
 140 0.3740E-04 0.3079E+04 0.8730E-01 0.7224E+02 0.3421E+06 0.3452E+00 16.023 0.0000 0.2000E-04 0.1000E+01
 145 0.4005E-04 0.3069E+04 0.8449E-01 0.7153E+02 0.3446E+06 0.3537E+00 16.001 0.0000 0.2000E-04 0.1000E+01
 150 0.4282E-04 0.3059E+04 0.8179E-01 0.7082E+02 0.3472E+06 0.3625E+00 15.979 0.0000 0.2000E-04 0.1000E+01
 155 0.4572E-04 0.3049E+04 0.7916E-01 0.7013E+02 0.3497E+06 0.3714E+00 15.958 0.0000 0.2000E-04 0.1000E+01
 160 0.4875E-04 0.3039E+04 0.7658E-01 0.6944E+02 0.3523E+06 0.3806E+00 15.936 0.0000 0.2000E-04 0.1000E+01
 165 0.5190E-04 0.3029E+04 0.7412E-01 0.6876E+02 0.3549E+06 0.3900E+00 15.914 0.0000 0.2000E-04 0.1000E+01
 170 0.5521E-04 0.3016E+04 0.7145E-01 0.6808E+02 0.3575E+06 0.3997E+00 15.892 0.0000 0.2000E-04 0.1000E+01
 175 0.5867E-04 0.3004E+04 0.6896E-01 0.6741E+02 0.3601E+06 0.4096E+00 15.870 0.0000 0.2000E-04 0.1000E+01
 180 0.6230E-04 0.2993E+04 0.6661E-01 0.6675E+02 0.3627E+06 0.4198E+00 15.848 0.0000 0.2000E-04 0.1000E+01
 185 0.6608E-04 0.2982E+04 0.6438E-01 0.6610E+02 0.3653E+06 0.4301E+00 15.826 0.0000 0.2000E-04 0.1000E+01
 190 0.7002E-04 0.2972E+04 0.6226E-01 0.6546E+02 0.3680E+06 0.4408E+00 15.803 0.0000 0.2000E-04 0.1000E+01
 195 0.7413E-04 0.2962E+04 0.6026E-01 0.6482E+02 0.3706E+06 0.4516E+00 15.781 0.0000 0.2000E-04 0.1000E+01
 200 0.7841E-04 0.2952E+04 0.5827E-01 0.6419E+02 0.3733E+06 0.4628E+00 15.759 0.0000 0.2000E-04 0.1000E+01
 205 0.8288E-04 0.2942E+04 0.5640E-01 0.6357E+02 0.3760E+06 0.4742E+00 15.737 0.0000 0.2000E-04 0.1000E+01
 210 0.8752E-04 0.2933E+04 0.5464E-01 0.6296E+02 0.3787E+06 0.4858E+00 15.715 0.0000 0.2000E-04 0.1000E+01
 215 0.9235E-04 0.2925E+04 0.5297E-01 0.6235E+02 0.3814E+06 0.4977E+00 15.693 0.0000 0.2000E-04 0.1000E+01
 220 0.9737E-04 0.2917E+04 0.5140E-01 0.6175E+02 0.3842E+06 0.5099E+00 15.670 0.0000 0.2000E-04 0.1000E+01
 225 0.1026E-03 0.2909E+04 0.4991E-01 0.6116E+02 0.3869E+06 0.5224E+00 15.648 0.0000 0.2000E-04 0.1000E+01
 230 0.1080E-03 0.2902E+04 0.4849E-01 0.6058E+02 0.3897E+06 0.5352E+00 15.626 0.0001 0.2000E-04 0.1000E+01
 235 0.1136E-03 0.2896E+04 0.4715E-01 0.6000E+02 0.3925E+06 0.5483E+00 15.604 0.0001 0.2000E-04 0.1000E+01
 240 0.1194E-03 0.2890E+04 0.4586E-01 0.5943E+02 0.3953E+06 0.5617E+00 15.581 0.0001 0.2000E-04 0.1000E+01
 245 0.1254E-03 0.2884E+04 0.4463E-01 0.5887E+02 0.3981E+06 0.5754E+00 15.559 0.0001 0.2000E-04 0.1000E+01
 250 0.1316E-03 0.2878E+04 0.4342E-01 0.5831E+02 0.4009E+06 0.5895E+00 15.537 0.0001 0.2000E-04 0.1000E+01
 255 0.1380E-03 0.2872E+04 0.4225E-01 0.5776E+02 0.4038E+06 0.6038E+00 15.515 0.0001 0.2000E-04 0.1000E+01
 260 0.1447E-03 0.2866E+04 0.4115E-01 0.5722E+02 0.4067E+06 0.6185E+00 15.492 0.0001 0.2000E-04 0.1000E+01
 265 0.1516E-03 0.2861E+04 0.4009E-01 0.5669E+02 0.4096E+06 0.6336E+00 15.470 0.0002 0.2000E-04 0.1000E+01
 270 0.1587E-03 0.2856E+04 0.3909E-01 0.5616E+02 0.4125E+06 0.6490E+00 15.448 0.0002 0.2000E-04 0.1000E+01
 275 0.1660E-03 0.2852E+04 0.3812E-01 0.5563E+02 0.4155E+06 0.6648E+00 15.426 0.0002 0.2000E-04 0.1000E+01
 280 0.1736E-03 0.2848E+04 0.3720E-01 0.5511E+02 0.4184E+06 0.6809E+00 15.403 0.0003 0.2000E-04 0.1000E+01
 285 0.1815E-03 0.2844E+04 0.3632E-01 0.5460E+02 0.4214E+06 0.6975E+00 15.381 0.0003 0.2000E-04 0.1000E+01
 290 0.1895E-03 0.2840E+04 0.3547E-01 0.5409E+02 0.4245E+06 0.7145E+00 15.359 0.0004 0.2000E-04 0.1000E+01
 295 0.1979E-03 0.2837E+04 0.3466E-01 0.5359E+02 0.4275E+06 0.7318E+00 15.336 0.0005 0.2000E-04 0.1000E+01
 300 0.2065E-03 0.2834E+04 0.3386E-01 0.5310E+02 0.4305E+06 0.7494E+00 15.314 0.0005 0.2000E-04 0.1000E+01
 305 0.2153E-03 0.2831E+04 0.3311E-01 0.5262E+02 0.4336E+06 0.7675E+00 15.292 0.0006 0.2000E-04 0.1000E+01
 310 0.2244E-03 0.2829E+04 0.3245E-01 0.5215E+02 0.4365E+06 0.7855E+00 15.270 0.0007 0.2000E-04 0.1000E+01
 315 0.2338E-03 0.2827E+04 0.3177E-01 0.5167E+02 0.4397E+06 0.8047E+00 15.248 0.0008 0.2000E-04 0.1000E+01
 320 0.2434E-03 0.2825E+04 0.3110E-01 0.5119E+02 0.4428E+06 0.8242E+00 15.226 0.0010 0.2000E-04 0.1000E+01
 325 0.2534E-03 0.2824E+04 0.3046E-01 0.5073E+02 0.4460E+06 0.8443E+00 15.203 0.0012 0.2000E-04 0.1000E+01
 330 0.2636E-03 0.2822E+04 0.2983E-01 0.5026E+02 0.4492E+06 0.8649E+00 15.181 0.0013 0.2000E-04 0.1000E+01
 335 0.2741E-03 0.2820E+04 0.2923E-01 0.4980E+02 0.4524E+06 0.8859E+00 15.158 0.0016 0.2000E-04 0.1000E+01
 340 0.2849E-03 0.2819E+04 0.2864E-01 0.4935E+02 0.4557E+06 0.9075E+00 15.136 0.0018 0.2000E-04 0.1000E+01
 345 0.2961E-03 0.2818E+04 0.2807E-01 0.4890E+02 0.4590E+06 0.9297E+00 15.113 0.0021 0.2000E-04 0.1000E+01
 350 0.3075E-03 0.2817E+04 0.2753E-01 0.4845E+02 0.4623E+06 0.9523E+00 15.091 0.0025 0.2000E-04 0.1000E+01
 355 0.3193E-03 0.2816E+04 0.2699E-01 0.4801E+02 0.4657E+06 0.9756E+00 15.068 0.0029 0.2000E-04 0.1000E+01
 360 0.3314E-03 0.2815E+04 0.2647E-01 0.4757E+02 0.4691E+06 0.9995E+00 15.046 0.0034 0.2000E-04 0.1000E+01
 365 0.3439E-03 0.2815E+04 0.2597E-01 0.4714E+02 0.4725E+06 0.1024E+01 15.023 0.0040 0.2000E-04 0.1000E+01
 370 0.3567E-03 0.2814E+04 0.2548E-01 0.4671E+02 0.4760E+06 0.1049E+01 15.000 0.0046 0.2000E-04 0.1000E+01
 375 0.3698E-03 0.2814E+04 0.2501E-01 0.4629E+02 0.4795E+06 0.1075E+01 14.978 0.0054 0.2000E-04 0.1000E+01
 380 0.3834E-03 0.2813E+04 0.2455E-01 0.4587E+02 0.4830E+06 0.1101E+01 14.955 0.0063 0.2000E-04 0.1000E+01
 385 0.3973E-03 0.2814E+04 0.2412E-01 0.4545E+02 0.4866E+06 0.1129E+01 14.932 0.0073 0.2000E-04 0.1000E+01
 390 0.4116E-03 0.2815E+04 0.2371E-01 0.4504E+02 0.4902E+06 0.1157E+01 14.909 0.0085 0.1999E-04 0.1000E+01
 395 0.4263E-03 0.2815E+04 0.2330E-01 0.4463E+02 0.4939E+06 0.1185E+01 14.886 0.0099 0.1999E-04 0.1000E+01
 400 0.4415E-03 0.2816E+04 0.2291E-01 0.4422E+02 0.4976E+06 0.1215E+01 14.864 0.0115 0.1999E-04 0.1000E+01
 405 0.4570E-03 0.2817E+04 0.2252E-01 0.4382E+02 0.5014E+06 0.1245E+01 14.841 0.0134 0.1999E-04 0.1000E+01
 410 0.4730E-03 0.2818E+04 0.2214E-01 0.4343E+02 0.5051E+06 0.1276E+01 14.818 0.0156 0.1999E-04 0.1000E+01
 415 0.4895E-03 0.2819E+04 0.2176E-01 0.4303E+02 0.5089E+06 0.1308E+01 14.795 0.0182 0.1999E-04 0.1000E+01
 420 0.5065E-03 0.2819E+04 0.2140E-01 0.4264E+02 0.5128E+06 0.1341E+01 14.772 0.0212 0.1999E-04 0.1000E+01
 425 0.5239E-03 0.2820E+04 0.2104E-01 0.4225E+02 0.5167E+06 0.1374E+01 14.748 0.0247 0.1998E-04 0.1000E+01
 430 0.5419E-03 0.2821E+04 0.2069E-01 0.4187E+02 0.5206E+06 0.1409E+01 14.725 0.0288 0.1998E-04 0.1000E+01
 435 0.5605E-03 0.2823E+04 0.2034E-01 0.4148E+02 0.5246E+06 0.1444E+01 14.702 0.0335 0.1998E-04 0.1000E+01
 440 0.5796E-03 0.2824E+04 0.2001E-01 0.4111E+02 0.5286E+06 0.1481E+01 14.679 0.0391 0.1997E-04 0.1000E+01
 445 0.5994E-03 0.2825E+04 0.1967E-01 0.4073E+02 0.5326E+06 0.1518E+01 14.655 0.0455 0.1997E-04 0.1000E+01
 450 0.6199E-03 0.2826E+04 0.1935E-01 0.4036E+02 0.5367E+06 0.1557E+01 14.632 0.0530 0.1996E-04 0.1000E+01
 455 0.6411E-03 0.2827E+04 0.1903E-01 0.3999E+02 0.5408E+06 0.1596E+01 14.609 0.0617 0.1996E-04 0.1000E+01
 460 0.6630E-03 0.2829E+04 0.1872E-01 0.3963E+02 0.5450E+06 0.1637E+01 14.585 0.0719 0.1995E-04 0.1000E+01
 465 0.6859E-03 0.2830E+04 0.1842E-01 0.3926E+02 0.5492E+06 0.1679E+01 14.562 0.0838 0.1994E-04 0.1000E+01
 470 0.7096E-03 0.2831E+04 0.1811E-01 0.3890E+02 0.5535E+06 0.1722E+01 14.538 0.0976 0.1993E-04 0.1000E+01
 475 0.7345E-03 0.2833E+04 0.1782E-01 0.3855E+02 0.5578E+06 0.1766E+01 14.514 0.1136 0.1991E-04 0.1000E+01
 480 0.7604E-03 0.2834E+04 0.1753E-01 0.3819E+02 0.5621E+06 0.1811E+01 14.491 0.1323 0.1990E-04 0.1000E+01
 485 0.7878E-03 0.2836E+04 0.1725E-01 0.3784E+02 0.5665E+06 0.1858E+01 14.467 0.1540 0.1988E-04 0.1000E+01
 490 0.8166E-03 0.2837E+04 0.1697E-01 0.3750E+02 0.5709E+06 0.1906E+01 14.443 0.1792 0.1986E-04 0.1000E+01
 495 0.8471E-03 0.2839E+04 0.1669E-01 0.3715E+02 0.5753E+06 0.1955E+01 14.419 0.2084 0.1983E-04 0.1000E+01
 500 0.8798E-03 0.2840E+04 0.1642E-01 0.3681E+02 0.5798E+06 0.2006E+01 14.395 0.2423 0.1979E-04 0.1000E+01
 505 0.9149E-03 0.2842E+04 0.1616E-01 0.3647E+02 0.5843E+06 0.2058E+01 14.371 0.2815 0.1975E-04 0.1000E+01
 510 0.9531E-03 0.2844E+04 0.1590E-01 0.3614E+02 0.5889E+06 0.2111E+01 14.347 0.3267 0.1970E-04 0.1000E+01
 515 0.9952E-03 0.2845E+04 0.1565E-01 0.3581E+02 0.5934E+06 0.2166E+01 14.323 0.3788 0.1963E-04 0.1000E+01
 520 0.1042E-02 0.2847E+04 0.1540E-01 0.3548E+02 0.5980E+06 0.2222E+01 14.299 0.4385 0.1954E-04 0.1000E+01
 525 0.1097E-02 0.2848E+04 0.1515E-01 0.3515E+02 0.6026E+06 0.2279E+01 14.275 0.5066 0.1943E-04 0.1000E+01
 530 0.1161E-02 0.2850E+04 0.1491E-01 0.3483E+02 0.6072E+06 0.2338E+01 14.251 0.5837 0.1928E-04 0.1000E+01
 535 0.1242E-02 0.2852E+04 0.1468E-01 0.3452E+02 0.6118E+06 0.2398E+01 14.227 0.6694 0.1907E-04 0.1000E+01
 540 0.1337E-02 0.2854E+04 0.1447E-01 0.3424E+02 0.6159E+06 0.2454E+01 14.206 0.7525 0.1878E-04 0.1000E+01
 545 0.1424E-02 0.2855E+04 0.1434E-01 0.3405E+02 0.6188E+06 0.2492E+01 14.191 0.8108 0.1850E-04 0.1000E+01
 550 0.1506E-02 0.2856E+04 0.1424E-01 0.3391E+02 0.6208E+06 0.2520E+01 14.181 0.8514 0.1823E-04 0.1000E+01
 555 0.1583E-02 0.2856E+04 0.1416E-01 0.3381E+02 0.6224E+06 0.2541E+01 14.173 0.8800 0.1795E-04 0.1000E+01
 560 0.1658E-02 0.2857E+04 0.1411E-01 0.3373E+02 0.6236E+06 0.2558E+01 14.167 0.9001 0.1769E-04 0.1000E+01
 565 0.1730E-02 0.2857E+04 0.1406E-01 0.3367E+02 0.6246E+06 0.2572E+01 14.162 0.9143 0.1742E-04 0.1000E+01
 570 0.1801E-02 0.2857E+04 0.1402E-01 0.3361E+02 0.6254E+06 0.2584E+01 14.157 0.9244 0.1716E-04 0.1000E+01
 575 0.1869E-02 0.2858E+04 0.1399E-01 0.3356E+02 0.6261E+06 0.2594E+01 14.154 0.9315 0.1691E-04 0.1000E+01
 580 0.1937E-02 0.2858E+04 0.1396E-01 0.3352E+02 0.6268E+06 0.2603E+01 14.150 0.9365 0.1665E-04 0.1000E+01
 585 0.2003E-02 0.2858E+04 0.1393E-01 0.3348E+02 0.6274E+06 0.2611E+01 14.147 0.9399 0.1640E-04 0.1000E+01
 590 0.2069E-02 0.2858E+04 0.1390E-01 0.3345E+02 0.6280E+06 0.2619E+01 14.144 0.9423 0.1616E-04 0.1000E+01
 595 0.2133E-02 0.2858E+04 0.1388E-01 0.3341E+02 0.6285E+06 0.2627E+01 14.142 0.9438 0.1592E-04 0.1000E+01
 600 0.2197E-02 0.2859E+04 0.1385E-01 0.3338E+02 0.6290E+06 0.2634E+01 14.139 0.9447 0.1568E-04 0.1000E+01
 605 0.2259E-02 0.2859E+04 0.1383E-01 0.3334E+02 0.6295E+06 0.2642E+01 14.136 0.9452 0.1545E-04 0.1000E+01
 610 0.2321E-02 0.2859E+04 0.1381E-01 0.3331E+02 0.6300E+06 0.2649E+01 14.134 0.9454 0.1522E-04 0.1000E+01
 615 0.2382E-02 0.2859E+04 0.1379E-01 0.3328E+02 0.6305E+06 0.2656E+01 14.131 0.9454 0.1499E-04 0.1000E+01
 620 0.2442E-02 0.2859E+04 0.1377E-01 0.3325E+02 0.6310E+06 0.2662E+01 14.129 0.9451 0.1477E-04 0.1000E+01
 625 0.2501E-02 0.2860E+04 0.1374E-01 0.3322E+02 0.6315E+06 0.2669E+01 14.127 0.9447 0.1455E-04 0.1000E+01
 630 0.2559E-02 0.2860E+04 0.1372E-01 0.3319E+02 0.6319E+06 0.2676E+01 14.124 0.9442 0.1433E-04 0.1000E+01
 635 0.2617E-02 0.2860E+04 0.1370E-01 0.3316E+02 0.6324E+06 0.2683E+01 14.122 0.9437 0.1412E-04 0.1000E+01
 640 0.2674E-02 0.2860E+04 0.1368E-01 0.3313E+02 0.6329E+06 0.2689E+01 14.119 0.9430 0.1391E-04 0.1000E+01
 645 0.2730E-02 0.2860E+04 0.1366E-01 0.3310E+02 0.6334E+06 0.2696E+01 14.117 0.9423 0.1370E-04 0.1000E+01
 650 0.2786E-02 0.2860E+04 0.1364E-01 0.3307E+02 0.6338E+06 0.2703E+01 14.115 0.9416 0.1349E-04 0.1000E+01
 655 0.2841E-02 0.2861E+04 0.1362E-01 0.3304E+02 0.6343E+06 0.2710E+01 14.112 0.9408 0.1329E-04 0.1000E+01
 660 0.2895E-02 0.2861E+04 0.1360E-01 0.3301E+02 0.6348E+06 0.2716E+01 14.110 0.9400 0.1310E-04 0.1000E+01
 665 0.2948E-02 0.2861E+04 0.1358E-01 0.3299E+02 0.6352E+06 0.2723E+01 14.108 0.9392 0.1290E-04 0.1000E+01
 670 0.3000E-02 0.2861E+04 0.1356E-01 0.3296E+02 0.6357E+06 0.2730E+01 14.105 0.9383 0.1271E-04 0.1000E+01
 670 0.3000E-02 0.2861E+04 0.1356E-01 0.3296E+02 0.6357E+06 0.2730E+01 14.105 0.9383 0.1271E-04 0.1000E+01
 675 0.3052E-02 0.2861E+04 0.1353E-01 0.3293E+02 0.6361E+06 0.2736E+01 14.103 0.9375 0.1252E-04 0.1000E+01
 680 0.3104E-02 0.2861E+04 0.1351E-01 0.3290E+02 0.6366E+06 0.2743E+01 14.101 0.9366 0.1234E-04 0.1000E+01
 685 0.3155E-02 0.2862E+04 0.1349E-01 0.3287E+02 0.6371E+06 0.2750E+01 14.098 0.9357 0.1215E-04 0.1000E+01
 690 0.3205E-02 0.2862E+04 0.1347E-01 0.3284E+02 0.6375E+06 0.2757E+01 14.096 0.9348 0.1197E-04 0.1000E+01
 695 0.3255E-02 0.2862E+04 0.1345E-01 0.3281E+02 0.6380E+06 0.2764E+01 14.094 0.9338 0.1179E-04 0.1000E+01
 700 0.3304E-02 0.2862E+04 0.1343E-01 0.3278E+02 0.6384E+06 0.2770E+01 14.091 0.9329 0.1162E-04 0.1000E+01
 705 0.3352E-02 0.2862E+04 0.1341E-01 0.3276E+02 0.6389E+06 0.2777E+01 14.089 0.9319 0.1144E-04 0.1000E+01
 710 0.3400E-02 0.2862E+04 0.1339E-01 0.3273E+02 0.6394E+06 0.2784E+01 14.087 0.9310 0.1127E-04 0.1000E+01
 715 0.3447E-02 0.2863E+04 0.1337E-01 0.3270E+02 0.6398E+06 0.2791E+01 14.084 0.9300 0.1111E-04 0.1000E+01
 720 0.3494E-02 0.2863E+04 0.1335E-01 0.3267E+02 0.6403E+06 0.2798E+01 14.082 0.9290 0.1094E-04 0.1000E+01
 725 0.3540E-02 0.2863E+04 0.1333E-01 0.3264E+02 0.6408E+06 0.2805E+01 14.080 0.9280 0.1078E-04 0.1000E+01
 730 0.3585E-02 0.2863E+04 0.1331E-01 0.3261E+02 0.6412E+06 0.2811E+01 14.078 0.9269 0.1062E-04 0.1000E+01
 735 0.3630E-02 0.2863E+04 0.1329E-01 0.3258E+02 0.6417E+06 0.2818E+01 14.075 0.9259 0.1046E-04 0.1000E+01
 740 0.3674E-02 0.2864E+04 0.1327E-01 0.3256E+02 0.6421E+06 0.2825E+01 14.073 0.9248 0.1030E-04 0.1000E+01
 745 0.3718E-02 0.2864E+04 0.1325E-01 0.3253E+02 0.6426E+06 0.2832E+01 14.071 0.9238 0.1015E-04 0.1000E+01
 750 0.3762E-02 0.2864E+04 0.1323E-01 0.3250E+02 0.6431E+06 0.2839E+01 14.068 0.9227 0.9997E-05 0.1000E+01
 755 0.3804E-02 0.2864E+04 0.1321E-01 0.3247E+02 0.6435E+06 0.2846E+01 14.066 0.9216 0.9848E-05 0.1000E+01
 760 0.3847E-02 0.2864E+04 0.1319E-01 0.3244E+02 0.6440E+06 0.2853E+01 14.064 0.9205 0.9702E-05 0.1000E+01
 765 0.3888E-02 0.2864E+04 0.1317E-01 0.3241E+02 0.6445E+06 0.2860E+01 14.061 0.9194 0.9557E-05 0.1000E+01
 770 0.3929E-02 0.2865E+04 0.1315E-01 0.3239E+02 0.6449E+06 0.2867E+01 14.059 0.9182 0.9414E-05 0.1000E+01
 775 0.3970E-02 0.2865E+04 0.1313E-01 0.3236E+02 0.6454E+06 0.2874E+01 14.057 0.9171 0.9274E-05 0.1000E+01
 780 0.4010E-02 0.2865E+04 0.1311E-01 0.3233E+02 0.6458E+06 0.2881E+01 14.055 0.9159 0.9136E-05 0.1000E+01
 785 0.4050E-02 0.2865E+04 0.1309E-01 0.3230E+02 0.6463E+06 0.2888E+01 14.052 0.9148 0.9000E-05 0.1000E+01
 790 0.4089E-02 0.2865E+04 0.1307E-01 0.3227E+02 0.6468E+06 0.2895E+01 14.050 0.9136 0.8866E-05 0.1000E+01
 795 0.4128E-02 0.2865E+04 0.1305E-01 0.3225E+02 0.6472E+06 0.2902E+01 14.048 0.9124 0.8733E-05 0.1000E+01
 800 0.4166E-02 0.2866E+04 0.1304E-01 0.3222E+02 0.6477E+06 0.2909E+01 14.045 0.9112 0.8603E-05 0.1000E+01
 805 0.4204E-02 0.2866E+04 0.1302E-01 0.3219E+02 0.6481E+06 0.2916E+01 14.043 0.9100 0.8475E-05 0.1000E+01
 810 0.4242E-02 0.2866E+04 0.1300E-01 0.3216E+02 0.6486E+06 0.2923E+01 14.041 0.9087 0.8349E-05 0.1000E+01
 815 0.4279E-02 0.2866E+04 0.1298E-01 0.3214E+02 0.6491E+06 0.2930E+01 14.039 0.9075 0.8224E-05 0.1000E+01
 820 0.4315E-02 0.2866E+04 0.1296E-01 0.3211E+02 0.6495E+06 0.2937E+01 14.036 0.9062 0.8102E-05 0.1000E+01
 825 0.4351E-02 0.2866E+04 0.1294E-01 0.3208E+02 0.6500E+06 0.2944E+01 14.034 0.9049 0.7981E-05 0.1000E+01
 830 0.4387E-02 0.2866E+04 0.1292E-01 0.3205E+02 0.6504E+06 0.2951E+01 14.032 0.9036 0.7862E-05 0.1000E+01
 835 0.4422E-02 0.2867E+04 0.1290E-01 0.3203E+02 0.6509E+06 0.2958E+01 14.029 0.9023 0.7745E-05 0.1000E+01
 840 0.4457E-02 0.2867E+04 0.1288E-01 0.3200E+02 0.6513E+06 0.2966E+01 14.027 0.9010 0.7629E-05 0.1000E+01
 845 0.4491E-02 0.2867E+04 0.1286E-01 0.3197E+02 0.6518E+06 0.2973E+01 14.025 0.8997 0.7516E-05 0.1000E+01
 850 0.4525E-02 0.2867E+04 0.1284E-01 0.3195E+02 0.6523E+06 0.2980E+01 14.023 0.8983 0.7404E-05 0.1000E+01
 855 0.4558E-02 0.2867E+04 0.1282E-01 0.3192E+02 0.6527E+06 0.2987E+01 14.020 0.8970 0.7293E-05 0.1000E+01
 860 0.4591E-02 0.2867E+04 0.1281E-01 0.3189E+02 0.6532E+06 0.2994E+01 14.018 0.8956 0.7184E-05 0.1000E+01
 865 0.4624E-02 0.2868E+04 0.1279E-01 0.3186E+02 0.6536E+06 0.3001E+01 14.016 0.8942 0.7077E-05 0.1000E+01
 870 0.4656E-02 0.2868E+04 0.1277E-01 0.3184E+02 0.6541E+06 0.3008E+01 14.014 0.8928 0.6972E-05 0.1000E+01
 875 0.4688E-02 0.2868E+04 0.1275E-01 0.3181E+02 0.6545E+06 0.3016E+01 14.011 0.8914 0.6868E-05 0.1000E+01
 880 0.4720E-02 0.2868E+04 0.1273E-01 0.3178E+02 0.6550E+06 0.3023E+01 14.009 0.8899 0.6766E-05 0.1000E+01
 885 0.4751E-02 0.2868E+04 0.1271E-01 0.3176E+02 0.6555E+06 0.3030E+01 14.007 0.8885 0.6665E-05 0.1000E+01
 890 0.4782E-02 0.2868E+04 0.1269E-01 0.3173E+02 0.6559E+06 0.3037E+01 14.005 0.8870 0.6565E-05 0.1000E+01
 895 0.4812E-02 0.2869E+04 0.1267E-01 0.3170E+02 0.6564E+06 0.3044E+01 14.002 0.8855 0.6468E-05 0.1000E+01
 900 0.4843E-02 0.2869E+04 0.1266E-01 0.3168E+02 0.6568E+06 0.3052E+01 14.000 0.8840 0.6371E-05 0.1000E+01
 905 0.4872E-02 0.2869E+04 0.1264E-01 0.3165E+02 0.6573E+06 0.3059E+01 13.998 0.8825 0.6276E-05 0.1000E+01
 910 0.4902E-02 0.2869E+04 0.1262E-01 0.3162E+02 0.6577E+06 0.3066E+01 13.996 0.8810 0.6183E-05 0.1000E+01
 915 0.4931E-02 0.2869E+04 0.1260E-01 0.3160E+02 0.6582E+06 0.3073E+01 13.993 0.8794 0.6090E-05 0.1000E+01
 920 0.4959E-02 0.2869E+04 0.1258E-01 0.3157E+02 0.6586E+06 0.3081E+01 13.991 0.8779 0.6000E-05 0.1000E+01
 925 0.4988E-02 0.2869E+04 0.1256E-01 0.3154E+02 0.6591E+06 0.3088E+01 13.989 0.8763 0.5910E-05 0.1000E+01
 930 0.5016E-02 0.2870E+04 0.1255E-01 0.3152E+02 0.6595E+06 0.3095E+01 13.987 0.8747 0.5822E-05 0.1000E+01
 935 0.5044E-02 0.2870E+04 0.1253E-01 0.3149E+02 0.6600E+06 0.3102E+01 13.984 0.8731 0.5735E-05 0.1000E+01
 940 0.5071E-02 0.2870E+04 0.1251E-01 0.3147E+02 0.6605E+06 0.3110E+01 13.982 0.8715 0.5650E-05 0.1000E+01
 945 0.5098E-02 0.2870E+04 0.1249E-01 0.3144E+02 0.6609E+06 0.3117E+01 13.980 0.8698 0.5566E-05 0.1000E+01
 950 0.5125E-02 0.2870E+04 0.1247E-01 0.3141E+02 0.6614E+06 0.3124E+01 13.978 0.8682 0.5483E-05 0.1000E+01
 955 0.5151E-02 0.2870E+04 0.1245E-01 0.3139E+02 0.6618E+06 0.3131E+01 13.976 0.8665 0.5401E-05 0.1000E+01
 960 0.5177E-02 0.2871E+04 0.1244E-01 0.3136E+02 0.6623E+06 0.3139E+01 13.973 0.8648 0.5321E-05 0.1000E+01
 965 0.5203E-02 0.2871E+04 0.1242E-01 0.3134E+02 0.6627E+06 0.3146E+01 13.971 0.8631 0.5241E-05 0.1000E+01
 970 0.5229E-02 0.2871E+04 0.1240E-01 0.3131E+02 0.6632E+06 0.3153E+01 13.969 0.8614 0.5163E-05 0.1000E+01
 975 0.5254E-02 0.2871E+04 0.1238E-01 0.3128E+02 0.6636E+06 0.3161E+01 13.967 0.8597 0.5086E-05 0.1000E+01
 980 0.5279E-02 0.2871E+04 0.1237E-01 0.3126E+02 0.6641E+06 0.3168E+01 13.965 0.8580 0.5010E-05 0.1000E+01
 985 0.5304E-02 0.2871E+04 0.1235E-01 0.3123E+02 0.6645E+06 0.3176E+01 13.962 0.8565 0.4936E-05 0.1000E+01
 990 0.5328E-02 0.2871E+04 0.1233E-01 0.3121E+02 0.6650E+06 0.3183E+01 13.960 0.8549 0.4862E-05 0.1000E+01
 995 0.5352E-02 0.2871E+04 0.1231E-01 0.3118E+02 0.6654E+06 0.3190E+01 13.958 0.8531 0.4790E-05 0.1000E+01
1000 0.5376E-02 0.2872E+04 0.1229E-01 0.3116E+02 0.6659E+06 0.3198E+01 13.956 0.8513 0.4718E-05 0.1000E+01
1005 0.5399E-02 0.2872E+04 0.1227E-01 0.3113E+02 0.6663E+06 0.3205E+01 13.954 0.8494 0.4648E-05 0.1000E+01
1010 0.5423E-02 0.2872E+04 0.1226E-01 0.3111E+02 0.6668E+06 0.3212E+01 13.951 0.8475 0.4579E-05 0.1000E+01
1015 0.5446E-02 0.2872E+04 0.1224E-01 0.3108E+02 0.6672E+06 0.3220E+01 13.949 0.8456 0.4510E-05 0.1000E+01
1020 0.5469E-02 0.2872E+04 0.1222E-01 0.3105E+02 0.6676E+06 0.3227E+01 13.947 0.8437 0.4443E-05 0.1000E+01
1025 0.5491E-02 0.2872E+04 0.1220E-01 0.3103E+02 0.6681E+06 0.3234E+01 13.945 0.8418 0.4377E-05 0.1000E+01
1030 0.5513E-02 0.2872E+04 0.1219E-01 0.3100E+02 0.6685E+06 0.3242E+01 13.943 0.8399 0.4312E-05 0.1000E+01
1035 0.5535E-02 0.2873E+04 0.1217E-01 0.3098E+02 0.6690E+06 0.3249E+01 13.941 0.8380 0.4247E-05 0.1000E+01
1040 0.5557E-02 0.2873E+04 0.1215E-01 0.3095E+02 0.6694E+06 0.3256E+01 13.938 0.8360 0.4184E-05 0.1000E+01
1045 0.5579E-02 0.2873E+04 0.1214E-01 0.3093E+02 0.6699E+06 0.3264E+01 13.936 0.8341 0.4122E-05 0.1000E+01
1050 0.5600E-02 0.2873E+04 0.1212E-01 0.3091E+02 0.6703E+06 0.3271E+01 13.934 0.8321 0.4060E-05 0.1000E+01
1055 0.5621E-02 0.2873E+04 0.1210E-01 0.3088E+02 0.6708E+06 0.3279E+01 13.932 0.8301 0.4000E-05 0.1000E+01
1060 0.5642E-02 0.2873E+04 0.1208E-01 0.3086E+02 0.6712E+06 0.3286E+01 13.930 0.8281 0.3940E-05 0.1000E+01
1065 0.5662E-02 0.2873E+04 0.1207E-01 0.3083E+02 0.6716E+06 0.3293E+01 13.928 0.8260 0.3881E-05 0.1000E+01
1070 0.5683E-02 0.2873E+04 0.1205E-01 0.3081E+02 0.6721E+06 0.3301E+01 13.926 0.8240 0.3824E-05 0.1000E+01
1075 0.5703E-02 0.2874E+04 0.1203E-01 0.3078E+02 0.6725E+06 0.3308E+01 13.924 0.8219 0.3767E-05 0.1000E+01
1080 0.5723E-02 0.2874E+04 0.1202E-01 0.3076E+02 0.6730E+06 0.3316E+01 13.921 0.8199 0.3710E-05 0.1000E+01
1085 0.5742E-02 0.2874E+04 0.1200E-01 0.3073E+02 0.6734E+06 0.3323E+01 13.919 0.8178 0.3655E-05 0.1000E+01
1090 0.5762E-02 0.2874E+04 0.1198E-01 0.3071E+02 0.6738E+06 0.3330E+01 13.917 0.8157 0.3601E-05 0.1000E+01
1095 0.5781E-02 0.2874E+04 0.1197E-01 0.3069E+02 0.6743E+06 0.3338E+01 13.915 0.8136 0.3547E-05 0.1000E+01
1100 0.5800E-02 0.2874E+04 0.1195E-01 0.3066E+02 0.6747E+06 0.3345E+01 13.913 0.8115 0.3494E-05 0.1000E+01
1105 0.5819E-02 0.2874E+04 0.1193E-01 0.3064E+02 0.6751E+06 0.3353E+01 13.911 0.8093 0.3442E-05 0.1000E+01
1110 0.5837E-02 0.2875E+04 0.1192E-01 0.3061E+02 0.6756E+06 0.3360E+01 13.909 0.8072 0.3391E-05 0.1000E+01
1115 0.5856E-02 0.2875E+04 0.1190E-01 0.3059E+02 0.6760E+06 0.3368E+01 13.907 0.8050 0.3340E-05 0.1000E+01
1120 0.5874E-02 0.2875E+04 0.1188E-01 0.3057E+02 0.6764E+06 0.3375E+01 13.905 0.8028 0.3290E-05 0.1000E+01
1125 0.5892E-02 0.2875E+04 0.1187E-01 0.3054E+02 0.6769E+06 0.3382E+01 13.902 0.8006 0.3241E-05 0.1000E+01
1130 0.5910E-02 0.2875E+04 0.1185E-01 0.3052E+02 0.6773E+06 0.3390E+01 13.900 0.7984 0.3193E-05 0.1000E+01
1135 0.5928E-02 0.2875E+04 0.1183E-01 0.3049E+02 0.6777E+06 0.3397E+01 13.898 0.7962 0.3146E-05 0.1000E+01
1140 0.5945E-02 0.2875E+04 0.1182E-01 0.3047E+02 0.6782E+06 0.3405E+01 13.896 0.7939 0.3099E-05 0.1000E+01
1145 0.5962E-02 0.2875E+04 0.1180E-01 0.3045E+02 0.6786E+06 0.3412E+01 13.894 0.7916 0.3052E-05 0.1000E+01
1150 0.5979E-02 0.2876E+04 0.1179E-01 0.3042E+02 0.6790E+06 0.3420E+01 13.892 0.7894 0.3007E-05 0.1000E+01
1155 0.5996E-02 0.2876E+04 0.1177E-01 0.3040E+02 0.6795E+06 0.3427E+01 13.890 0.7871 0.2962E-05 0.1000E+01
1160 0.6013E-02 0.2876E+04 0.1175E-01 0.3038E+02 0.6799E+06 0.3435E+01 13.888 0.7848 0.2918E-05 0.1000E+01
1165 0.6029E-02 0.2876E+04 0.1174E-01 0.3035E+02 0.6803E+06 0.3442E+01 13.886 0.7824 0.2875E-05 0.1000E+01
1170 0.6046E-02 0.2876E+04 0.1172E-01 0.3033E+02 0.6807E+06 0.3449E+01 13.884 0.7801 0.2832E-05 0.1000E+01
1175 0.6062E-02 0.2876E+04 0.1171E-01 0.3031E+02 0.6812E+06 0.3457E+01 13.882 0.7777 0.2789E-05 0.1000E+01
1180 0.6078E-02 0.2876E+04 0.1169E-01 0.3028E+02 0.6816E+06 0.3464E+01 13.880 0.7754 0.2748E-05 0.1000E+01
1185 0.6094E-02 0.2876E+04 0.1167E-01 0.3026E+02 0.6820E+06 0.3472E+01 13.878 0.7730 0.2707E-05 0.1000E+01
1190 0.6110E-02 0.2876E+04 0.1166E-01 0.3024E+02 0.6825E+06 0.3479E+01 13.876 0.7706 0.2667E-05 0.1000E+01
1195 0.6125E-02 0.2877E+04 0.1164E-01 0.3022E+02 0.6829E+06 0.3487E+01 13.874 0.7682 0.2627E-05 0.1000E+01
1200 0.6140E-02 0.2877E+04 0.1163E-01 0.3019E+02 0.6833E+06 0.3494E+01 13.872 0.7658 0.2588E-05 0.1000E+01
1205 0.6156E-02 0.2877E+04 0.1161E-01 0.3017E+02 0.6837E+06 0.3502E+01 13.869 0.7634 0.2549E-05 0.1000E+01
1210 0.6171E-02 0.2877E+04 0.1159E-01 0.3015E+02 0.6841E+06 0.3509E+01 13.867 0.7609 0.2511E-05 0.1000E+01
1215 0.6186E-02 0.2877E+04 0.1158E-01 0.3012E+02 0.6846E+06 0.3517E+01 13.865 0.7584 0.2474E-05 0.1000E+01
1220 0.6200E-02 0.2877E+04 0.1156E-01 0.3010E+02 0.6850E+06 0.3524E+01 13.863 0.7559 0.2437E-05 0.1000E+01
1225 0.6215E-02 0.2877E+04 0.1155E-01 0.3008E+02 0.6854E+06 0.3531E+01 13.861 0.7535 0.2401E-05 0.1000E+01
1230 0.6229E-02 0.2877E+04 0.1153E-01 0.3006E+02 0.6858E+06 0.3539E+01 13.859 0.7510 0.2365E-05 0.1000E+01
1235 0.6243E-02 0.2877E+04 0.1152E-01 0.3004E+02 0.6862E+06 0.3546E+01 13.857 0.7485 0.2330E-05 0.1000E+01
1240 0.6258E-02 0.2878E+04 0.1150E-01 0.3001E+02 0.6867E+06 0.3554E+01 13.855 0.7459 0.2295E-05 0.1000E+01
1245 0.6272E-02 0.2878E+04 0.1149E-01 0.2999E+02 0.6871E+06 0.3561E+01 13.853 0.7434 0.2261E-05 0.1000E+01
1250 0.6285E-02 0.2878E+04 0.1147E-01 0.2997E+02 0.6875E+06 0.3569E+01 13.851 0.7408 0.2227E-05 0.1000E+01
1255 0.6299E-02 0.2878E+04 0.1146E-01 0.2995E+02 0.6879E+06 0.3576E+01 13.849 0.7383 0.2194E-05 0.1000E+01
1260 0.6313E-02 0.2878E+04 0.1144E-01 0.2993E+02 0.6883E+06 0.3584E+01 13.848 0.7357 0.2161E-05 0.1000E+01
1265 0.6326E-02 0.2878E+04 0.1143E-01 0.2990E+02 0.6887E+06 0.3591E+01 13.846 0.7331 0.2129E-05 0.1000E+01
1270 0.6339E-02 0.2878E+04 0.1141E-01 0.2988E+02 0.6891E+06 0.3598E+01 13.844 0.7305 0.2097E-05 0.1000E+01
1275 0.6353E-02 0.2878E+04 0.1140E-01 0.2986E+02 0.6896E+06 0.3606E+01 13.842 0.7279 0.2066E-05 0.1000E+01
1280 0.6366E-02 0.2878E+04 0.1138E-01 0.2984E+02 0.6900E+06 0.3613E+01 13.840 0.7252 0.2035E-05 0.1000E+01
1285 0.6378E-02 0.2878E+04 0.1137E-01 0.2982E+02 0.6904E+06 0.3621E+01 13.838 0.7226 0.2005E-05 0.1000E+01
1290 0.6391E-02 0.2878E+04 0.1135E-01 0.2979E+02 0.6908E+06 0.3628E+01 13.836 0.7199 0.1975E-05 0.1000E+01
1295 0.6404E-02 0.2879E+04 0.1134E-01 0.2977E+02 0.6912E+06 0.3635E+01 13.834 0.7173 0.1945E-05 0.1000E+01
1300 0.6416E-02 0.2879E+04 0.1132E-01 0.2975E+02 0.6916E+06 0.3643E+01 13.832 0.7146 0.1916E-05 0.1000E+01
1305 0.6429E-02 0.2879E+04 0.1131E-01 0.2973E+02 0.6920E+06 0.3650E+01 13.830 0.7119 0.1888E-05 0.1000E+01
1310 0.6441E-02 0.2879E+04 0.1129E-01 0.2971E+02 0.6924E+06 0.3658E+01 13.828 0.7092 0.1860E-05 0.1000E+01
1315 0.6453E-02 0.2879E+04 0.1128E-01 0.2969E+02 0.6928E+06 0.3665E+01 13.826 0.7065 0.1832E-05 0.1000E+01
1320 0.6465E-02 0.2879E+04 0.1126E-01 0.2967E+02 0.6932E+06 0.3672E+01 13.824 0.7038 0.1805E-05 0.1000E+01
1325 0.6477E-02 0.2879E+04 0.1125E-01 0.2965E+02 0.6936E+06 0.3680E+01 13.822 0.7010 0.1778E-05 0.1000E+01
1330 0.6489E-02 0.2879E+04 0.1123E-01 0.2963E+02 0.6940E+06 0.3687E+01 13.820 0.6983 0.1751E-05 0.1000E+01
1335 0.6501E-02 0.2879E+04 0.1122E-01 0.2960E+02 0.6944E+06 0.3695E+01 13.818 0.6955 0.1725E-05 0.1000E+01
1340 0.6512E-02 0.2879E+04 0.1120E-01 0.2958E+02 0.6948E+06 0.3702E+01 13.817 0.6927 0.1700E-05 0.1000E+01
1345 0.6524E-02 0.2879E+04 0.1119E-01 0.2956E+02 0.6952E+06 0.3709E+01 13.815 0.6900 0.1674E-05 0.1000E+01
1350 0.6535E-02 0.2880E+04 0.1117E-01 0.2954E+02 0.6956E+06 0.3717E+01 13.813 0.6872 0.1649E-05 0.1000E+01
1355 0.6546E-02 0.2880E+04 0.1116E-01 0.2952E+02 0.6960E+06 0.3724E+01 13.811 0.6844 0.1625E-05 0.1000E+01
1360 0.6557E-02 0.2880E+04 0.1115E-01 0.2950E+02 0.6964E+06 0.3731E+01 13.809 0.6815 0.1600E-05 0.1000E+01
1365 0.6568E-02 0.2880E+04 0.1113E-01 0.2948E+02 0.6968E+06 0.3739E+01 13.807 0.6787 0.1577E-05 0.1000E+01
1370 0.6579E-02 0.2880E+04 0.1112E-01 0.2946E+02 0.6972E+06 0.3746E+01 13.805 0.6759 0.1553E-05 0.1000E+01
1375 0.6590E-02 0.2880E+04 0.1110E-01 0.2944E+02 0.6976E+06 0.3753E+01 13.803 0.6731 0.1530E-05 0.1000E+01
1380 0.6601E-02 0.2880E+04 0.1109E-01 0.2942E+02 0.6980E+06 0.3761E+01 13.802 0.6702 0.1507E-05 0.1000E+01
1385 0.6611E-02 0.2880E+04 0.1108E-01 0.2940E+02 0.6984E+06 0.3768E+01 13.800 0.6674 0.1485E-05 0.1000E+01
1390 0.6622E-02 0.2880E+04 0.1106E-01 0.2938E+02 0.6988E+06 0.3775E+01 13.798 0.6645 0.1463E-05 0.1000E+01
1395 0.6632E-02 0.2880E+04 0.1105E-01 0.2936E+02 0.6992E+06 0.3783E+01 13.796 0.6617 0.1441E-05 0.1000E+01
1400 0.6642E-02 0.2880E+04 0.1103E-01 0.2934E+02 0.6996E+06 0.3790E+01 13.794 0.6588 0.1419E-05 0.1000E+01
1405 0.6653E-02 0.2880E+04 0.1102E-01 0.2932E+02 0.6999E+06 0.3797E+01 13.792 0.6559 0.1398E-05 0.1000E+01
1410 0.6663E-02 0.2880E+04 0.1101E-01 0.2930E+02 0.7003E+06 0.3805E+01 13.790 0.6530 0.1377E-05 0.1000E+01
1415 0.6673E-02 0.2881E+04 0.1099E-01 0.2928E+02 0.7007E+06 0.3812E+01 13.789 0.6501 0.1357E-05 0.1000E+01
1420 0.6683E-02 0.2881E+04 0.1098E-01 0.2926E+02 0.7011E+06 0.3819E+01 13.787 0.6471 0.1337E-05 0.1000E+01
1425 0.6693E-02 0.2881E+04 0.1097E-01 0.2924E+02 0.7015E+06 0.3827E+01 13.785 0.6442 0.1317E-05 0.1000E+01
1430 0.6702E-02 0.2881E+04 0.1095E-01 0.2922E+02 0.7019E+06 0.3834E+01 13.783 0.6413 0.1297E-05 0.1000E+01
1435 0.6712E-02 0.2881E+04 0.1094E-01 0.2920E+02 0.7023E+06 0.3841E+01 13.781 0.6384 0.1278E-05 0.1000E+01
1440 0.6721E-02 0.2881E+04 0.1093E-01 0.2918E+02 0.7026E+06 0.3848E+01 13.780 0.6354 0.1259E-05 0.1000E+01
1445 0.6731E-02 0.2881E+04 0.1091E-01 0.2916E+02 0.7030E+06 0.3856E+01 13.778 0.6325 0.1240E-05 0.1000E+01
1450 0.6740E-02 0.2881E+04 0.1090E-01 0.2914E+02 0.7034E+06 0.3863E+01 13.776 0.6295 0.1221E-05 0.1000E+01
1455 0.6750E-02 0.2881E+04 0.1089E-01 0.2913E+02 0.7038E+06 0.3870E+01 13.774 0.6266 0.1203E-05 0.1000E+01
1460 0.6759E-02 0.2881E+04 0.1087E-01 0.2911E+02 0.7042E+06 0.3877E+01 13.772 0.6236 0.1185E-05 0.1000E+01
1465 0.6768E-02 0.2881E+04 0.1086E-01 0.2909E+02 0.7045E+06 0.3884E+01 13.771 0.6206 0.1168E-05 0.1000E+01
1470 0.6777E-02 0.2881E+04 0.1085E-01 0.2907E+02 0.7049E+06 0.3892E+01 13.769 0.6177 0.1150E-05 0.1000E+01
1475 0.6786E-02 0.2881E+04 0.1083E-01 0.2905E+02 0.7053E+06 0.3899E+01 13.767 0.6147 0.1133E-05 0.1000E+01
1480 0.6795E-02 0.2881E+04 0.1082E-01 0.2903E+02 0.7057E+06 0.3906E+01 13.765 0.6117 0.1116E-05 0.1000E+01
1485 0.6804E-02 0.2881E+04 0.1081E-01 0.2901E+02 0.7060E+06 0.3913E+01 13.764 0.6087 0.1100E-05 0.1000E+01
1490 0.6813E-02 0.2882E+04 0.1079E-01 0.2899E+02 0.7064E+06 0.3920E+01 13.762 0.6057 0.1083E-05 0.1000E+01
1495 0.6821E-02 0.2882E+04 0.1078E-01 0.2897E+02 0.7068E+06 0.3928E+01 13.760 0.6027 0.1067E-05 0.1000E+01
1500 0.6830E-02 0.2882E+04 0.1077E-01 0.2896E+02 0.7072E+06 0.3935E+01 13.758 0.5997 0.1051E-05 0.1000E+01
1505 0.6838E-02 0.2882E+04 0.1075E-01 0.2894E+02 0.7075E+06 0.3942E+01 13.757 0.5966 0.1035E-05 0.1000E+01
1510 0.6847E-02 0.2882E+04 0.1074E-01 0.2892E+02 0.7079E+06 0.3949E+01 13.755 0.5936 0.1020E-05 0.1000E+01
1515 0.6855E-02 0.2882E+04 0.1073E-01 0.2890E+02 0.7083E+06 0.3956E+01 13.753 0.5906 0.1005E-05 0.1000E+01
1520 0.6868E-02 0.2882E+04 0.1071E-01 0.2887E+02 0.7088E+06 0.3968E+01 13.750 0.5858 0.9810E-06 0.1000E+01
1525 0.6917E-02 0.2882E+04 0.1063E-01 0.2876E+02 0.7111E+06 0.4011E+01 13.740 0.5681 0.8963E-06 0.1000E+01
1530 0.7001E-02 0.2883E+04 0.1050E-01 0.2856E+02 0.7151E+06 0.4090E+01 13.721 0.5357 0.7589E-06 0.1000E+01
1535 0.7108E-02 0.2884E+04 0.1031E-01 0.2830E+02 0.7205E+06 0.4201E+01 13.696 0.4895 0.5992E-06 0.1000E+01
1540 0.7212E-02 0.2884E+04 0.1012E-01 0.2802E+02 0.7263E+06 0.4319E+01 13.669 0.4387 0.4617E-06 0.1000E+01
1545 0.7309E-02 0.2885E+04 0.9938E-02 0.2775E+02 0.7320E+06 0.4441E+01 13.643 0.3859 0.3495E-06 0.1000E+01
1550 0.7401E-02 0.2886E+04 0.9756E-02 0.2749E+02 0.7378E+06 0.4565E+01 13.616 0.3325 0.2592E-06 0.1000E+01
1555 0.7488E-02 0.2886E+04 0.9577E-02 0.2722E+02 0.7436E+06 0.4693E+01 13.590 0.2796 0.1877E-06 0.1000E+01
1560 0.7572E-02 0.2886E+04 0.9400E-02 0.2696E+02 0.7494E+06 0.4824E+01 13.563 0.2285 0.1322E-06 0.1000E+01
1565 0.7652E-02 0.2887E+04 0.9228E-02 0.2671E+02 0.7553E+06 0.4959E+01 13.537 0.1805 0.9007E-07 0.1000E+01
1570 0.7731E-02 0.2888E+04 0.9060E-02 0.2645E+02 0.7613E+06 0.5098E+01 13.510 0.1371 0.5899E-07 0.1000E+01
1575 0.7807E-02 0.2888E+04 0.8894E-02 0.2620E+02 0.7672E+06 0.5241E+01 13.484 0.0993 0.3687E-07 0.1000E+01
1580 0.7884E-02 0.2888E+04 0.8730E-02 0.2595E+02 0.7732E+06 0.5388E+01 13.457 0.0680 0.2180E-07 0.1000E+01
1585 0.7959E-02 0.2889E+04 0.8569E-02 0.2570E+02 0.7792E+06 0.5539E+01 13.431 0.0436 0.1207E-07 0.1000E+01
1590 0.8036E-02 0.2889E+04 0.8410E-02 0.2546E+02 0.7852E+06 0.5694E+01 13.404 0.0258 0.6175E-08 0.1000E+01
1595 0.8113E-02 0.2889E+04 0.8254E-02 0.2522E+02 0.7913E+06 0.5854E+01 13.378 0.0139 0.2877E-08 0.1000E+01
1600 0.8193E-02 0.2890E+04 0.8099E-02 0.2498E+02 0.7974E+06 0.6018E+01 13.351 0.0067 0.1202E-08 0.1000E+01
1605 0.8274E-02 0.2890E+04 0.7947E-02 0.2474E+02 0.8036E+06 0.6188E+01 13.324 0.0029 0.4432E-09 0.1000E+01
1610 0.8357E-02 0.2890E+04 0.7797E-02 0.2450E+02 0.8098E+06 0.6363E+01 13.297 0.0011 0.1418E-09 0.1000E+01
1615 0.8443E-02 0.2890E+04 0.7649E-02 0.2427E+02 0.8161E+06 0.6543E+01 13.270 0.0003 0.3874E-10 0.1000E+01
1620 0.8531E-02 0.2890E+04 0.7503E-02 0.2404E+02 0.8224E+06 0.6729E+01 13.243 0.0001 0.8885E-11 0.1000E+01
1625 0.8622E-02 0.2890E+04 0.7360E-02 0.2381E+02 0.8287E+06 0.6920E+01 13.216 0.0000 0.1690E-11 0.1000E+01
1630 0.8711E-02 0.2890E+04 0.7226E-02 0.2359E+02 0.8348E+06 0.7107E+01 13.191 0.0000 0.2806E-12 0.1000E+01
1635 0.8796E-02 0.2889E+04 0.7102E-02 0.2339E+02 0.8406E+06 0.7287E+01 13.166 0.0000 0.4212E-13 0.1000E+01
1640 0.8879E-02 0.2889E+04 0.6986E-02 0.2320E+02 0.8460E+06 0.7462E+01 13.143 0.0000 0.5687E-14 0.1000E+01
1645 0.8961E-02 0.2889E+04 0.6876E-02 0.2302E+02 0.8513E+06 0.7634E+01 13.121 0.0000 0.6843E-15 0.1000E+01
1650 0.9041E-02 0.2889E+04 0.6772E-02 0.2285E+02 0.8564E+06 0.7805E+01 13.100 0.0000 0.7243E-16 0.1000E+01
1655 0.9123E-02 0.2889E+04 0.6670E-02 0.2268E+02 0.8614E+06 0.7977E+01 13.079 0.0000 0.6598E-17 0.1000E+01
1660 0.9209E-02 0.2889E+04 0.6566E-02 0.2250E+02 0.8666E+06 0.8159E+01 13.057 0.0000 0.4948E-18 0.1000E+01
1665 0.9309E-02 0.2888E+04 0.6449E-02 0.2231E+02 0.8726E+06 0.8371E+01 13.032 0.0000 0.2702E-19 0.1000E+01
1670 0.9424E-02 0.2888E+04 0.6322E-02 0.2209E+02 0.8792E+06 0.8613E+01 13.004 0.0000 0.1148E-20 0.1000E+01
1675 0.9542E-02 0.2887E+04 0.6198E-02 0.2188E+02 0.8859E+06 0.8862E+01 12.976 0.0000 0.4363E-22 0.1000E+01
1680 0.9664E-02 0.2887E+04 0.6075E-02 0.2167E+02 0.8927E+06 0.9119E+01 12.949 0.0000 0.1531E-23 0.1000E+01
1685 0.9789E-02 0.2887E+04 0.5955E-02 0.2146E+02 0.8995E+06 0.9385E+01 12.921 0.0000 0.5093E-25 0.1000E+01
1690 0.9918E-02 0.2886E+04 0.5836E-02 0.2125E+02 0.9063E+06 0.9659E+01 12.893 0.0000 0.1641E-26 0.1000E+01
1695 0.1005E-01 0.2886E+04 0.5719E-02 0.2104E+02 0.9132E+06 0.9942E+01 12.865 0.0000 0.5228E-28 0.1000E+01
1700 0.1019E-01 0.2885E+04 0.5604E-02 0.2084E+02 0.9201E+06 0.1023E+02 12.836 0.0000 0.1947E-29 0.1000E+01
1705 0.1033E-01 0.2885E+04 0.5493E-02 0.2064E+02 0.9270E+06 0.1053E+02 12.808 0.0000 0.2921E-30 0.1000E+01
1710 0.1048E-01 0.2884E+04 0.5383E-02 0.2044E+02 0.9340E+06 0.1085E+02 12.780 0.0000 0.1546E-30 0.1000E+01
1715 0.1063E-01 0.2884E+04 0.5276E-02 0.2024E+02 0.9411E+06 0.1117E+02 12.751 0.0000 0.1095E-30 0.1000E+01
1720 0.1079E-01 0.2883E+04 0.5170E-02 0.2004E+02 0.9482E+06 0.1150E+02 12.723 0.0000 0.8592E-31 0.1000E+01
1725 0.1095E-01 0.2883E+04 0.5065E-02 0.1984E+02 0.9553E+06 0.1184E+02 12.694 0.0000 0.7098E-31 0.1000E+01
1730 0.1111E-01 0.2882E+04 0.4962E-02 0.1965E+02 0.9625E+06 0.1219E+02 12.665 0.0000 0.6043E-31 0.1000E+01
1735 0.1128E-01 0.2882E+04 0.4860E-02 0.1945E+02 0.9697E+06 0.1255E+02 12.636 0.0000 0.5246E-31 0.1000E+01
1740 0.1146E-01 0.2881E+04 0.4760E-02 0.1926E+02 0.9770E+06 0.1293E+02 12.607 0.0000 0.4618E-31 0.1000E+01
1745 0.1164E-01 0.2880E+04 0.4661E-02 0.1907E+02 0.9842E+06 0.1331E+02 12.578 0.0000 0.4106E-31 0.1000E+01
1750 0.1183E-01 0.2879E+04 0.4562E-02 0.1889E+02 0.9915E+06 0.1371E+02 12.549 0.0000 0.3678E-31 0.1000E+01
1755 0.1202E-01 0.2878E+04 0.4466E-02 0.1870E+02 0.9988E+06 0.1412E+02 12.520 0.0000 0.3315E-31 0.1000E+01
1760 0.1222E-01 0.2877E+04 0.4371E-02 0.1852E+02 0.1006E+07 0.1455E+02 12.491 0.0000 0.3001E-31 0.1000E+01
1765 0.1243E-01 0.2875E+04 0.4277E-02 0.1833E+02 0.1014E+07 0.1499E+02 12.462 0.0000 0.2728E-31 0.1000E+01
1770 0.1264E-01 0.2874E+04 0.4185E-02 0.1815E+02 0.1021E+07 0.1544E+02 12.432 0.0000 0.2487E-31 0.1000E+01
1775 0.1286E-01 0.2872E+04 0.4094E-02 0.1797E+02 0.1028E+07 0.1590E+02 12.403 0.0000 0.2273E-31 0.1000E+01
1780 0.1309E-01 0.2871E+04 0.4005E-02 0.1779E+02 0.1036E+07 0.1638E+02 12.373 0.0000 0.2083E-31 0.1000E+01
1785 0.1332E-01 0.2869E+04 0.3917E-02 0.1762E+02 0.1043E+07 0.1688E+02 12.343 0.0000 0.1912E-31 0.1000E+01
1790 0.1357E-01 0.2867E+04 0.3830E-02 0.1744E+02 0.1051E+07 0.1739E+02 12.314 0.0000 0.1758E-31 0.1000E+01
1795 0.1382E-01 0.2865E+04 0.3745E-02 0.1727E+02 0.1058E+07 0.1792E+02 12.284 0.0000 0.1618E-31 0.1000E+01
1800 0.1408E-01 0.2864E+04 0.3661E-02 0.1710E+02 0.1066E+07 0.1846E+02 12.254 0.0000 0.1492E-31 0.1000E+01
1805 0.1434E-01 0.2862E+04 0.3579E-02 0.1693E+02 0.1073E+07 0.1902E+02 12.224 0.0000 0.1376E-31 0.1000E+01
1810 0.1462E-01 0.2859E+04 0.3498E-02 0.1676E+02 0.1081E+07 0.1960E+02 12.194 0.0000 0.1271E-31 0.1000E+01
1815 0.1490E-01 0.2857E+04 0.3419E-02 0.1659E+02 0.1089E+07 0.2020E+02 12.164 0.0000 0.1174E-31 0.1000E+01
1820 0.1520E-01 0.2855E+04 0.3341E-02 0.1643E+02 0.1096E+07 0.2082E+02 12.134 0.0000 0.1086E-31 0.1000E+01
1825 0.1550E-01 0.2853E+04 0.3264E-02 0.1627E+02 0.1104E+07 0.2145E+02 12.103 0.0000 0.1005E-31 0.1000E+01
1830 0.1582E-01 0.2851E+04 0.3190E-02 0.1610E+02 0.1112E+07 0.2211E+02 12.073 0.0000 0.9310E-32 0.1000E+01
1835 0.1615E-01 0.2849E+04 0.3117E-02 0.1594E+02 0.1119E+07 0.2279E+02 12.042 0.0000 0.8625E-32 0.1000E+01
1840 0.1648E-01 0.2847E+04 0.3046E-02 0.1578E+02 0.1127E+07 0.2348E+02 12.011 0.0000 0.7995E-32 0.1000E+01
1845 0.1683E-01 0.2844E+04 0.2976E-02 0.1562E+02 0.1135E+07 0.2421E+02 11.981 0.0000 0.7415E-32 0.1000E+01
1850 0.1719E-01 0.2842E+04 0.2907E-02 0.1547E+02 0.1142E+07 0.2495E+02 11.950 0.0000 0.6880E-32 0.1000E+01
1855 0.1757E-01 0.2840E+04 0.2839E-02 0.1531E+02 0.1150E+07 0.2572E+02 11.918 0.0000 0.6385E-32 0.1000E+01
1860 0.1796E-01 0.2837E+04 0.2772E-02 0.1516E+02 0.1157E+07 0.2652E+02 11.887 0.0000 0.5929E-32 0.1000E+01
1865 0.1836E-01 0.2835E+04 0.2707E-02 0.1500E+02 0.1165E+07 0.2733E+02 11.856 0.0000 0.5510E-32 0.1000E+01
1870 0.1877E-01 0.2832E+04 0.2643E-02 0.1486E+02 0.1173E+07 0.2817E+02 11.825 0.0000 0.5124E-32 0.1000E+01
1875 0.1919E-01 0.2829E+04 0.2581E-02 0.1471E+02 0.1180E+07 0.2902E+02 11.794 0.0000 0.4770E-32 0.1000E+01
1880 0.1962E-01 0.2826E+04 0.2520E-02 0.1456E+02 0.1187E+07 0.2990E+02 11.763 0.0000 0.4444E-32 0.1000E+01
1885 0.2007E-01 0.2823E+04 0.2461E-02 0.1442E+02 0.1195E+07 0.3080E+02 11.732 0.0000 0.4143E-32 0.1000E+01
1890 0.2052E-01 0.2821E+04 0.2403E-02 0.1428E+02 0.1202E+07 0.3172E+02 11.701 0.0000 0.3866E-32 0.1000E+01
1895 0.2100E-01 0.2817E+04 0.2346E-02 0.1414E+02 0.1209E+07 0.3266E+02 11.670 0.0000 0.3610E-32 0.1000E+01
1900 0.2148E-01 0.2814E+04 0.2291E-02 0.1400E+02 0.1216E+07 0.3363E+02 11.639 0.0000 0.3373E-32 0.1000E+01
1905 0.2198E-01 0.2811E+04 0.2237E-02 0.1387E+02 0.1223E+07 0.3462E+02 11.609 0.0000 0.3155E-32 0.1000E+01
1910 0.2249E-01 0.2808E+04 0.2185E-02 0.1374E+02 0.1230E+07 0.3563E+02 11.578 0.0000 0.2952E-32 0.1000E+01
1915 0.2301E-01 0.2804E+04 0.2133E-02 0.1361E+02 0.1237E+07 0.3666E+02 11.548 0.0000 0.2765E-32 0.1000E+01
1920 0.2355E-01 0.2801E+04 0.2082E-02 0.1348E+02 0.1243E+07 0.3772E+02 11.517 0.0000 0.2592E-32 0.1000E+01
1925 0.2411E-01 0.2797E+04 0.2033E-02 0.1335E+02 0.1250E+07 0.3880E+02 11.487 0.0000 0.2432E-32 0.1000E+01
1930 0.2467E-01 0.2793E+04 0.1985E-02 0.1323E+02 0.1256E+07 0.3990E+02 11.457 0.0000 0.2283E-32 0.1000E+01
1935 0.2525E-01 0.2790E+04 0.1938E-02 0.1311E+02 0.1263E+07 0.4102E+02 11.427 0.0000 0.2146E-32 0.1000E+01
1940 0.2585E-01 0.2786E+04 0.1893E-02 0.1299E+02 0.1269E+07 0.4216E+02 11.397 0.0000 0.2019E-32 0.1000E+01
1945 0.2646E-01 0.2782E+04 0.1849E-02 0.1287E+02 0.1275E+07 0.4332E+02 11.367 0.0000 0.1901E-32 0.1000E+01
1950 0.2708E-01 0.2778E+04 0.1805E-02 0.1276E+02 0.1281E+07 0.4451E+02 11.338 0.0000 0.1791E-32 0.1000E+01
1955 0.2772E-01 0.2774E+04 0.1763E-02 0.1264E+02 0.1287E+07 0.4571E+02 11.309 0.0000 0.1689E-32 0.1000E+01
1960 0.2837E-01 0.2770E+04 0.1722E-02 0.1253E+02 0.1293E+07 0.4694E+02 11.279 0.0000 0.1594E-32 0.1000E+01
1965 0.2904E-01 0.2766E+04 0.1682E-02 0.1242E+02 0.1298E+07 0.4818E+02 11.250 0.0000 0.1506E-32 0.1000E+01
1970 0.2972E-01 0.2761E+04 0.1642E-02 0.1232E+02 0.1304E+07 0.4946E+02 11.221 0.0000 0.1423E-32 0.1000E+01
1975 0.3042E-01 0.2757E+04 0.1604E-02 0.1221E+02 0.1309E+07 0.5075E+02 11.192 0.0000 0.1347E-32 0.1000E+01
1980 0.3114E-01 0.2752E+04 0.1567E-02 0.1211E+02 0.1314E+07 0.5207E+02 11.163 0.0000 0.1275E-32 0.1000E+01
1985 0.3188E-01 0.2748E+04 0.1530E-02 0.1200E+02 0.1319E+07 0.5341E+02 11.135 0.0000 0.1208E-32 0.1000E+01
1990 0.3263E-01 0.2743E+04 0.1495E-02 0.1190E+02 0.1324E+07 0.5477E+02 11.106 0.0000 0.1145E-32 0.1000E+01
1995 0.3340E-01 0.2739E+04 0.1460E-02 0.1181E+02 0.1329E+07 0.5615E+02 11.078 0.0000 0.1087E-32 0.1000E+01
2000 0.3418E-01 0.2734E+04 0.1427E-02 0.1171E+02 0.1333E+07 0.5755E+02 11.050 0.0000 0.1033E-32 0.1000E+01
2005 0.3498E-01 0.2729E+04 0.1394E-02 0.1161E+02 0.1338E+07 0.5897E+02 11.021 0.0000 0.9818E-33 0.1000E+01
2010 0.3580E-01 0.2724E+04 0.1362E-02 0.1152E+02 0.1342E+07 0.6041E+02 10.994 0.0000 0.9342E-33 0.1000E+01
2015 0.3663E-01 0.2719E+04 0.1330E-02 0.1143E+02 0.1346E+07 0.6186E+02 10.966 0.0000 0.8897E-33 0.1000E+01
2020 0.3749E-01 0.2714E+04 0.1300E-02 0.1134E+02 0.1350E+07 0.6334E+02 10.938 0.0000 0.8479E-33 0.1000E+01
2025 0.3836E-01 0.2709E+04 0.1270E-02 0.1125E+02 0.1354E+07 0.6484E+02 10.911 0.0000 0.8087E-33 0.1000E+01
2030 0.3925E-01 0.2704E+04 0.1241E-02 0.1117E+02 0.1358E+07 0.6637E+02 10.884 0.0000 0.7719E-33 0.1000E+01
2035 0.4015E-01 0.2699E+04 0.1213E-02 0.1108E+02 0.1361E+07 0.6791E+02 10.856 0.0000 0.7372E-33 0.1000E+01
2040 0.4108E-01 0.2693E+04 0.1185E-02 0.1100E+02 0.1365E+07 0.6947E+02 10.829 0.0000 0.7047E-33 0.1000E+01
2045 0.4203E-01 0.2688E+04 0.1158E-02 0.1091E+02 0.1368E+07 0.7106E+02 10.802 0.0000 0.6740E-33 0.1000E+01
2050 0.4300E-01 0.2682E+04 0.1131E-02 0.1083E+02 0.1371E+07 0.7266E+02 10.775 0.0000 0.6451E-33 0.1000E+01
2055 0.4399E-01 0.2677E+04 0.1105E-02 0.1075E+02 0.1374E+07 0.7429E+02 10.749 0.0000 0.6178E-33 0.1000E+01
2060 0.4501E-01 0.2671E+04 0.1080E-02 0.1067E+02 0.1377E+07 0.7593E+02 10.722 0.0000 0.5921E-33 0.1000E+01
2065 0.4605E-01 0.2665E+04 0.1055E-02 0.1060E+02 0.1380E+07 0.7761E+02 10.695 0.0000 0.5678E-33 0.1000E+01
2070 0.4711E-01 0.2659E+04 0.1030E-02 0.1052E+02 0.1382E+07 0.7930E+02 10.669 0.0000 0.5447E-33 0.1000E+01
2075 0.4820E-01 0.2652E+04 0.1006E-02 0.1045E+02 0.1384E+07 0.8102E+02 10.642 0.0000 0.5230E-33 0.1000E+01
2080 0.4931E-01 0.2646E+04 0.9823E-03 0.1037E+02 0.1387E+07 0.8276E+02 10.615 0.0000 0.5024E-33 0.1000E+01
2084 0.5000E-01 0.2642E+04 0.9682E-03 0.1033E+02 0.1388E+07 0.8383E+02 10.599 0.0000 0.4904E-33 0.1000E+01
2085 0.5023E-01 0.2638E+04 0.9518E-03 0.1029E+02 0.1389E+07 0.8464E+02 10.580 0.0000 0.4865E-33 0.1000E+01
2090 0.5141E-01 0.2633E+04 0.9350E-03 0.1022E+02 0.1391E+07 0.8645E+02 10.561 0.0000 0.4674E-33 0.1000E+01
2095 0.5261E-01 0.2626E+04 0.9127E-03 0.1015E+02 0.1393E+07 0.8829E+02 10.534 0.0000 0.4493E-33 0.1000E+01
2100 0.5385E-01 0.2619E+04 0.8909E-03 0.1008E+02 0.1394E+07 0.9014E+02 10.508 0.0000 0.4323E-33 0.1000E+01
2105 0.5511E-01 0.2613E+04 0.8696E-03 0.1001E+02 0.1396E+07 0.9202E+02 10.481 0.0000 0.4161E-33 0.1000E+01
2110 0.5640E-01 0.2605E+04 0.8486E-03 0.9943E+01 0.1397E+07 0.9392E+02 10.455 0.0000 0.4008E-33 0.1000E+01
2115 0.5772E-01 0.2598E+04 0.8280E-03 0.9876E+01 0.1398E+07 0.9585E+02 10.429 0.0000 0.3863E-33 0.1000E+01

2125 0.6045E-01 0.2584E+04 0.7884E-03 0.9745E+01 0.1400E+07 0.9977E+02 10.376 0.0000 0.3596E-33 0.1000E+01
2130 0.6186E-01 0.2577E+04 0.7694E-03 0.9681E+01 0.1401E+07 0.1018E+03 10.350 0.0000 0.3473E-33 0.1000E+01
2135 0.6330E-01 0.2569E+04 0.7509E-03 0.9618E+01 0.1401E+07 0.1038E+03 10.325 0.0000 0.3357E-33 0.1000E+01
2140 0.6476E-01 0.2562E+04 0.7328E-03 0.9557E+01 0.1401E+07 0.1058E+03 10.299 0.0000 0.3246E-33 0.1000E+01
2145 0.6626E-01 0.2555E+04 0.7153E-03 0.9496E+01 0.1402E+07 0.1078E+03 10.273 0.0000 0.3142E-33 0.1000E+01
2150 0.6778E-01 0.2547E+04 0.6982E-03 0.9437E+01 0.1402E+07 0.1099E+03 10.248 0.0000 0.3042E-33 0.1000E+01
2155 0.6934E-01 0.2540E+04 0.6816E-03 0.9378E+01 0.1401E+07 0.1119E+03 10.222 0.0000 0.2948E-33 0.1000E+01
2158 0.7000E-01 0.2537E+04 0.6748E-03 0.9354E+01 0.1401E+07 0.1128E+03 10.212 0.0000 0.2910E-33 0.1000E+01
2160 0.7064E-01 0.2533E+04 0.6678E-03 0.9329E+01 0.1401E+07 0.1137E+03 10.201 0.0000 0.2874E-33 0.1000E+01
2165 0.7226E-01 0.2526E+04 0.6518E-03 0.9272E+01 0.1401E+07 0.1158E+03 10.175 0.0000 0.2788E-33 0.1000E+01
2170 0.7391E-01 0.2518E+04 0.6362E-03 0.9216E+01 0.1400E+07 0.1180E+03 10.150 0.0000 0.2706E-33 0.1000E+01
2175 0.7561E-01 0.2510E+04 0.6207E-03 0.9161E+01 0.1399E+07 0.1201E+03 10.125 0.0000 0.2628E-33 0.1000E+01
2180 0.7733E-01 0.2502E+04 0.6055E-03 0.9106E+01 0.1399E+07 0.1223E+03 10.100 0.0000 0.2553E-33 0.1000E+01
2185 0.7909E-01 0.2494E+04 0.5908E-03 0.9053E+01 0.1398E+07 0.1244E+03 10.075 0.0000 0.2483E-33 0.1000E+01
2190 0.8089E-01 0.2486E+04 0.5764E-03 0.9000E+01 0.1396E+07 0.1266E+03 10.050 0.0001 0.2415E-33 0.1000E+01
2195 0.8272E-01 0.2478E+04 0.5623E-03 0.8948E+01 0.1395E+07 0.1289E+03 10.025 0.0001 0.2351E-33 0.1000E+01
2200 0.8459E-01 0.2470E+04 0.5485E-03 0.8898E+01 0.1393E+07 0.1311E+03 10.001 0.0001 0.2289E-33 0.1000E+01
2205 0.8650E-01 0.2461E+04 0.5349E-03 0.8847E+01 0.1392E+07 0.1333E+03  9.976 0.0001 0.2231E-33 0.1000E+01
2210 0.8845E-01 0.2453E+04 0.5216E-03 0.8798E+01 0.1390E+07 0.1356E+03  9.951 0.0001 0.2175E-33 0.1000E+01
2215 0.9044E-01 0.2444E+04 0.5085E-03 0.8750E+01 0.1388E+07 0.1379E+03  9.927 0.0001 0.2122E-33 0.1000E+01
2220 0.9246E-01 0.2435E+04 0.4956E-03 0.8702E+01 0.1386E+07 0.1401E+03  9.903 0.0001 0.2071E-33 0.1000E+01
2225 0.9453E-01 0.2426E+04 0.4829E-03 0.8655E+01 0.1384E+07 0.1424E+03  9.879 0.0001 0.2023E-33 0.1000E+01
2230 0.9664E-01 0.2416E+04 0.4700E-03 0.8609E+01 0.1381E+07 0.1447E+03  9.854 0.0001 0.1976E-33 0.1000E+01
2235 0.9880E-01 0.2405E+04 0.4572E-03 0.8564E+01 0.1379E+07 0.1470E+03  9.830 0.0001 0.1932E-33 0.1000E+01
2238 0.1000E+00 0.2400E+04 0.4503E-03 0.8539E+01 0.1377E+07 0.1483E+03  9.817 0.0001 0.1908E-33 0.1000E+01
2240 0.1009E+00 0.2395E+04 0.4453E-03 0.8522E+01 0.1376E+07 0.1492E+03  9.808 0.0001 0.1891E-33 0.1000E+01
2245 0.1031E+00 0.2385E+04 0.4327E-03 0.8478E+01 0.1374E+07 0.1516E+03  9.784 0.0001 0.1850E-33 0.1000E+01
2250 0.1055E+00 0.2373E+04 0.4204E-03 0.8434E+01 0.1371E+07 0.1539E+03  9.760 0.0001 0.1811E-33 0.1000E+01
2255 0.1078E+00 0.2362E+04 0.4084E-03 0.8392E+01 0.1368E+07 0.1563E+03  9.736 0.0001 0.1773E-33 0.1000E+01
2260 0.1103E+00 0.2351E+04 0.3966E-03 0.8349E+01 0.1365E+07 0.1587E+03  9.713 0.0001 0.1737E-33 0.1000E+01
2265 0.1128E+00 0.2340E+04 0.3852E-03 0.8308E+01 0.1361E+07 0.1611E+03  9.689 0.0001 0.1702E-33 0.1000E+01
2270 0.1153E+00 0.2329E+04 0.3742E-03 0.8267E+01 0.1358E+07 0.1635E+03  9.665 0.0001 0.1669E-33 0.1000E+01
2275 0.1179E+00 0.2317E+04 0.3635E-03 0.8227E+01 0.1354E+07 0.1659E+03  9.642 0.0001 0.1636E-33 0.1000E+01
2280 0.1206E+00 0.2306E+04 0.3531E-03 0.8187E+01 0.1350E+07 0.1684E+03  9.618 0.0001 0.1605E-33 0.1000E+01
2285 0.1234E+00 0.2295E+04 0.3430E-03 0.8147E+01 0.1347E+07 0.1708E+03  9.594 0.0001 0.1576E-33 0.1000E+01
2290 0.1262E+00 0.2284E+04 0.3331E-03 0.8109E+01 0.1343E+07 0.1733E+03  9.571 0.0001 0.1547E-33 0.1000E+01
2295 0.1291E+00 0.2272E+04 0.3234E-03 0.8070E+01 0.1338E+07 0.1758E+03  9.547 0.0001 0.1519E-33 0.1000E+01
2300 0.1321E+00 0.2261E+04 0.3139E-03 0.8032E+01 0.1334E+07 0.1783E+03  9.524 0.0001 0.1493E-33 0.1000E+01
2305 0.1352E+00 0.2249E+04 0.3046E-03 0.7995E+01 0.1330E+07 0.1808E+03  9.500 0.0001 0.1467E-33 0.1000E+01
2310 0.1384E+00 0.2237E+04 0.2955E-03 0.7958E+01 0.1325E+07 0.1834E+03  9.476 0.0001 0.1443E-33 0.1000E+01
2315 0.1417E+00 0.2225E+04 0.2865E-03 0.7921E+01 0.1320E+07 0.1860E+03  9.453 0.0001 0.1419E-33 0.1000E+01
2320 0.1450E+00 0.2213E+04 0.2778E-03 0.7885E+01 0.1316E+07 0.1886E+03  9.429 0.0001 0.1396E-33 0.1000E+01
2325 0.1485E+00 0.2201E+04 0.2693E-03 0.7849E+01 0.1311E+07 0.1912E+03  9.405 0.0001 0.1374E-33 0.1000E+01
2328 0.1500E+00 0.2196E+04 0.2659E-03 0.7834E+01 0.1308E+07 0.1923E+03  9.395 0.0001 0.1365E-33 0.1000E+01
2330 0.1514E+00 0.2191E+04 0.2625E-03 0.7819E+01 0.1306E+07 0.1934E+03  9.385 0.0001 0.1356E-33 0.1000E+01
2335 0.1551E+00 0.2179E+04 0.2542E-03 0.7783E+01 0.1301E+07 0.1961E+03  9.360 0.0001 0.1335E-33 0.1000E+01
2340 0.1590E+00 0.2165E+04 0.2456E-03 0.7748E+01 0.1296E+07 0.1988E+03  9.336 0.0001 0.1315E-33 0.1000E+01
2345 0.1629E+00 0.2148E+04 0.2358E-03 0.7713E+01 0.1290E+07 0.2015E+03  9.312 0.0001 0.1296E-33 0.1000E+01
2350 0.1671E+00 0.2124E+04 0.2235E-03 0.7679E+01 0.1284E+07 0.2042E+03  9.288 0.0001 0.1277E-33 0.1000E+01
2355 0.1714E+00 0.2096E+04 0.2099E-03 0.7645E+01 0.1278E+07 0.2069E+03  9.263 0.0001 0.1258E-33 0.1000E+01
2360 0.1760E+00 0.2065E+04 0.1964E-03 0.7612E+01 0.1272E+07 0.2096E+03  9.239 0.0001 0.1240E-33 0.1000E+01
2365 0.1809E+00 0.2035E+04 0.1836E-03 0.7580E+01 0.1267E+07 0.2123E+03  9.216 0.0001 0.1222E-33 0.1000E+01
2370 0.1859E+00 0.2005E+04 0.1717E-03 0.7549E+01 0.1261E+07 0.2150E+03  9.192 0.0001 0.1204E-33 0.1000E+01
2375 0.1912E+00 0.1976E+04 0.1606E-03 0.7519E+01 0.1255E+07 0.2176E+03  9.170 0.0001 0.1188E-33 0.1000E+01
2380 0.1968E+00 0.1947E+04 0.1502E-03 0.7489E+01 0.1249E+07 0.2202E+03  9.147 0.0002 0.1171E-33 0.1000E+01
2383 0.2000E+00 0.1932E+04 0.1451E-03 0.7473E+01 0.1245E+07 0.2216E+03  9.134 0.0002 0.1162E-33 0.1000E+01
2385 0.2025E+00 0.1921E+04 0.1412E-03 0.7461E+01 0.1243E+07 0.2227E+03  9.125 0.0002 0.1155E-33 0.1000E+01
2390 0.2089E+00 0.1893E+04 0.1321E-03 0.7432E+01 0.1236E+07 0.2253E+03  9.102 0.0002 0.1139E-33 0.1000E+01
2395 0.2157E+00 0.1865E+04 0.1236E-03 0.7403E+01 0.1230E+07 0.2280E+03  9.079 0.0002 0.1123E-33 0.1000E+01
2400 0.2227E+00 0.1838E+04 0.1156E-03 0.7375E+01 0.1224E+07 0.2306E+03  9.056 0.0002 0.1107E-33 0.1000E+01
2405 0.2301E+00 0.1811E+04 0.1082E-03 0.7348E+01 0.1217E+07 0.2331E+03  9.034 0.0002 0.1092E-33 0.1000E+01
2410 0.2376E+00 0.1784E+04 0.1013E-03 0.7323E+01 0.1211E+07 0.2356E+03  9.013 0.0002 0.1078E-33 0.1000E+01
2415 0.2454E+00 0.1758E+04 0.9481E-04 0.7298E+01 0.1205E+07 0.2380E+03  8.992 0.0002 0.1064E-33 0.1000E+01
2418 0.2500E+00 0.1743E+04 0.9131E-04 0.7284E+01 0.1202E+07 0.2394E+03  8.981 0.0002 0.1057E-33 0.1000E+01
2420 0.2533E+00 0.1733E+04 0.8895E-04 0.7275E+01 0.1199E+07 0.2403E+03  8.973 0.0002 0.1051E-33 0.1000E+01
2425 0.2618E+00 0.1708E+04 0.8332E-04 0.7252E+01 0.1193E+07 0.2426E+03  8.953 0.0002 0.1039E-33 0.1000E+01
2430 0.2707E+00 0.1683E+04 0.7806E-04 0.7229E+01 0.1187E+07 0.2449E+03  8.933 0.0002 0.1026E-33 0.1000E+01
2435 0.2800E+00 0.1658E+04 0.7316E-04 0.7206E+01 0.1181E+07 0.2472E+03  8.914 0.0002 0.1014E-33 0.1000E+01
2440 0.2904E+00 0.1635E+04 0.6861E-04 0.7184E+01 0.1175E+07 0.2496E+03  8.893 0.0002 0.1001E-33 0.1000E+01
2445 0.3000E+00 0.1616E+04 0.6518E-04 0.7164E+01 0.1169E+07 0.2517E+03  8.875 0.0002 0.9903E-34 0.1000E+01
2445 0.3000E+00 0.1616E+04 0.6518E-04 0.7164E+01 0.1169E+07 0.2517E+03  8.875 0.0002 0.9903E-34 0.1000E+01
2450 0.3120E+00 0.1597E+04 0.6179E-04 0.7140E+01 0.1162E+07 0.2542E+03  8.854 0.0002 0.9777E-34 0.1000E+01
2455 0.3245E+00 0.1581E+04 0.5891E-04 0.7117E+01 0.1156E+07 0.2567E+03  8.833 0.0002 0.9657E-34 0.1000E+01
2460 0.3373E+00 0.1565E+04 0.5629E-04 0.7094E+01 0.1149E+07 0.2592E+03  8.812 0.0002 0.9543E-34 0.1000E+01
2465 0.3500E+00 0.1551E+04 0.5396E-04 0.7073E+01 0.1142E+07 0.2615E+03  8.792 0.0002 0.9438E-34 0.1000E+01
2465 0.3500E+00 0.1551E+04 0.5396E-04 0.7073E+01 0.1142E+07 0.2615E+03  8.792 0.0002 0.9438E-34 0.1000E+01
2470 0.3636E+00 0.1537E+04 0.5169E-04 0.7051E+01 0.1136E+07 0.2640E+03  8.771 0.0002 0.9335E-34 0.1000E+01
2475 0.3776E+00 0.1523E+04 0.4954E-04 0.7030E+01 0.1129E+07 0.2664E+03  8.750 0.0003 0.9237E-34 0.1000E+01
2480 0.3919E+00 0.1510E+04 0.4751E-04 0.7009E+01 0.1122E+07 0.2687E+03  8.730 0.0003 0.9143E-34 0.1000E+01
2483 0.4000E+00 0.1502E+04 0.4647E-04 0.6998E+01 0.1118E+07 0.2700E+03  8.719 0.0003 0.9094E-34 0.1000E+01
2485 0.4059E+00 0.1497E+04 0.4573E-04 0.6990E+01 0.1116E+07 0.2710E+03  8.711 0.0003 0.9058E-34 0.1000E+01
2490 0.4211E+00 0.1485E+04 0.4395E-04 0.6970E+01 0.1109E+07 0.2733E+03  8.691 0.0003 0.8974E-34 0.1000E+01
2495 0.4366E+00 0.1472E+04 0.4228E-04 0.6950E+01 0.1102E+07 0.2757E+03  8.671 0.0002 0.8893E-34 0.1000E+01
2500 0.4500E+00 0.1462E+04 0.4094E-04 0.6934E+01 0.1097E+07 0.2776E+03  8.654 0.0002 0.8828E-34 0.1000E+01
2500 0.4500E+00 0.1462E+04 0.4094E-04 0.6934E+01 0.1097E+07 0.2776E+03  8.654 0.0002 0.8828E-34 0.1000E+01
2505 0.4663E+00 0.1451E+04 0.3942E-04 0.6914E+01 0.1090E+07 0.2799E+03  8.635 0.0002 0.8754E-34 0.1000E+01
2510 0.4830E+00 0.1439E+04 0.3797E-04 0.6896E+01 0.1083E+07 0.2822E+03  8.615 0.0002 0.8684E-34 0.1000E+01
2515 0.5000E+00 0.1428E+04 0.3660E-04 0.6878E+01 0.1077E+07 0.2844E+03  8.596 0.0002 0.8618E-34 0.1000E+01
2515 0.5000E+00 0.1428E+04 0.3660E-04 0.6878E+01 0.1077E+07 0.2844E+03  8.596 0.0002 0.8618E-34 0.1000E+01
2520 0.5176E+00 0.1416E+04 0.3527E-04 0.6859E+01 0.1070E+07 0.2867E+03  8.577 0.0002 0.8554E-34 0.1000E+01
2525 0.5356E+00 0.1405E+04 0.3399E-04 0.6842E+01 0.1063E+07 0.2889E+03  8.557 0.0002 0.8494E-34 0.1000E+01
2529 0.5500E+00 0.1397E+04 0.3304E-04 0.6828E+01 0.1058E+07 0.2906E+03  8.543 0.0002 0.8448E-34 0.1000E+01
2530 0.5537E+00 0.1394E+04 0.3279E-04 0.6825E+01 0.1057E+07 0.2911E+03  8.539 0.0002 0.8437E-34 0.1000E+01
2535 0.5727E+00 0.1384E+04 0.3162E-04 0.6807E+01 0.1050E+07 0.2933E+03  8.520 0.0002 0.8381E-34 0.1000E+01
2540 0.5921E+00 0.1373E+04 0.3049E-04 0.6790E+01 0.1043E+07 0.2954E+03  8.501 0.0002 0.8329E-34 0.1000E+01
2542 0.6000E+00 0.1368E+04 0.3006E-04 0.6784E+01 0.1041E+07 0.2963E+03  8.493 0.0002 0.8308E-34 0.1000E+01
2545 0.6120E+00 0.1362E+04 0.2942E-04 0.6774E+01 0.1037E+07 0.2976E+03  8.482 0.0002 0.8278E-34 0.1000E+01
2550 0.6325E+00 0.1351E+04 0.2837E-04 0.6757E+01 0.1030E+07 0.2998E+03  8.463 0.0002 0.8230E-34 0.1000E+01
2555 0.6500E+00 0.1343E+04 0.2752E-04 0.6744E+01 0.1025E+07 0.3016E+03  8.448 0.0002 0.8192E-34 0.1000E+01
2555 0.6500E+00 0.1343E+04 0.2752E-04 0.6744E+01 0.1025E+07 0.3016E+03  8.448 0.0002 0.8192E-34 0.1000E+01
2560 0.6714E+00 0.1332E+04 0.2655E-04 0.6728E+01 0.1018E+07 0.3037E+03  8.429 0.0002 0.8148E-34 0.1000E+01
2565 0.6934E+00 0.1322E+04 0.2561E-04 0.6712E+01 0.1011E+07 0.3058E+03  8.410 0.0002 0.8105E-34 0.1000E+01
2567 0.7000E+00 0.1319E+04 0.2534E-04 0.6708E+01 0.1010E+07 0.3065E+03  8.405 0.0002 0.8093E-34 0.1000E+01
2570 0.7136E+00 0.1312E+04 0.2480E-04 0.6698E+01 0.1006E+07 0.3077E+03  8.394 0.0002 0.8069E-34 0.1000E+01
2575 0.7366E+00 0.1302E+04 0.2392E-04 0.6683E+01 0.9990E+06 0.3098E+03  8.376 0.0002 0.8031E-34 0.1000E+01
2578 0.7500E+00 0.1296E+04 0.2344E-04 0.6675E+01 0.9953E+06 0.3110E+03  8.365 0.0002 0.8010E-34 0.1000E+01
2580 0.7595E+00 0.1292E+04 0.2311E-04 0.6669E+01 0.9927E+06 0.3118E+03  8.358 0.0002 0.7995E-34 0.1000E+01
2585 0.7838E+00 0.1282E+04 0.2229E-04 0.6654E+01 0.9861E+06 0.3139E+03  8.340 0.0002 0.7959E-34 0.1000E+01
2589 0.8000E+00 0.1276E+04 0.2177E-04 0.6644E+01 0.9819E+06 0.3153E+03  8.328 0.0002 0.7937E-34 0.1000E+01
2590 0.8050E+00 0.1274E+04 0.2161E-04 0.6641E+01 0.9806E+06 0.3157E+03  8.324 0.0002 0.7931E-34 0.1000E+01
2595 0.8305E+00 0.1263E+04 0.2083E-04 0.6627E+01 0.9741E+06 0.3177E+03  8.306 0.0002 0.7898E-34 0.1000E+01
2599 0.8500E+00 0.1255E+04 0.2025E-04 0.6616E+01 0.9692E+06 0.3193E+03  8.292 0.0002 0.7875E-34 0.1000E+01
2600 0.8553E+00 0.1253E+04 0.2010E-04 0.6613E+01 0.9679E+06 0.3197E+03  8.289 0.0002 0.7868E-34 0.1000E+01
2605 0.8822E+00 0.1243E+04 0.1933E-04 0.6599E+01 0.9614E+06 0.3217E+03  8.271 0.0002 0.7838E-34 0.1000E+01
2609 0.9000E+00 0.1235E+04 0.1883E-04 0.6590E+01 0.9572E+06 0.3230E+03  8.259 0.0002 0.7820E-34 0.1000E+01
2610 0.9056E+00 0.1233E+04 0.1868E-04 0.6587E+01 0.9559E+06 0.3234E+03  8.255 0.0002 0.7814E-34 0.1000E+01
2615 0.9341E+00 0.1221E+04 0.1790E-04 0.6574E+01 0.9495E+06 0.3254E+03  8.238 0.0002 0.7786E-34 0.1000E+01
2618 0.9500E+00 0.1215E+04 0.1748E-04 0.6566E+01 0.9460E+06 0.3265E+03  8.228 0.0002 0.7771E-34 0.1000E+01
2620 0.9619E+00 0.1210E+04 0.1717E-04 0.6561E+01 0.9434E+06 0.3273E+03  8.221 0.0002 0.7761E-34 0.1000E+01
2625 0.9925E+00 0.1198E+04 0.1642E-04 0.6548E+01 0.9370E+06 0.3293E+03  8.203 0.0002 0.7735E-34 0.1000E+01
2627 0.1000E+01 0.1195E+04 0.1625E-04 0.6544E+01 0.9354E+06 0.3297E+03  8.199 0.0002 0.7729E-34 0.1000E+01
2630 0.1019E+01 0.1187E+04 0.1581E-04 0.6537E+01 0.9316E+06 0.3309E+03  8.188 0.0002 0.7714E-34 0.1000E+01
2635 0.1052E+01 0.1175E+04 0.1511E-04 0.6524E+01 0.9252E+06 0.3329E+03  8.170 0.0002 0.7689E-34 0.1000E+01
2640 0.1085E+01 0.1163E+04 0.1444E-04 0.6511E+01 0.9188E+06 0.3348E+03  8.152 0.0002 0.7666E-34 0.1000E+01
2645 0.1120E+01 0.1151E+04 0.1380E-04 0.6498E+01 0.9124E+06 0.3368E+03  8.135 0.0002 0.7643E-34 0.1000E+01
2650 0.1157E+01 0.1139E+04 0.1318E-04 0.6486E+01 0.9061E+06 0.3387E+03  8.117 0.0002 0.7621E-34 0.1000E+01
2655 0.1194E+01 0.1127E+04 0.1259E-04 0.6473E+01 0.8997E+06 0.3406E+03  8.100 0.0002 0.7600E-34 0.1000E+01
2660 0.1234E+01 0.1115E+04 0.1203E-04 0.6461E+01 0.8934E+06 0.3425E+03  8.082 0.0002 0.7580E-34 0.1000E+01
2665 0.1274E+01 0.1104E+04 0.1149E-04 0.6449E+01 0.8871E+06 0.3444E+03  8.065 0.0002 0.7560E-34 0.1000E+01
2670 0.1316E+01 0.1092E+04 0.1098E-04 0.6437E+01 0.8809E+06 0.3463E+03  8.047 0.0002 0.7541E-34 0.1000E+01
2675 0.1360E+01 0.1081E+04 0.1049E-04 0.6426E+01 0.8746E+06 0.3481E+03  8.030 0.0002 0.7523E-34 0.1000E+01
2680 0.1405E+01 0.1069E+04 0.1001E-04 0.6414E+01 0.8684E+06 0.3500E+03  8.013 0.0002 0.7505E-34 0.1000E+01
2685 0.1452E+01 0.1058E+04 0.9563E-05 0.6403E+01 0.8622E+06 0.3518E+03  7.995 0.0002 0.7488E-34 0.1000E+01
2690 0.1500E+01 0.1047E+04 0.9133E-05 0.6391E+01 0.8561E+06 0.3536E+03  7.978 0.0002 0.7472E-34 0.1000E+01
2690 0.1500E+01 0.1047E+04 0.9133E-05 0.6391E+01 0.8561E+06 0.3536E+03  7.978 0.0002 0.7472E-34 0.1000E+01
2695 0.1550E+01 0.1035E+04 0.8716E-05 0.6380E+01 0.8500E+06 0.3555E+03  7.961 0.0002 0.7456E-34 0.1000E+01
2700 0.1603E+01 0.1024E+04 0.8315E-05 0.6369E+01 0.8439E+06 0.3573E+03  7.944 0.0002 0.7441E-34 0.1000E+01
2705 0.1657E+01 0.1013E+04 0.7929E-05 0.6359E+01 0.8378E+06 0.3591E+03  7.927 0.0002 0.7426E-34 0.1000E+01
2710 0.1714E+01 0.1002E+04 0.7558E-05 0.6348E+01 0.8318E+06 0.3608E+03  7.910 0.0002 0.7412E-34 0.1000E+01
2715 0.1772E+01 0.9906E+03 0.7203E-05 0.6337E+01 0.8258E+06 0.3626E+03  7.893 0.0002 0.7398E-34 0.1000E+01
2720 0.1833E+01 0.9795E+03 0.6864E-05 0.6327E+01 0.8198E+06 0.3644E+03  7.876 0.0002 0.7385E-34 0.1000E+01
2725 0.1897E+01 0.9686E+03 0.6542E-05 0.6317E+01 0.8138E+06 0.3661E+03  7.859 0.0002 0.7372E-34 0.1000E+01
2730 0.1963E+01 0.9579E+03 0.6236E-05 0.6307E+01 0.8079E+06 0.3678E+03  7.842 0.0002 0.7360E-34 0.1000E+01
2733 0.2000E+01 0.9520E+03 0.6075E-05 0.6301E+01 0.8047E+06 0.3688E+03  7.833 0.0002 0.7354E-34 0.1000E+01
2735 0.2028E+01 0.9478E+03 0.5961E-05 0.6297E+01 0.8023E+06 0.3695E+03  7.826 0.0002 0.7349E-34 0.1000E+01
2740 0.2098E+01 0.9374E+03 0.5686E-05 0.6287E+01 0.7964E+06 0.3712E+03  7.809 0.0002 0.7337E-34 0.1000E+01
2745 0.2172E+01 0.9271E+03 0.5423E-05 0.6278E+01 0.7906E+06 0.3729E+03  7.792 0.0001 0.7326E-34 0.1000E+01
2750 0.2249E+01 0.9169E+03 0.5172E-05 0.6268E+01 0.7848E+06 0.3745E+03  7.776 0.0001 0.7316E-34 0.1000E+01
2755 0.2328E+01 0.9068E+03 0.4932E-05 0.6258E+01 0.7790E+06 0.3762E+03  7.759 0.0001 0.7305E-34 0.1000E+01
2760 0.2411E+01 0.8966E+03 0.4699E-05 0.6249E+01 0.7733E+06 0.3779E+03  7.742 0.0001 0.7295E-34 0.1000E+01
2765 0.2496E+01 0.8863E+03 0.4474E-05 0.6240E+01 0.7676E+06 0.3795E+03  7.726 0.0001 0.7286E-34 0.1000E+01
2766 0.2500E+01 0.8859E+03 0.4465E-05 0.6239E+01 0.7674E+06 0.3796E+03  7.725 0.0001 0.7286E-34 0.1000E+01
2770 0.2571E+01 0.8774E+03 0.4287E-05 0.6232E+01 0.7628E+06 0.3809E+03  7.712 0.0001 0.7278E-34 0.1000E+01
2775 0.2664E+01 0.8666E+03 0.4068E-05 0.6223E+01 0.7572E+06 0.3825E+03  7.695 0.0001 0.7269E-34 0.1000E+01
2780 0.2761E+01 0.8553E+03 0.3849E-05 0.6214E+01 0.7516E+06 0.3841E+03  7.679 0.0001 0.7260E-34 0.1000E+01
2785 0.2862E+01 0.8435E+03 0.3631E-05 0.6205E+01 0.7460E+06 0.3858E+03  7.662 0.0001 0.7252E-34 0.1000E+01
2790 0.2969E+01 0.8314E+03 0.3417E-05 0.6196E+01 0.7404E+06 0.3873E+03  7.646 0.0001 0.7244E-34 0.1000E+01
2792 0.3000E+01 0.8280E+03 0.3359E-05 0.6194E+01 0.7389E+06 0.3878E+03  7.641 0.0001 0.7242E-34 0.1000E+01
2795 0.3067E+01 0.8207E+03 0.3236E-05 0.6189E+01 0.7356E+06 0.3887E+03  7.632 0.0001 0.7237E-34 0.1000E+01
2800 0.3180E+01 0.8086E+03 0.3042E-05 0.6181E+01 0.7303E+06 0.3902E+03  7.616 0.0001 0.7229E-34 0.1000E+01
2805 0.3298E+01 0.7968E+03 0.2861E-05 0.6173E+01 0.7252E+06 0.3917E+03  7.601 0.0001 0.7222E-34 0.1000E+01
2810 0.3420E+01 0.7852E+03 0.2691E-05 0.6165E+01 0.7201E+06 0.3932E+03  7.585 0.0001 0.7215E-34 0.1000E+01
2814 0.3500E+01 0.7780E+03 0.2589E-05 0.6160E+01 0.7170E+06 0.3941E+03  7.576 0.0001 0.7210E-34 0.1000E+01
2815 0.3526E+01 0.7757E+03 0.2557E-05 0.6159E+01 0.7160E+06 0.3944E+03  7.573 0.0001 0.7209E-34 0.1000E+01
2820 0.3659E+01 0.7643E+03 0.2405E-05 0.6151E+01 0.7110E+06 0.3958E+03  7.558 0.0001 0.7202E-34 0.1000E+01
2825 0.3799E+01 0.7532E+03 0.2262E-05 0.6144E+01 0.7061E+06 0.3972E+03  7.543 0.0001 0.7196E-34 0.1000E+01
2830 0.3947E+01 0.7422E+03 0.2128E-05 0.6136E+01 0.7011E+06 0.3986E+03  7.528 0.0001 0.7189E-34 0.1000E+01
2832 0.4000E+01 0.7385E+03 0.2084E-05 0.6134E+01 0.6995E+06 0.3991E+03  7.523 0.0001 0.7187E-34 0.1000E+01
2835 0.4094E+01 0.7320E+03 0.2009E-05 0.6129E+01 0.6965E+06 0.3999E+03  7.514 0.0001 0.7183E-34 0.1000E+01
2840 0.4259E+01 0.7213E+03 0.1889E-05 0.6122E+01 0.6916E+06 0.4013E+03  7.499 0.0001 0.7177E-34 0.1000E+01
2845 0.4432E+01 0.7108E+03 0.1777E-05 0.6115E+01 0.6867E+06 0.4027E+03  7.484 0.0001 0.7171E-34 0.1000E+01
2847 0.4500E+01 0.7069E+03 0.1737E-05 0.6112E+01 0.6849E+06 0.4032E+03  7.479 0.0001 0.7168E-34 0.1000E+01
2850 0.4611E+01 0.7007E+03 0.1675E-05 0.6108E+01 0.6820E+06 0.4040E+03  7.470 0.0001 0.7165E-34 0.1000E+01
2855 0.4805E+01 0.6905E+03 0.1576E-05 0.6101E+01 0.6771E+06 0.4054E+03  7.455 0.0001 0.7159E-34 0.1000E+01
2860 0.5000E+01 0.6809E+03 0.1487E-05 0.6094E+01 0.6725E+06 0.4067E+03  7.440 0.0001 0.7153E-34 0.1000E+01
2860 0.5000E+01 0.6809E+03 0.1487E-05 0.6094E+01 0.6725E+06 0.4067E+03  7.440 0.0001 0.7153E-34 0.1000E+01
2865 0.5218E+01 0.6710E+03 0.1399E-05 0.6087E+01 0.6676E+06 0.4081E+03  7.425 0.0001 0.7147E-34 0.1000E+01
2870 0.5450E+01 0.6612E+03 0.1316E-05 0.6080E+01 0.6627E+06 0.4094E+03  7.410 0.0001 0.7142E-34 0.1000E+01
2872 0.5500E+01 0.6592E+03 0.1299E-05 0.6079E+01 0.6617E+06 0.4097E+03  7.407 0.0001 0.7141E-34 0.1000E+01
2875 0.5648E+01 0.6534E+03 0.1253E-05 0.6074E+01 0.6587E+06 0.4106E+03  7.397 0.0001 0.7137E-34 0.1000E+01
2880 0.5907E+01 0.6439E+03 0.1179E-05 0.6067E+01 0.6538E+06 0.4119E+03  7.382 0.0001 0.7132E-34 0.1000E+01
2882 0.6000E+01 0.6407E+03 0.1154E-05 0.6065E+01 0.6521E+06 0.4124E+03  7.376 0.0001 0.7130E-34 0.1000E+01
2885 0.6167E+01 0.6350E+03 0.1113E-05 0.6061E+01 0.6491E+06 0.4133E+03  7.367 0.0001 0.7127E-34 0.1000E+01
2890 0.6459E+01 0.6258E+03 0.1047E-05 0.6054E+01 0.6441E+06 0.4147E+03  7.351 0.0001 0.7121E-34 0.1000E+01
2891 0.6500E+01 0.6246E+03 0.1038E-05 0.6053E+01 0.6434E+06 0.4148E+03  7.349 0.0001 0.7120E-34 0.1000E+01
2895 0.6747E+01 0.6173E+03 0.9890E-06 0.6047E+01 0.6395E+06 0.4160E+03  7.336 0.0001 0.7116E-34 0.1000E+01
2899 0.7000E+01 0.6103E+03 0.9432E-06 0.6042E+01 0.6356E+06 0.4170E+03  7.324 0.0001 0.7112E-34 0.1000E+01
2900 0.7066E+01 0.6085E+03 0.9320E-06 0.6041E+01 0.6346E+06 0.4173E+03  7.321 0.0001 0.7111E-34 0.1000E+01
2905 0.7407E+01 0.5999E+03 0.8780E-06 0.6034E+01 0.6297E+06 0.4187E+03  7.305 0.0001 0.7106E-34 0.1000E+01
2907 0.7500E+01 0.5976E+03 0.8642E-06 0.6032E+01 0.6283E+06 0.4191E+03  7.301 0.0001 0.7105E-34 0.1000E+01
2910 0.7715E+01 0.5926E+03 0.8343E-06 0.6028E+01 0.6254E+06 0.4199E+03  7.292 0.0001 0.7102E-34 0.1000E+01
2914 0.8000E+01 0.5862E+03 0.7976E-06 0.6023E+01 0.6217E+06 0.4209E+03  7.280 0.0001 0.7099E-34 0.1000E+01
2915 0.8076E+01 0.5846E+03 0.7885E-06 0.6022E+01 0.6207E+06 0.4212E+03  7.276 0.0001 0.7098E-34 0.1000E+01
2920 0.8467E+01 0.5765E+03 0.7443E-06 0.6015E+01 0.6159E+06 0.4225E+03  7.261 0.0001 0.7093E-34 0.1000E+01
2921 0.8500E+01 0.5759E+03 0.7408E-06 0.6014E+01 0.6155E+06 0.4226E+03  7.259 0.0001 0.7093E-34 0.1000E+01
2925 0.8827E+01 0.5696E+03 0.7081E-06 0.6009E+01 0.6116E+06 0.4237E+03  7.247 0.0001 0.7089E-34 0.1000E+01
2928 0.9000E+01 0.5665E+03 0.6919E-06 0.6007E+01 0.6096E+06 0.4243E+03  7.241 0.0001 0.7088E-34 0.1000E+01
2930 0.9171E+01 0.5634E+03 0.6766E-06 0.6004E+01 0.6077E+06 0.4248E+03  7.234 0.0001 0.7086E-34 0.1000E+01
2934 0.9500E+01 0.5578E+03 0.6491E-06 0.5999E+01 0.6042E+06 0.4258E+03  7.223 0.0001 0.7083E-34 0.1000E+01
2935 0.9590E+01 0.5563E+03 0.6419E-06 0.5998E+01 0.6032E+06 0.4260E+03  7.220 0.0001 0.7082E-34 0.1000E+01
2940 0.1000E+02 0.5499E+03 0.6114E-06 0.5992E+01 0.5990E+06 0.4272E+03  7.206 0.0001 0.7079E-34 0.1000E+01
2940 0.1000E+02 0.5499E+03 0.6114E-06 0.5992E+01 0.5990E+06 0.4272E+03  7.206 0.0001 0.7079E-34 0.1000E+01
2945 0.1048E+02 0.5427E+03 0.5789E-06 0.5986E+01 0.5943E+06 0.4285E+03  7.190 0.0001 0.7075E-34 0.1000E+01
2946 0.1050E+02 0.5424E+03 0.5778E-06 0.5986E+01 0.5941E+06 0.4285E+03  7.190 0.0001 0.7075E-34 0.1000E+01
2950 0.1090E+02 0.5368E+03 0.5533E-06 0.5981E+01 0.5904E+06 0.4296E+03  7.177 0.0001 0.7072E-34 0.1000E+01
2951 0.1100E+02 0.5355E+03 0.5476E-06 0.5980E+01 0.5895E+06 0.4298E+03  7.174 0.0001 0.7071E-34 0.1000E+01
2955 0.1142E+02 0.5300E+03 0.5245E-06 0.5975E+01 0.5858E+06 0.4308E+03  7.162 0.0001 0.7068E-34 0.1000E+01
2956 0.1150E+02 0.5290E+03 0.5204E-06 0.5974E+01 0.5851E+06 0.4310E+03  7.160 0.0001 0.7068E-34 0.1000E+01
2960 0.1194E+02 0.5235E+03 0.4985E-06 0.5969E+01 0.5814E+06 0.4320E+03  7.147 0.0001 0.7065E-34 0.1000E+01
2961 0.1200E+02 0.5228E+03 0.4956E-06 0.5969E+01 0.5808E+06 0.4322E+03  7.146 0.0001 0.7065E-34 0.1000E+01
2965 0.1246E+02 0.5175E+03 0.4749E-06 0.5964E+01 0.5772E+06 0.4332E+03  7.133 0.0001 0.7062E-34 0.1000E+01
2966 0.1250E+02 0.5170E+03 0.4731E-06 0.5963E+01 0.5768E+06 0.4333E+03  7.132 0.0001 0.7062E-34 0.1000E+01
2970 0.1297E+02 0.5117E+03 0.4533E-06 0.5959E+01 0.5731E+06 0.4343E+03  7.120 0.0001 0.7059E-34 0.1000E+01
2971 0.1300E+02 0.5114E+03 0.4523E-06 0.5958E+01 0.5730E+06 0.4343E+03  7.119 0.0001 0.7059E-34 0.1000E+01
2975 0.1349E+02 0.5062E+03 0.4335E-06 0.5954E+01 0.5693E+06 0.4353E+03  7.107 0.0001 0.7057E-34 0.1000E+01
2976 0.1350E+02 0.5062E+03 0.4333E-06 0.5954E+01 0.5693E+06 0.4354E+03  7.107 0.0001 0.7057E-34 0.1000E+01
2980 0.1400E+02 0.5011E+03 0.4157E-06 0.5949E+01 0.5657E+06 0.4363E+03  7.094 0.0001 0.7054E-34 0.1000E+01
2980 0.1400E+02 0.5011E+03 0.4157E-06 0.5949E+01 0.5657E+06 0.4363E+03  7.094 0.0001 0.7054E-34 0.1000E+01
2984 0.1450E+02 0.4963E+03 0.3994E-06 0.5945E+01 0.5623E+06 0.4373E+03  7.083 0.0001 0.7052E-34 0.1000E+01
2985 0.1463E+02 0.4950E+03 0.3952E-06 0.5944E+01 0.5614E+06 0.4375E+03  7.080 0.0001 0.7052E-34 0.1000E+01
2988 0.1500E+02 0.4917E+03 0.3842E-06 0.5941E+01 0.5589E+06 0.4382E+03  7.072 0.0001 0.7050E-34 0.1000E+01
2990 0.1528E+02 0.4892E+03 0.3761E-06 0.5938E+01 0.5572E+06 0.4386E+03  7.065 0.0001 0.7049E-34 0.1000E+01
2992 0.1550E+02 0.4873E+03 0.3700E-06 0.5937E+01 0.5558E+06 0.4390E+03  7.061 0.0001 0.7048E-34 0.1000E+01
2995 0.1593E+02 0.4836E+03 0.3585E-06 0.5933E+01 0.5531E+06 0.4397E+03  7.051 0.0001 0.7047E-34 0.1000E+01
2996 0.1600E+02 0.4830E+03 0.3568E-06 0.5933E+01 0.5527E+06 0.4399E+03  7.050 0.0001 0.7046E-34 0.1000E+01
3000 0.1650E+02 0.4789E+03 0.3444E-06 0.5929E+01 0.5497E+06 0.4407E+03  7.040 0.0001 0.7045E-34 0.1000E+01
3000 0.1650E+02 0.4789E+03 0.3444E-06 0.5929E+01 0.5497E+06 0.4407E+03  7.040 0.0001 0.7045E-34 0.1000E+01
3004 0.1700E+02 0.4750E+03 0.3328E-06 0.5925E+01 0.5468E+06 0.4414E+03  7.030 0.0001 0.7043E-34 0.1000E+01
3005 0.1716E+02 0.4738E+03 0.3293E-06 0.5924E+01 0.5460E+06 0.4417E+03  7.027 0.0001 0.7042E-34 0.1000E+01
3008 0.1750E+02 0.4712E+03 0.3219E-06 0.5922E+01 0.5440E+06 0.4422E+03  7.020 0.0001 0.7041E-34 0.1000E+01
3010 0.1782E+02 0.4688E+03 0.3152E-06 0.5920E+01 0.5423E+06 0.4427E+03  7.014 0.0001 0.7040E-34 0.1000E+01
3012 0.1800E+02 0.4675E+03 0.3116E-06 0.5919E+01 0.5414E+06 0.4429E+03  7.011 0.0001 0.7040E-34 0.1000E+01
3015 0.1850E+02 0.4639E+03 0.3019E-06 0.5915E+01 0.5388E+06 0.4436E+03  7.002 0.0001 0.7039E-34 0.1000E+01
3016 0.1850E+02 0.4639E+03 0.3019E-06 0.5915E+01 0.5387E+06 0.4436E+03  7.002 0.0001 0.7039E-34 0.1000E+01
3019 0.1900E+02 0.4608E+03 0.2935E-06 0.5912E+01 0.5364E+06 0.4442E+03  6.993 0.0001 0.7037E-34 0.1000E+01
3020 0.1917E+02 0.4596E+03 0.2904E-06 0.5911E+01 0.5356E+06 0.4445E+03  6.990 0.0001 0.7037E-34 0.1000E+01
3022 0.1950E+02 0.4574E+03 0.2847E-06 0.5909E+01 0.5340E+06 0.4449E+03  6.985 0.0001 0.7036E-34 0.1000E+01
3025 0.2000E+02 0.4542E+03 0.2765E-06 0.5906E+01 0.5316E+06 0.4456E+03  6.976 0.0001 0.7035E-34 0.1000E+01
3025 0.2000E+02 0.4542E+03 0.2765E-06 0.5906E+01 0.5316E+06 0.4456E+03  6.976 0.0001 0.7035E-34 0.1000E+01
