 $INPUT
 IMODEL	=             1
 N	=           120
 MINSTP	=             0
 VEOS	=  1.000000000000000
 ILOOP	=             1
 STATIC	=   F
 FRACT	=  3.5000000000000001E-03
 SHINE	=  0.3000000000000000
 SHAVE	=  9.9999999999999995E-08
 POUT	=  5000000.000000000
 AMETH	=             2
 CMETH	=             1
 NOBOND	=             1
 TBEG	=  5.0000000000000004E-06
 TIMEF	=  10.00000000000000
 DTIMEO	=  5.0000000000000003E-02
 STEPO	=  0.5000000000000000
 LCORR	=   T
 LSTART	=   F
 MAXSTP	=         10000
 SPK	=  10.60000000000000
 STARL	=  0.0000000000000000E+00
 DIST	=  5.200000000000000
 ALB	=  0.3500000000000000
 TEFFS	=  5770.000000000000
 LCONV	=   T
 LTRANS	=   T
 LPOUT	=   F
 LFILL	=   F
 LCONT	=   T
 LBURN	=   T
 MAG	=  'O '
 GAM	=  '7X'
 MASS	=  1.899140000000000
 YHEA	=  0.2500000000000000
 YDI	=  2.0000000000000002E-05
 HB	=  1.000000000000000
 $end
 
 
 Gam,Mass,Yhe,Ydi,Dist,starl,alb=  7X   1.899   0.250 0.200E-04 0.520E+01 0.000E+00 0.350E+00
  I  Time(Gyrs) Teff        Lumin      Rad(Gcm)  Tc         Rhoc       S      Ratio  Yd         Yl


   5 0.2304E-05 0.1245E+04 0.1788E-03 0.2001E+02 0.4859E+05 0.6503E+00 10.590 0.0000 0.2000E-04 0.1000E+01
   9 0.0000E+00 0.1241E+04 0.1739E-03 0.1984E+02 0.4869E+05 0.6582E+00 10.577 0.0000 0.2000E-04 0.1000E+01
  10 0.7583E-06 0.1240E+04 0.1726E-03 0.1979E+02 0.4872E+05 0.6603E+00 10.574 0.0000 0.2000E-04 0.1000E+01
  15 0.4655E-05 0.1236E+04 0.1662E-03 0.1956E+02 0.4885E+05 0.6713E+00 10.557 0.0000 0.2000E-04 0.1000E+01
  20 0.8708E-05 0.1232E+04 0.1602E-03 0.1934E+02 0.4898E+05 0.6822E+00 10.540 0.0000 0.2000E-04 0.1000E+01
  25 0.1292E-04 0.1227E+04 0.1546E-03 0.1912E+02 0.4910E+05 0.6932E+00 10.524 0.0000 0.2000E-04 0.1000E+01
  30 0.1731E-04 0.1223E+04 0.1492E-03 0.1891E+02 0.4922E+05 0.7041E+00 10.507 0.0000 0.2000E-04 0.1000E+01
  35 0.2187E-04 0.1219E+04 0.1440E-03 0.1871E+02 0.4933E+05 0.7151E+00 10.490 0.0000 0.2000E-04 0.1000E+01
  40 0.2661E-04 0.1215E+04 0.1390E-03 0.1850E+02 0.4944E+05 0.7262E+00 10.473 0.0000 0.2000E-04 0.1000E+01
  45 0.3152E-04 0.1211E+04 0.1343E-03 0.1831E+02 0.4954E+05 0.7373E+00 10.456 0.0000 0.2000E-04 0.1000E+01
  50 0.3661E-04 0.1207E+04 0.1297E-03 0.1812E+02 0.4963E+05 0.7483E+00 10.439 0.0000 0.2000E-04 0.1000E+01
  55 0.4189E-04 0.1203E+04 0.1253E-03 0.1793E+02 0.4972E+05 0.7594E+00 10.422 0.0000 0.2000E-04 0.1000E+01
  60 0.4738E-04 0.1199E+04 0.1211E-03 0.1775E+02 0.4980E+05 0.7705E+00 10.406 0.0000 0.2000E-04 0.1000E+01
  65 0.5307E-04 0.1194E+04 0.1169E-03 0.1757E+02 0.4988E+05 0.7817E+00 10.389 0.0000 0.2000E-04 0.1000E+01
  70 0.5898E-04 0.1190E+04 0.1129E-03 0.1740E+02 0.4995E+05 0.7929E+00 10.372 0.0000 0.2000E-04 0.1000E+01
  75 0.6509E-04 0.1185E+04 0.1089E-03 0.1723E+02 0.5002E+05 0.8040E+00 10.355 0.0000 0.2000E-04 0.1000E+01
  80 0.7143E-04 0.1180E+04 0.1050E-03 0.1706E+02 0.5008E+05 0.8152E+00 10.338 0.0000 0.2000E-04 0.1000E+01
  85 0.7804E-04 0.1174E+04 0.1012E-03 0.1690E+02 0.5014E+05 0.8264E+00 10.321 0.0000 0.2000E-04 0.1000E+01
  90 0.8491E-04 0.1169E+04 0.9739E-04 0.1675E+02 0.5019E+05 0.8376E+00 10.304 0.0000 0.2000E-04 0.1000E+01
  95 0.9206E-04 0.1163E+04 0.9368E-04 0.1659E+02 0.5023E+05 0.8488E+00 10.288 0.0000 0.2000E-04 0.1000E+01
 100 0.9950E-04 0.1156E+04 0.9004E-04 0.1644E+02 0.5027E+05 0.8600E+00 10.271 0.0000 0.2000E-04 0.1000E+01
 105 0.1072E-03 0.1150E+04 0.8649E-04 0.1630E+02 0.5031E+05 0.8713E+00 10.254 0.0000 0.2000E-04 0.1000E+01
 110 0.1153E-03 0.1143E+04 0.8302E-04 0.1616E+02 0.5034E+05 0.8825E+00 10.237 0.0000 0.2000E-04 0.1000E+01
 115 0.1237E-03 0.1136E+04 0.7964E-04 0.1602E+02 0.5036E+05 0.8937E+00 10.220 0.0000 0.2000E-04 0.1000E+01
 120 0.1325E-03 0.1129E+04 0.7634E-04 0.1588E+02 0.5038E+05 0.9050E+00 10.203 0.0000 0.2000E-04 0.1000E+01
 125 0.1417E-03 0.1122E+04 0.7314E-04 0.1575E+02 0.5040E+05 0.9163E+00 10.187 0.0000 0.2000E-04 0.1000E+01
 130 0.1513E-03 0.1114E+04 0.7004E-04 0.1562E+02 0.5041E+05 0.9275E+00 10.170 0.0000 0.2000E-04 0.1000E+01
 135 0.1613E-03 0.1106E+04 0.6704E-04 0.1550E+02 0.5042E+05 0.9388E+00 10.153 0.0000 0.2000E-04 0.1000E+01
 140 0.1718E-03 0.1098E+04 0.6411E-04 0.1538E+02 0.5042E+05 0.9500E+00 10.136 0.0000 0.2000E-04 0.1000E+01
 145 0.1827E-03 0.1090E+04 0.6127E-04 0.1525E+02 0.5042E+05 0.9614E+00 10.119 0.0000 0.2000E-04 0.1000E+01
 150 0.1941E-03 0.1082E+04 0.5857E-04 0.1514E+02 0.5041E+05 0.9727E+00 10.102 0.0000 0.2000E-04 0.1000E+01
 155 0.2061E-03 0.1074E+04 0.5600E-04 0.1502E+02 0.5040E+05 0.9840E+00 10.086 0.0000 0.2000E-04 0.1000E+01
 160 0.2186E-03 0.1067E+04 0.5357E-04 0.1491E+02 0.5039E+05 0.9953E+00 10.069 0.0000 0.2000E-04 0.1000E+01
 165 0.2316E-03 0.1059E+04 0.5127E-04 0.1480E+02 0.5037E+05 0.1007E+01 10.052 0.0000 0.2000E-04 0.1000E+01
 170 0.2453E-03 0.1051E+04 0.4909E-04 0.1469E+02 0.5035E+05 0.1018E+01 10.035 0.0000 0.2000E-04 0.1000E+01
 175 0.2595E-03 0.1044E+04 0.4702E-04 0.1458E+02 0.5032E+05 0.1029E+01 10.018 0.0000 0.2000E-04 0.1000E+01
 180 0.2743E-03 0.1036E+04 0.4505E-04 0.1448E+02 0.5029E+05 0.1041E+01 10.002 0.0000 0.2000E-04 0.1000E+01
 185 0.2897E-03 0.1029E+04 0.4317E-04 0.1438E+02 0.5026E+05 0.1052E+01  9.985 0.0000 0.2000E-04 0.1000E+01
 190 0.3059E-03 0.1022E+04 0.4137E-04 0.1428E+02 0.5022E+05 0.1063E+01  9.968 0.0000 0.2000E-04 0.1000E+01
 195 0.3227E-03 0.1014E+04 0.3965E-04 0.1418E+02 0.5018E+05 0.1075E+01  9.951 0.0000 0.2000E-04 0.1000E+01
 200 0.3402E-03 0.1007E+04 0.3800E-04 0.1409E+02 0.5014E+05 0.1086E+01  9.935 0.0000 0.2000E-04 0.1000E+01
 205 0.3584E-03 0.9997E+03 0.3643E-04 0.1399E+02 0.5009E+05 0.1097E+01  9.918 0.0000 0.2000E-04 0.1000E+01
 210 0.3775E-03 0.9924E+03 0.3491E-04 0.1390E+02 0.5004E+05 0.1109E+01  9.901 0.0000 0.2000E-04 0.1000E+01
 215 0.3973E-03 0.9851E+03 0.3346E-04 0.1381E+02 0.4999E+05 0.1120E+01  9.884 0.0000 0.2000E-04 0.1000E+01
 220 0.4179E-03 0.9777E+03 0.3205E-04 0.1372E+02 0.4993E+05 0.1132E+01  9.868 0.0000 0.2000E-04 0.1000E+01
 225 0.4394E-03 0.9701E+03 0.3068E-04 0.1364E+02 0.4987E+05 0.1143E+01  9.851 0.0000 0.2000E-04 0.1000E+01
 230 0.4619E-03 0.9626E+03 0.2937E-04 0.1355E+02 0.4981E+05 0.1154E+01  9.834 0.0000 0.2000E-04 0.1000E+01
 235 0.4853E-03 0.9550E+03 0.2812E-04 0.1347E+02 0.4974E+05 0.1166E+01  9.818 0.0000 0.2000E-04 0.1000E+01
 240 0.5098E-03 0.9477E+03 0.2693E-04 0.1339E+02 0.4967E+05 0.1177E+01  9.801 0.0000 0.2000E-04 0.1000E+01
 245 0.5352E-03 0.9403E+03 0.2580E-04 0.1331E+02 0.4960E+05 0.1189E+01  9.784 0.0000 0.2000E-04 0.1000E+01
 250 0.5617E-03 0.9332E+03 0.2473E-04 0.1323E+02 0.4952E+05 0.1200E+01  9.767 0.0000 0.2000E-04 0.1000E+01
 255 0.5893E-03 0.9261E+03 0.2371E-04 0.1315E+02 0.4945E+05 0.1212E+01  9.751 0.0000 0.2000E-04 0.1000E+01
 260 0.6179E-03 0.9191E+03 0.2274E-04 0.1308E+02 0.4937E+05 0.1223E+01  9.734 0.0000 0.2000E-04 0.1000E+01
 265 0.6478E-03 0.9121E+03 0.2181E-04 0.1301E+02 0.4929E+05 0.1235E+01  9.718 0.0000 0.2000E-04 0.1000E+01
 270 0.6788E-03 0.9052E+03 0.2091E-04 0.1293E+02 0.4920E+05 0.1246E+01  9.701 0.0000 0.2000E-04 0.1000E+01
 275 0.7112E-03 0.8983E+03 0.2006E-04 0.1286E+02 0.4911E+05 0.1257E+01  9.684 0.0000 0.2000E-04 0.1000E+01
 280 0.7447E-03 0.8913E+03 0.1923E-04 0.1279E+02 0.4902E+05 0.1269E+01  9.668 0.0000 0.2000E-04 0.1000E+01
 285 0.7797E-03 0.8842E+03 0.1842E-04 0.1272E+02 0.4893E+05 0.1280E+01  9.651 0.0000 0.2000E-04 0.1000E+01
 290 0.8161E-03 0.8769E+03 0.1763E-04 0.1265E+02 0.4884E+05 0.1292E+01  9.635 0.0000 0.2000E-04 0.1000E+01
 295 0.8541E-03 0.8695E+03 0.1686E-04 0.1259E+02 0.4874E+05 0.1303E+01  9.618 0.0000 0.2000E-04 0.1000E+01
 300 0.8937E-03 0.8622E+03 0.1613E-04 0.1252E+02 0.4865E+05 0.1314E+01  9.601 0.0000 0.2000E-04 0.1000E+01
 305 0.9351E-03 0.8548E+03 0.1542E-04 0.1245E+02 0.4855E+05 0.1326E+01  9.585 0.0000 0.2000E-04 0.1000E+01
 310 0.9782E-03 0.8474E+03 0.1474E-04 0.1239E+02 0.4844E+05 0.1337E+01  9.568 0.0000 0.2000E-04 0.1000E+01
 315 0.1023E-02 0.8399E+03 0.1409E-04 0.1233E+02 0.4834E+05 0.1348E+01  9.552 0.0000 0.2000E-04 0.1000E+01
 320 0.1070E-02 0.8324E+03 0.1345E-04 0.1227E+02 0.4823E+05 0.1360E+01  9.535 0.0000 0.2000E-04 0.1000E+01
 325 0.1119E-02 0.8249E+03 0.1285E-04 0.1221E+02 0.4813E+05 0.1371E+01  9.519 0.0000 0.2000E-04 0.1000E+01
 330 0.1170E-02 0.8176E+03 0.1228E-04 0.1215E+02 0.4802E+05 0.1383E+01  9.502 0.0000 0.2000E-04 0.1000E+01
 335 0.1224E-02 0.8110E+03 0.1177E-04 0.1209E+02 0.4791E+05 0.1394E+01  9.486 0.0000 0.2000E-04 0.1000E+01
 340 0.1279E-02 0.8043E+03 0.1128E-04 0.1203E+02 0.4779E+05 0.1405E+01  9.470 0.0000 0.2000E-04 0.1000E+01
 345 0.1337E-02 0.7977E+03 0.1081E-04 0.1197E+02 0.4768E+05 0.1416E+01  9.453 0.0000 0.2000E-04 0.1000E+01
 350 0.1397E-02 0.7913E+03 0.1037E-04 0.1192E+02 0.4756E+05 0.1428E+01  9.437 0.0000 0.2000E-04 0.1000E+01
 355 0.1459E-02 0.7850E+03 0.9952E-05 0.1186E+02 0.4745E+05 0.1439E+01  9.421 0.0000 0.2000E-04 0.1000E+01
 360 0.1523E-02 0.7790E+03 0.9562E-05 0.1181E+02 0.4733E+05 0.1450E+01  9.404 0.0000 0.2000E-04 0.1000E+01
 365 0.1590E-02 0.7731E+03 0.9194E-05 0.1175E+02 0.4721E+05 0.1461E+01  9.388 0.0000 0.2000E-04 0.1000E+01
 370 0.1659E-02 0.7674E+03 0.8845E-05 0.1170E+02 0.4709E+05 0.1472E+01  9.372 0.0000 0.2000E-04 0.1000E+01
 375 0.1731E-02 0.7618E+03 0.8511E-05 0.1165E+02 0.4696E+05 0.1484E+01  9.355 0.0000 0.2000E-04 0.1000E+01
 380 0.1805E-02 0.7562E+03 0.8192E-05 0.1160E+02 0.4684E+05 0.1495E+01  9.339 0.0000 0.2000E-04 0.1000E+01
 385 0.1882E-02 0.7505E+03 0.7883E-05 0.1155E+02 0.4671E+05 0.1506E+01  9.323 0.0000 0.2000E-04 0.1000E+01
 390 0.1962E-02 0.7448E+03 0.7580E-05 0.1150E+02 0.4658E+05 0.1517E+01  9.307 0.0000 0.2000E-04 0.1000E+01
 395 0.2044E-02 0.7392E+03 0.7290E-05 0.1145E+02 0.4645E+05 0.1528E+01  9.290 0.0000 0.2000E-04 0.1000E+01
 400 0.2129E-02 0.7335E+03 0.7011E-05 0.1140E+02 0.4632E+05 0.1539E+01  9.274 0.0000 0.2000E-04 0.1000E+01
 405 0.2218E-02 0.7279E+03 0.6743E-05 0.1136E+02 0.4619E+05 0.1550E+01  9.258 0.0000 0.2000E-04 0.1000E+01
 410 0.2309E-02 0.7223E+03 0.6484E-05 0.1131E+02 0.4606E+05 0.1561E+01  9.242 0.0000 0.2000E-04 0.1000E+01
 415 0.2404E-02 0.7167E+03 0.6234E-05 0.1126E+02 0.4592E+05 0.1572E+01  9.226 0.0000 0.2000E-04 0.1000E+01
 420 0.2502E-02 0.7111E+03 0.5991E-05 0.1122E+02 0.4579E+05 0.1583E+01  9.210 0.0000 0.2000E-04 0.1000E+01
 425 0.2603E-02 0.7054E+03 0.5758E-05 0.1117E+02 0.4565E+05 0.1594E+01  9.194 0.0000 0.2000E-04 0.1000E+01
 430 0.2709E-02 0.6997E+03 0.5529E-05 0.1113E+02 0.4551E+05 0.1605E+01  9.178 0.0000 0.2000E-04 0.1000E+01
 435 0.2819E-02 0.6939E+03 0.5307E-05 0.1109E+02 0.4537E+05 0.1616E+01  9.162 0.0000 0.2000E-04 0.1000E+01
 440 0.2932E-02 0.6882E+03 0.5093E-05 0.1104E+02 0.4523E+05 0.1627E+01  9.146 0.0000 0.2000E-04 0.1000E+01
 443 0.3000E-02 0.6848E+03 0.4973E-05 0.1102E+02 0.4515E+05 0.1633E+01  9.136 0.0000 0.2000E-04 0.1000E+01
 445 0.3048E-02 0.6825E+03 0.4892E-05 0.1100E+02 0.4509E+05 0.1638E+01  9.130 0.0000 0.2000E-04 0.1000E+01
 450 0.3170E-02 0.6768E+03 0.4694E-05 0.1096E+02 0.4495E+05 0.1649E+01  9.114 0.0000 0.2000E-04 0.1000E+01
 455 0.3296E-02 0.6711E+03 0.4504E-05 0.1092E+02 0.4481E+05 0.1659E+01  9.098 0.0000 0.2000E-04 0.1000E+01
 460 0.3428E-02 0.6654E+03 0.4321E-05 0.1088E+02 0.4466E+05 0.1670E+01  9.082 0.0000 0.2000E-04 0.1000E+01
 465 0.3565E-02 0.6598E+03 0.4146E-05 0.1084E+02 0.4452E+05 0.1681E+01  9.066 0.0000 0.2000E-04 0.1000E+01
 470 0.3706E-02 0.6542E+03 0.3978E-05 0.1080E+02 0.4437E+05 0.1692E+01  9.051 0.0000 0.2000E-04 0.1000E+01
 475 0.3853E-02 0.6486E+03 0.3816E-05 0.1076E+02 0.4423E+05 0.1702E+01  9.035 0.0000 0.2000E-04 0.1000E+01
 480 0.4005E-02 0.6431E+03 0.3663E-05 0.1072E+02 0.4408E+05 0.1713E+01  9.019 0.0000 0.2000E-04 0.1000E+01
 485 0.4154E-02 0.6370E+03 0.3497E-05 0.1068E+02 0.4391E+05 0.1725E+01  9.001 0.0000 0.2000E-04 0.1000E+01
 490 0.4319E-02 0.6317E+03 0.3359E-05 0.1064E+02 0.4376E+05 0.1735E+01  8.985 0.0000 0.2000E-04 0.1000E+01
 495 0.4489E-02 0.6271E+03 0.3240E-05 0.1061E+02 0.4361E+05 0.1746E+01  8.970 0.0000 0.2000E-04 0.1000E+01
 500 0.4664E-02 0.6228E+03 0.3131E-05 0.1057E+02 0.4346E+05 0.1756E+01  8.954 0.0000 0.2000E-04 0.1000E+01
 505 0.4845E-02 0.6184E+03 0.3023E-05 0.1053E+02 0.4331E+05 0.1767E+01  8.938 0.0000 0.2000E-04 0.1000E+01
 510 0.5031E-02 0.6141E+03 0.2920E-05 0.1050E+02 0.4315E+05 0.1777E+01  8.922 0.0000 0.2000E-04 0.1000E+01
 515 0.5223E-02 0.6099E+03 0.2821E-05 0.1046E+02 0.4300E+05 0.1787E+01  8.906 0.0000 0.2000E-04 0.1000E+01
 520 0.5420E-02 0.6057E+03 0.2726E-05 0.1043E+02 0.4284E+05 0.1798E+01  8.891 0.0000 0.2000E-04 0.1000E+01
 525 0.5624E-02 0.6014E+03 0.2633E-05 0.1040E+02 0.4268E+05 0.1808E+01  8.875 0.0000 0.2000E-04 0.1000E+01
 530 0.5834E-02 0.5971E+03 0.2543E-05 0.1036E+02 0.4253E+05 0.1818E+01  8.859 0.0000 0.2000E-04 0.1000E+01
 535 0.6049E-02 0.5929E+03 0.2456E-05 0.1033E+02 0.4237E+05 0.1829E+01  8.844 0.0000 0.2000E-04 0.1000E+01
 540 0.6272E-02 0.5887E+03 0.2372E-05 0.1030E+02 0.4221E+05 0.1839E+01  8.828 0.0000 0.2000E-04 0.1000E+01
 545 0.6501E-02 0.5844E+03 0.2290E-05 0.1027E+02 0.4205E+05 0.1849E+01  8.813 0.0000 0.2000E-04 0.1000E+01
 550 0.6737E-02 0.5801E+03 0.2210E-05 0.1023E+02 0.4189E+05 0.1859E+01  8.797 0.0000 0.2000E-04 0.1000E+01
 555 0.6981E-02 0.5759E+03 0.2133E-05 0.1020E+02 0.4173E+05 0.1869E+01  8.782 0.0000 0.2000E-04 0.1000E+01
 560 0.7232E-02 0.5716E+03 0.2058E-05 0.1017E+02 0.4156E+05 0.1880E+01  8.766 0.0000 0.2000E-04 0.1000E+01
 565 0.7491E-02 0.5673E+03 0.1984E-05 0.1014E+02 0.4140E+05 0.1890E+01  8.751 0.0000 0.2000E-04 0.1000E+01
 570 0.7759E-02 0.5629E+03 0.1913E-05 0.1011E+02 0.4124E+05 0.1900E+01  8.735 0.0000 0.2000E-04 0.1000E+01
 575 0.8035E-02 0.5588E+03 0.1848E-05 0.1008E+02 0.4108E+05 0.1910E+01  8.720 0.0000 0.2000E-04 0.1000E+01
 580 0.8319E-02 0.5545E+03 0.1780E-05 0.1006E+02 0.4091E+05 0.1919E+01  8.705 0.0000 0.2000E-04 0.1000E+01
 585 0.8613E-02 0.5502E+03 0.1716E-05 0.1003E+02 0.4075E+05 0.1929E+01  8.689 0.0000 0.2000E-04 0.1000E+01
 590 0.8915E-02 0.5459E+03 0.1653E-05 0.9998E+01 0.4058E+05 0.1939E+01  8.674 0.0000 0.2000E-04 0.1000E+01
 595 0.9228E-02 0.5416E+03 0.1593E-05 0.9971E+01 0.4042E+05 0.1949E+01  8.658 0.0000 0.2000E-04 0.1000E+01
 600 0.9551E-02 0.5373E+03 0.1535E-05 0.9943E+01 0.4025E+05 0.1959E+01  8.643 0.0000 0.2000E-04 0.1000E+01
 605 0.9885E-02 0.5330E+03 0.1478E-05 0.9915E+01 0.4008E+05 0.1968E+01  8.628 0.0000 0.2000E-04 0.1000E+01
 610 0.1023E-01 0.5287E+03 0.1423E-05 0.9889E+01 0.3991E+05 0.1978E+01  8.612 0.0000 0.2000E-04 0.1000E+01
 615 0.1059E-01 0.5243E+03 0.1369E-05 0.9861E+01 0.3974E+05 0.1988E+01  8.597 0.0000 0.2000E-04 0.1000E+01
 620 0.1097E-01 0.5199E+03 0.1316E-05 0.9834E+01 0.3956E+05 0.1998E+01  8.581 0.0000 0.2000E-04 0.1000E+01
 625 0.1137E-01 0.5155E+03 0.1265E-05 0.9808E+01 0.3939E+05 0.2008E+01  8.565 0.0000 0.2000E-04 0.1000E+01
 630 0.1177E-01 0.5111E+03 0.1216E-05 0.9781E+01 0.3921E+05 0.2018E+01  8.549 0.0000 0.2000E-04 0.1000E+01
 635 0.1219E-01 0.5073E+03 0.1175E-05 0.9759E+01 0.3906E+05 0.2026E+01  8.536 0.0000 0.2000E-04 0.1000E+01
 640 0.1262E-01 0.5029E+03 0.1129E-05 0.9733E+01 0.3888E+05 0.2036E+01  8.520 0.0000 0.2000E-04 0.1000E+01
 645 0.1307E-01 0.4985E+03 0.1084E-05 0.9707E+01 0.3870E+05 0.2046E+01  8.504 0.0000 0.2000E-04 0.1000E+01
 650 0.1354E-01 0.4941E+03 0.1040E-05 0.9682E+01 0.3852E+05 0.2056E+01  8.489 0.0000 0.2000E-04 0.1000E+01
 655 0.1402E-01 0.4897E+03 0.9993E-06 0.9657E+01 0.3834E+05 0.2066E+01  8.473 0.0000 0.2000E-04 0.1000E+01
 660 0.1452E-01 0.4852E+03 0.9579E-06 0.9633E+01 0.3816E+05 0.2076E+01  8.457 0.0000 0.2000E-04 0.1000E+01
 665 0.1502E-01 0.4808E+03 0.9193E-06 0.9609E+01 0.3798E+05 0.2085E+01  8.442 0.0000 0.2000E-04 0.1000E+01
 670 0.1554E-01 0.4765E+03 0.8824E-06 0.9585E+01 0.3781E+05 0.2095E+01  8.427 0.0000 0.2000E-04 0.1000E+01
 675 0.1608E-01 0.4722E+03 0.8469E-06 0.9562E+01 0.3763E+05 0.2104E+01  8.412 0.0000 0.2000E-04 0.1000E+01
 680 0.1664E-01 0.4680E+03 0.8127E-06 0.9539E+01 0.3745E+05 0.2114E+01  8.397 0.0000 0.2000E-04 0.1000E+01
 685 0.1722E-01 0.4636E+03 0.7794E-06 0.9516E+01 0.3728E+05 0.2123E+01  8.382 0.0000 0.2000E-04 0.1000E+01
 690 0.1782E-01 0.4594E+03 0.7475E-06 0.9494E+01 0.3710E+05 0.2132E+01  8.366 0.0000 0.2000E-04 0.1000E+01
 695 0.1845E-01 0.4551E+03 0.7169E-06 0.9471E+01 0.3692E+05 0.2142E+01  8.351 0.0000 0.2000E-04 0.1000E+01
 700 0.1910E-01 0.4509E+03 0.6875E-06 0.9449E+01 0.3674E+05 0.2151E+01  8.336 0.0000 0.2000E-04 0.1000E+01
 705 0.1977E-01 0.4468E+03 0.6593E-06 0.9427E+01 0.3656E+05 0.2160E+01  8.321 0.0000 0.2000E-04 0.1000E+01
 710 0.2047E-01 0.4426E+03 0.6324E-06 0.9405E+01 0.3638E+05 0.2169E+01  8.306 0.0000 0.2000E-04 0.1000E+01
 715 0.2120E-01 0.4385E+03 0.6064E-06 0.9383E+01 0.3620E+05 0.2178E+01  8.291 0.0000 0.2000E-04 0.1000E+01
 720 0.2195E-01 0.4344E+03 0.5815E-06 0.9362E+01 0.3602E+05 0.2187E+01  8.276 0.0000 0.2000E-04 0.1000E+01
 725 0.2273E-01 0.4304E+03 0.5575E-06 0.9340E+01 0.3584E+05 0.2197E+01  8.260 0.0000 0.2000E-04 0.1000E+01
 730 0.2355E-01 0.4263E+03 0.5342E-06 0.9319E+01 0.3566E+05 0.2206E+01  8.245 0.0000 0.2000E-04 0.1000E+01
 735 0.2439E-01 0.4224E+03 0.5124E-06 0.9298E+01 0.3548E+05 0.2215E+01  8.230 0.0000 0.2000E-04 0.1000E+01
 740 0.2527E-01 0.4182E+03 0.4904E-06 0.9277E+01 0.3529E+05 0.2224E+01  8.215 0.0000 0.2000E-04 0.1000E+01
 745 0.2618E-01 0.4141E+03 0.4694E-06 0.9257E+01 0.3511E+05 0.2233E+01  8.200 0.0000 0.2000E-04 0.1000E+01
 750 0.2714E-01 0.4101E+03 0.4492E-06 0.9236E+01 0.3492E+05 0.2243E+01  8.184 0.0000 0.2000E-04 0.1000E+01
 755 0.2812E-01 0.4057E+03 0.4284E-06 0.9214E+01 0.3473E+05 0.2252E+01  8.168 0.0000 0.2000E-04 0.1000E+01
 760 0.2915E-01 0.4017E+03 0.4097E-06 0.9194E+01 0.3454E+05 0.2261E+01  8.153 0.0000 0.2000E-04 0.1000E+01
 765 0.3022E-01 0.3976E+03 0.3917E-06 0.9174E+01 0.3436E+05 0.2270E+01  8.138 0.0000 0.2000E-04 0.1000E+01
 770 0.3133E-01 0.3936E+03 0.3745E-06 0.9154E+01 0.3418E+05 0.2279E+01  8.122 0.0000 0.2000E-04 0.1000E+01
 775 0.3249E-01 0.3897E+03 0.3584E-06 0.9135E+01 0.3400E+05 0.2287E+01  8.108 0.0000 0.2000E-04 0.1000E+01
 780 0.3369E-01 0.3857E+03 0.3425E-06 0.9115E+01 0.3382E+05 0.2296E+01  8.092 0.0000 0.2000E-04 0.1000E+01
 785 0.3495E-01 0.3817E+03 0.3272E-06 0.9096E+01 0.3363E+05 0.2304E+01  8.077 0.0000 0.2000E-04 0.1000E+01
 790 0.3625E-01 0.3778E+03 0.3127E-06 0.9076E+01 0.3345E+05 0.2313E+01  8.062 0.0000 0.2000E-04 0.1000E+01
 795 0.3761E-01 0.3739E+03 0.2986E-06 0.9057E+01 0.3327E+05 0.2322E+01  8.047 0.0000 0.2000E-04 0.1000E+01
 800 0.3902E-01 0.3700E+03 0.2853E-06 0.9038E+01 0.3309E+05 0.2330E+01  8.032 0.0000 0.2000E-04 0.1000E+01
 805 0.4049E-01 0.3662E+03 0.2724E-06 0.9019E+01 0.3291E+05 0.2338E+01  8.017 0.0000 0.2000E-04 0.1000E+01
 810 0.4202E-01 0.3624E+03 0.2603E-06 0.9001E+01 0.3273E+05 0.2347E+01  8.002 0.0000 0.2000E-04 0.1000E+01
 815 0.4361E-01 0.3586E+03 0.2485E-06 0.8982E+01 0.3255E+05 0.2355E+01  7.986 0.0000 0.2000E-04 0.1000E+01
 820 0.4527E-01 0.3549E+03 0.2373E-06 0.8964E+01 0.3237E+05 0.2363E+01  7.971 0.0000 0.2000E-04 0.1000E+01
 825 0.4700E-01 0.3512E+03 0.2267E-06 0.8946E+01 0.3219E+05 0.2372E+01  7.956 0.0000 0.2000E-04 0.1000E+01
 830 0.4880E-01 0.3475E+03 0.2166E-06 0.8928E+01 0.3201E+05 0.2380E+01  7.941 0.0000 0.2000E-04 0.1000E+01
 834 0.5000E-01 0.3452E+03 0.2102E-06 0.8916E+01 0.3189E+05 0.2385E+01  7.931 0.0000 0.2000E-04 0.1000E+01
 835 0.5038E-01 0.3445E+03 0.2083E-06 0.8913E+01 0.3186E+05 0.2387E+01  7.928 0.0000 0.2000E-04 0.1000E+01
 840 0.5232E-01 0.3409E+03 0.1989E-06 0.8895E+01 0.3168E+05 0.2395E+01  7.913 0.0000 0.2000E-04 0.1000E+01
 845 0.5434E-01 0.3373E+03 0.1900E-06 0.8877E+01 0.3150E+05 0.2403E+01  7.898 0.0000 0.2000E-04 0.1000E+01
 850 0.5644E-01 0.3338E+03 0.1815E-06 0.8860E+01 0.3132E+05 0.2411E+01  7.883 0.0000 0.2000E-04 0.1000E+01
 855 0.5864E-01 0.3303E+03 0.1733E-06 0.8842E+01 0.3114E+05 0.2419E+01  7.868 0.0000 0.2000E-04 0.1000E+01
 860 0.6093E-01 0.3268E+03 0.1655E-06 0.8825E+01 0.3096E+05 0.2427E+01  7.853 0.0000 0.2000E-04 0.1000E+01
 865 0.6331E-01 0.3233E+03 0.1579E-06 0.8808E+01 0.3078E+05 0.2435E+01  7.837 0.0000 0.2000E-04 0.1000E+01
 870 0.6579E-01 0.3199E+03 0.1508E-06 0.8791E+01 0.3061E+05 0.2443E+01  7.822 0.0000 0.2000E-04 0.1000E+01
 875 0.6837E-01 0.3166E+03 0.1440E-06 0.8774E+01 0.3043E+05 0.2451E+01  7.807 0.0000 0.2000E-04 0.1000E+01
 879 0.7000E-01 0.3145E+03 0.1400E-06 0.8764E+01 0.3032E+05 0.2455E+01  7.798 0.0000 0.2000E-04 0.1000E+01
 880 0.7054E-01 0.3139E+03 0.1389E-06 0.8761E+01 0.3029E+05 0.2457E+01  7.795 0.0000 0.2000E-04 0.1000E+01
 885 0.7331E-01 0.3105E+03 0.1324E-06 0.8744E+01 0.3012E+05 0.2464E+01  7.780 0.0000 0.2000E-04 0.1000E+01
 890 0.7621E-01 0.3072E+03 0.1264E-06 0.8728E+01 0.2994E+05 0.2472E+01  7.765 0.0000 0.2000E-04 0.1000E+01
 895 0.7922E-01 0.3040E+03 0.1206E-06 0.8711E+01 0.2977E+05 0.2479E+01  7.750 0.0000 0.2000E-04 0.1000E+01
 900 0.8236E-01 0.3007E+03 0.1151E-06 0.8695E+01 0.2959E+05 0.2487E+01  7.735 0.0000 0.2000E-04 0.1000E+01
 905 0.8562E-01 0.2975E+03 0.1099E-06 0.8679E+01 0.2942E+05 0.2495E+01  7.719 0.0000 0.2000E-04 0.1000E+01
 910 0.8903E-01 0.2943E+03 0.1049E-06 0.8663E+01 0.2924E+05 0.2503E+01  7.704 0.0000 0.2000E-04 0.1000E+01
 915 0.9258E-01 0.2912E+03 0.1001E-06 0.8647E+01 0.2907E+05 0.2510E+01  7.689 0.0000 0.2000E-04 0.1000E+01
 920 0.9627E-01 0.2882E+03 0.9568E-07 0.8631E+01 0.2890E+05 0.2518E+01  7.674 0.0000 0.2000E-04 0.1000E+01
 925 0.1000E+00 0.2853E+03 0.9160E-07 0.8617E+01 0.2873E+05 0.2525E+01  7.660 0.0000 0.2000E-04 0.1000E+01
 925 0.1000E+00 0.2853E+03 0.9160E-07 0.8617E+01 0.2873E+05 0.2525E+01  7.660 0.0000 0.2000E-04 0.1000E+01
 930 0.1040E+00 0.2823E+03 0.8746E-07 0.8601E+01 0.2856E+05 0.2533E+01  7.645 0.0000 0.2000E-04 0.1000E+01
 935 0.1082E+00 0.2792E+03 0.8346E-07 0.8585E+01 0.2838E+05 0.2541E+01  7.629 0.0000 0.2000E-04 0.1000E+01
 940 0.1125E+00 0.2764E+03 0.7979E-07 0.8570E+01 0.2820E+05 0.2549E+01  7.614 0.0000 0.2000E-04 0.1000E+01
 945 0.1170E+00 0.2735E+03 0.7624E-07 0.8555E+01 0.2803E+05 0.2557E+01  7.599 0.0000 0.2000E-04 0.1000E+01
 950 0.1217E+00 0.2707E+03 0.7290E-07 0.8540E+01 0.2786E+05 0.2564E+01  7.584 0.0000 0.2000E-04 0.1000E+01
 955 0.1265E+00 0.2679E+03 0.6973E-07 0.8525E+01 0.2768E+05 0.2572E+01  7.569 0.0000 0.2000E-04 0.1000E+01
 960 0.1316E+00 0.2646E+03 0.6609E-07 0.8508E+01 0.2749E+05 0.2581E+01  7.551 0.0000 0.2000E-04 0.1000E+01
 965 0.1367E+00 0.2623E+03 0.6365E-07 0.8494E+01 0.2732E+05 0.2588E+01  7.538 0.0000 0.2000E-04 0.1000E+01
 970 0.1421E+00 0.2597E+03 0.6092E-07 0.8479E+01 0.2715E+05 0.2596E+01  7.522 0.0000 0.2000E-04 0.1000E+01
 975 0.1478E+00 0.2571E+03 0.5832E-07 0.8465E+01 0.2698E+05 0.2604E+01  7.507 0.0000 0.2000E-04 0.1000E+01
 977 0.1500E+00 0.2562E+03 0.5738E-07 0.8459E+01 0.2691E+05 0.2607E+01  7.502 0.0000 0.2000E-04 0.1000E+01
 980 0.1536E+00 0.2546E+03 0.5591E-07 0.8451E+01 0.2681E+05 0.2611E+01  7.493 0.0000 0.2000E-04 0.1000E+01
 985 0.1597E+00 0.2521E+03 0.5355E-07 0.8436E+01 0.2663E+05 0.2619E+01  7.477 0.0000 0.2000E-04 0.1000E+01
 990 0.1660E+00 0.2496E+03 0.5131E-07 0.8422E+01 0.2646E+05 0.2627E+01  7.462 0.0000 0.2000E-04 0.1000E+01
 995 0.1726E+00 0.2472E+03 0.4916E-07 0.8408E+01 0.2629E+05 0.2635E+01  7.447 0.0000 0.2000E-04 0.1000E+01
1000 0.1794E+00 0.2448E+03 0.4711E-07 0.8394E+01 0.2611E+05 0.2643E+01  7.432 0.0000 0.2000E-04 0.1000E+01
1005 0.1865E+00 0.2424E+03 0.4515E-07 0.8380E+01 0.2594E+05 0.2651E+01  7.417 0.0000 0.2000E-04 0.1000E+01
1010 0.1939E+00 0.2400E+03 0.4328E-07 0.8366E+01 0.2576E+05 0.2659E+01  7.401 0.0000 0.2000E-04 0.1000E+01
1015 0.2000E+00 0.2382E+03 0.4182E-07 0.8355E+01 0.2562E+05 0.2665E+01  7.389 0.0000 0.2000E-04 0.1000E+01
1015 0.2000E+00 0.2382E+03 0.4182E-07 0.8355E+01 0.2562E+05 0.2665E+01  7.389 0.0000 0.2000E-04 0.1000E+01
1020 0.2078E+00 0.2359E+03 0.4012E-07 0.8341E+01 0.2545E+05 0.2673E+01  7.374 0.0000 0.2000E-04 0.1000E+01
1025 0.2159E+00 0.2336E+03 0.3847E-07 0.8328E+01 0.2527E+05 0.2681E+01  7.359 0.0000 0.2000E-04 0.1000E+01
1030 0.2243E+00 0.2314E+03 0.3690E-07 0.8314E+01 0.2510E+05 0.2689E+01  7.344 0.0000 0.2000E-04 0.1000E+01
1035 0.2330E+00 0.2292E+03 0.3539E-07 0.8301E+01 0.2492E+05 0.2697E+01  7.329 0.0000 0.2000E-04 0.1000E+01
1040 0.2420E+00 0.2270E+03 0.3395E-07 0.8288E+01 0.2475E+05 0.2705E+01  7.313 0.0000 0.2000E-04 0.1000E+01
1045 0.2500E+00 0.2251E+03 0.3277E-07 0.8276E+01 0.2461E+05 0.2712E+01  7.300 0.0000 0.2000E-04 0.1000E+01
1045 0.2500E+00 0.2251E+03 0.3277E-07 0.8276E+01 0.2461E+05 0.2712E+01  7.300 0.0000 0.2000E-04 0.1000E+01
1050 0.2596E+00 0.2230E+03 0.3144E-07 0.8263E+01 0.2444E+05 0.2720E+01  7.285 0.0000 0.2000E-04 0.1000E+01
1055 0.2696E+00 0.2209E+03 0.3017E-07 0.8250E+01 0.2427E+05 0.2728E+01  7.270 0.0000 0.2000E-04 0.1000E+01
1060 0.2799E+00 0.2188E+03 0.2895E-07 0.8237E+01 0.2410E+05 0.2736E+01  7.255 0.0000 0.2000E-04 0.1000E+01
1065 0.2906E+00 0.2167E+03 0.2778E-07 0.8224E+01 0.2394E+05 0.2743E+01  7.240 0.0000 0.2000E-04 0.1000E+01
1070 0.3000E+00 0.2150E+03 0.2683E-07 0.8213E+01 0.2379E+05 0.2750E+01  7.227 0.0000 0.2000E-04 0.1000E+01
1070 0.3000E+00 0.2150E+03 0.2683E-07 0.8213E+01 0.2379E+05 0.2750E+01  7.227 0.0000 0.2000E-04 0.1000E+01
1075 0.3114E+00 0.2130E+03 0.2576E-07 0.8200E+01 0.2363E+05 0.2758E+01  7.212 0.0000 0.2000E-04 0.1000E+01
1080 0.3232E+00 0.2110E+03 0.2473E-07 0.8188E+01 0.2346E+05 0.2766E+01  7.197 0.0000 0.2000E-04 0.1000E+01
1085 0.3354E+00 0.2090E+03 0.2374E-07 0.8175E+01 0.2329E+05 0.2774E+01  7.181 0.0000 0.2000E-04 0.1000E+01
1090 0.3480E+00 0.2070E+03 0.2279E-07 0.8162E+01 0.2313E+05 0.2781E+01  7.166 0.0000 0.2000E-04 0.1000E+01
1091 0.3500E+00 0.2067E+03 0.2265E-07 0.8160E+01 0.2310E+05 0.2783E+01  7.164 0.0000 0.2000E-04 0.1000E+01
1095 0.3605E+00 0.2052E+03 0.2192E-07 0.8151E+01 0.2297E+05 0.2789E+01  7.152 0.0000 0.2000E-04 0.1000E+01
1100 0.3740E+00 0.2033E+03 0.2106E-07 0.8138E+01 0.2281E+05 0.2796E+01  7.136 0.0000 0.2000E-04 0.1000E+01
1105 0.3879E+00 0.2014E+03 0.2023E-07 0.8126E+01 0.2265E+05 0.2804E+01  7.121 0.0000 0.2000E-04 0.1000E+01
1110 0.4000E+00 0.1998E+03 0.1956E-07 0.8115E+01 0.2252E+05 0.2810E+01  7.108 0.0000 0.2000E-04 0.1000E+01
1110 0.4000E+00 0.1998E+03 0.1956E-07 0.8115E+01 0.2252E+05 0.2810E+01  7.108 0.0000 0.2000E-04 0.1000E+01
1115 0.4148E+00 0.1980E+03 0.1880E-07 0.8103E+01 0.2236E+05 0.2818E+01  7.093 0.0000 0.2000E-04 0.1000E+01
1120 0.4302E+00 0.1962E+03 0.1807E-07 0.8091E+01 0.2220E+05 0.2825E+01  7.078 0.0000 0.2000E-04 0.1000E+01
1125 0.4461E+00 0.1944E+03 0.1738E-07 0.8079E+01 0.2205E+05 0.2833E+01  7.063 0.0000 0.2000E-04 0.1000E+01
1127 0.4500E+00 0.1940E+03 0.1721E-07 0.8076E+01 0.2201E+05 0.2835E+01  7.059 0.0000 0.2000E-04 0.1000E+01
1130 0.4598E+00 0.1930E+03 0.1681E-07 0.8069E+01 0.2192E+05 0.2839E+01  7.050 0.0000 0.2000E-04 0.1000E+01
1135 0.4767E+00 0.1913E+03 0.1618E-07 0.8057E+01 0.2177E+05 0.2846E+01  7.035 0.0000 0.2000E-04 0.1000E+01
1140 0.4940E+00 0.1896E+03 0.1557E-07 0.8045E+01 0.2162E+05 0.2854E+01  7.020 0.0000 0.2000E-04 0.1000E+01
1142 0.5000E+00 0.1890E+03 0.1537E-07 0.8041E+01 0.2157E+05 0.2856E+01  7.014 0.0000 0.2000E-04 0.1000E+01
1145 0.5108E+00 0.1880E+03 0.1502E-07 0.8034E+01 0.2148E+05 0.2860E+01  7.005 0.0000 0.2000E-04 0.1000E+01
1150 0.5292E+00 0.1864E+03 0.1447E-07 0.8023E+01 0.2133E+05 0.2868E+01  6.990 0.0000 0.2000E-04 0.1000E+01
1155 0.5483E+00 0.1848E+03 0.1393E-07 0.8011E+01 0.2118E+05 0.2875E+01  6.975 0.0000 0.2000E-04 0.1000E+01
1156 0.5500E+00 0.1846E+03 0.1388E-07 0.8010E+01 0.2117E+05 0.2876E+01  6.974 0.0000 0.2000E-04 0.1000E+01
1160 0.5657E+00 0.1834E+03 0.1347E-07 0.8001E+01 0.2105E+05 0.2881E+01  6.961 0.0000 0.2000E-04 0.1000E+01
1165 0.5858E+00 0.1818E+03 0.1298E-07 0.7989E+01 0.2090E+05 0.2889E+01  6.946 0.0000 0.2000E-04 0.1000E+01
1169 0.6000E+00 0.1807E+03 0.1266E-07 0.7981E+01 0.2080E+05 0.2894E+01  6.936 0.0000 0.2000E-04 0.1000E+01
1170 0.6042E+00 0.1804E+03 0.1257E-07 0.7979E+01 0.2077E+05 0.2895E+01  6.933 0.0000 0.2000E-04 0.1000E+01
1175 0.6255E+00 0.1789E+03 0.1211E-07 0.7968E+01 0.2063E+05 0.2902E+01  6.918 0.0000 0.2000E-04 0.1000E+01
1180 0.6475E+00 0.1774E+03 0.1167E-07 0.7957E+01 0.2049E+05 0.2909E+01  6.902 0.0000 0.2000E-04 0.1000E+01
1181 0.6500E+00 0.1772E+03 0.1163E-07 0.7955E+01 0.2047E+05 0.2910E+01  6.901 0.0000 0.2000E-04 0.1000E+01
1185 0.6681E+00 0.1760E+03 0.1129E-07 0.7947E+01 0.2035E+05 0.2916E+01  6.888 0.0000 0.2000E-04 0.1000E+01
1190 0.6914E+00 0.1745E+03 0.1088E-07 0.7936E+01 0.2021E+05 0.2923E+01  6.873 0.0000 0.2000E-04 0.1000E+01
1192 0.7000E+00 0.1740E+03 0.1074E-07 0.7932E+01 0.2016E+05 0.2926E+01  6.868 0.0000 0.2000E-04 0.1000E+01
1195 0.7145E+00 0.1731E+03 0.1051E-07 0.7925E+01 0.2008E+05 0.2930E+01  6.859 0.0000 0.2000E-04 0.1000E+01
1200 0.7392E+00 0.1717E+03 0.1013E-07 0.7914E+01 0.1994E+05 0.2937E+01  6.843 0.0000 0.2000E-04 0.1000E+01
1203 0.7500E+00 0.1711E+03 0.9975E-08 0.7909E+01 0.1988E+05 0.2940E+01  6.837 0.0000 0.2000E-04 0.1000E+01
1205 0.7602E+00 0.1705E+03 0.9831E-08 0.7905E+01 0.1983E+05 0.2943E+01  6.831 0.0000 0.2000E-04 0.1000E+01
1210 0.7863E+00 0.1691E+03 0.9480E-08 0.7894E+01 0.1969E+05 0.2950E+01  6.815 0.0000 0.2000E-04 0.1000E+01
1213 0.8000E+00 0.1683E+03 0.9306E-08 0.7889E+01 0.1962E+05 0.2953E+01  6.808 0.0000 0.2000E-04 0.1000E+01
1215 0.8108E+00 0.1678E+03 0.9172E-08 0.7885E+01 0.1956E+05 0.2956E+01  6.802 0.0000 0.2000E-04 0.1000E+01
1220 0.8383E+00 0.1664E+03 0.8847E-08 0.7874E+01 0.1942E+05 0.2963E+01  6.786 0.0000 0.2000E-04 0.1000E+01
1223 0.8500E+00 0.1658E+03 0.8716E-08 0.7870E+01 0.1936E+05 0.2966E+01  6.780 0.0000 0.2000E-04 0.1000E+01
1225 0.8613E+00 0.1652E+03 0.8592E-08 0.7866E+01 0.1931E+05 0.2969E+01  6.774 0.0000 0.2000E-04 0.1000E+01
1230 0.8904E+00 0.1639E+03 0.8290E-08 0.7855E+01 0.1917E+05 0.2976E+01  6.759 0.0000 0.2000E-04 0.1000E+01
1232 0.9000E+00 0.1634E+03 0.8194E-08 0.7852E+01 0.1913E+05 0.2978E+01  6.754 0.0000 0.2000E-04 0.1000E+01
1235 0.9180E+00 0.1626E+03 0.8020E-08 0.7846E+01 0.1905E+05 0.2982E+01  6.745 0.0000 0.2000E-04 0.1000E+01
1240 0.9486E+00 0.1613E+03 0.7738E-08 0.7836E+01 0.1891E+05 0.2989E+01  6.729 0.0000 0.2000E-04 0.1000E+01
1241 0.9500E+00 0.1612E+03 0.7726E-08 0.7835E+01 0.1891E+05 0.2990E+01  6.729 0.0000 0.2000E-04 0.1000E+01
1245 0.9752E+00 0.1602E+03 0.7508E-08 0.7827E+01 0.1880E+05 0.2995E+01  6.717 0.0000 0.2000E-04 0.1000E+01
1249 0.1000E+01 0.1591E+03 0.7306E-08 0.7820E+01 0.1869E+05 0.3001E+01  6.705 0.0000 0.2000E-04 0.1000E+01
1250 0.1007E+01 0.1589E+03 0.7254E-08 0.7818E+01 0.1867E+05 0.3002E+01  6.702 0.0000 0.2000E-04 0.1000E+01
1255 0.1040E+01 0.1576E+03 0.7002E-08 0.7808E+01 0.1853E+05 0.3009E+01  6.687 0.0000 0.2000E-04 0.1000E+01
1260 0.1074E+01 0.1563E+03 0.6759E-08 0.7798E+01 0.1840E+05 0.3016E+01  6.671 0.0000 0.2000E-04 0.1000E+01
1265 0.1109E+01 0.1550E+03 0.6525E-08 0.7788E+01 0.1826E+05 0.3023E+01  6.656 0.0000 0.2000E-04 0.1000E+01
1270 0.1145E+01 0.1538E+03 0.6301E-08 0.7779E+01 0.1813E+05 0.3030E+01  6.641 0.0000 0.2000E-04 0.1000E+01
1275 0.1182E+01 0.1525E+03 0.6084E-08 0.7769E+01 0.1800E+05 0.3036E+01  6.626 0.0000 0.2000E-04 0.1000E+01
1280 0.1221E+01 0.1513E+03 0.5875E-08 0.7760E+01 0.1787E+05 0.3043E+01  6.610 0.0000 0.2000E-04 0.1000E+01
1285 0.1260E+01 0.1501E+03 0.5674E-08 0.7751E+01 0.1774E+05 0.3050E+01  6.595 0.0000 0.2000E-04 0.1000E+01
1290 0.1300E+01 0.1489E+03 0.5480E-08 0.7741E+01 0.1761E+05 0.3057E+01  6.580 0.0000 0.2000E-04 0.1000E+01
1295 0.1342E+01 0.1477E+03 0.5292E-08 0.7732E+01 0.1748E+05 0.3063E+01  6.565 0.0000 0.2000E-04 0.1000E+01
1300 0.1385E+01 0.1465E+03 0.5112E-08 0.7723E+01 0.1735E+05 0.3070E+01  6.549 0.0000 0.2000E-04 0.1000E+01
1305 0.1429E+01 0.1453E+03 0.4938E-08 0.7714E+01 0.1722E+05 0.3077E+01  6.534 0.0000 0.2000E-04 0.1000E+01
1310 0.1474E+01 0.1441E+03 0.4770E-08 0.7705E+01 0.1709E+05 0.3083E+01  6.519 0.0000 0.2000E-04 0.1000E+01
1313 0.1500E+01 0.1435E+03 0.4678E-08 0.7700E+01 0.1702E+05 0.3087E+01  6.510 0.0000 0.2000E-04 0.1000E+01
1315 0.1519E+01 0.1430E+03 0.4614E-08 0.7697E+01 0.1697E+05 0.3090E+01  6.504 0.0000 0.2000E-04 0.1000E+01
1320 0.1566E+01 0.1419E+03 0.4458E-08 0.7688E+01 0.1684E+05 0.3097E+01  6.489 0.0000 0.2000E-04 0.1000E+01
1325 0.1615E+01 0.1407E+03 0.4307E-08 0.7679E+01 0.1671E+05 0.3103E+01  6.474 0.0000 0.2000E-04 0.1000E+01
1330 0.1665E+01 0.1396E+03 0.4163E-08 0.7671E+01 0.1659E+05 0.3110E+01  6.459 0.0000 0.2000E-04 0.1000E+01
1335 0.1717E+01 0.1385E+03 0.4023E-08 0.7662E+01 0.1646E+05 0.3116E+01  6.443 0.0000 0.2000E-04 0.1000E+01
1340 0.1770E+01 0.1374E+03 0.3888E-08 0.7654E+01 0.1634E+05 0.3123E+01  6.428 0.0000 0.2000E-04 0.1000E+01
1345 0.1824E+01 0.1363E+03 0.3758E-08 0.7645E+01 0.1622E+05 0.3129E+01  6.413 0.0000 0.2000E-04 0.1000E+01
1350 0.1880E+01 0.1352E+03 0.3633E-08 0.7637E+01 0.1610E+05 0.3135E+01  6.398 0.0000 0.2000E-04 0.1000E+01
1355 0.1937E+01 0.1342E+03 0.3512E-08 0.7629E+01 0.1598E+05 0.3142E+01  6.382 0.0000 0.2000E-04 0.1000E+01
1360 0.1996E+01 0.1331E+03 0.3395E-08 0.7621E+01 0.1586E+05 0.3148E+01  6.367 0.0000 0.2000E-04 0.1000E+01
1361 0.2000E+01 0.1330E+03 0.3387E-08 0.7620E+01 0.1586E+05 0.3149E+01  6.366 0.0000 0.2000E-04 0.1000E+01
1365 0.2048E+01 0.1322E+03 0.3297E-08 0.7613E+01 0.1576E+05 0.3154E+01  6.354 0.0000 0.2000E-04 0.1000E+01
1370 0.2110E+01 0.1312E+03 0.3188E-08 0.7605E+01 0.1565E+05 0.3160E+01  6.339 0.0000 0.2000E-04 0.1000E+01
1375 0.2174E+01 0.1301E+03 0.3082E-08 0.7597E+01 0.1553E+05 0.3166E+01  6.324 0.0000 0.2000E-04 0.1000E+01
1380 0.2239E+01 0.1291E+03 0.2979E-08 0.7589E+01 0.1542E+05 0.3173E+01  6.308 0.0000 0.2000E-04 0.1000E+01
1385 0.2306E+01 0.1281E+03 0.2880E-08 0.7581E+01 0.1530E+05 0.3179E+01  6.293 0.0000 0.2000E-04 0.1000E+01
1390 0.2375E+01 0.1271E+03 0.2784E-08 0.7573E+01 0.1519E+05 0.3185E+01  6.278 0.0000 0.2000E-04 0.1000E+01
1395 0.2446E+01 0.1261E+03 0.2692E-08 0.7565E+01 0.1508E+05 0.3191E+01  6.262 0.0000 0.2000E-04 0.1000E+01
1399 0.2500E+01 0.1253E+03 0.2625E-08 0.7559E+01 0.1500E+05 0.3196E+01  6.251 0.0000 0.2000E-04 0.1000E+01
1400 0.2515E+01 0.1251E+03 0.2608E-08 0.7558E+01 0.1497E+05 0.3197E+01  6.248 0.0000 0.2000E-04 0.1000E+01
1405 0.2589E+01 0.1241E+03 0.2521E-08 0.7550E+01 0.1487E+05 0.3204E+01  6.233 0.0000 0.2000E-04 0.1000E+01
1410 0.2665E+01 0.1232E+03 0.2438E-08 0.7542E+01 0.1476E+05 0.3210E+01  6.218 0.0000 0.2000E-04 0.1000E+01
1415 0.2744E+01 0.1222E+03 0.2358E-08 0.7534E+01 0.1465E+05 0.3216E+01  6.202 0.0000 0.2000E-04 0.1000E+01
1420 0.2824E+01 0.1212E+03 0.2280E-08 0.7526E+01 0.1454E+05 0.3223E+01  6.187 0.0000 0.2000E-04 0.1000E+01
1425 0.2907E+01 0.1203E+03 0.2205E-08 0.7518E+01 0.1444E+05 0.3229E+01  6.172 0.0000 0.2000E-04 0.1000E+01
1430 0.2991E+01 0.1194E+03 0.2133E-08 0.7511E+01 0.1434E+05 0.3235E+01  6.157 0.0000 0.2000E-04 0.1000E+01
1431 0.3000E+01 0.1193E+03 0.2125E-08 0.7510E+01 0.1433E+05 0.3236E+01  6.155 0.0000 0.2000E-04 0.1000E+01
1435 0.3069E+01 0.1185E+03 0.2069E-08 0.7504E+01 0.1424E+05 0.3241E+01  6.143 0.0000 0.2000E-04 0.1000E+01
1440 0.3158E+01 0.1176E+03 0.2002E-08 0.7496E+01 0.1414E+05 0.3247E+01  6.128 0.0000 0.2000E-04 0.1000E+01
1445 0.3250E+01 0.1167E+03 0.1936E-08 0.7488E+01 0.1404E+05 0.3254E+01  6.113 0.0000 0.2000E-04 0.1000E+01
1450 0.3343E+01 0.1158E+03 0.1873E-08 0.7481E+01 0.1394E+05 0.3260E+01  6.097 0.0000 0.2000E-04 0.1000E+01
1455 0.3439E+01 0.1149E+03 0.1811E-08 0.7473E+01 0.1384E+05 0.3267E+01  6.082 0.0000 0.2000E-04 0.1000E+01
1459 0.3500E+01 0.1143E+03 0.1775E-08 0.7469E+01 0.1378E+05 0.3271E+01  6.073 0.0000 0.2000E-04 0.1000E+01
1460 0.3520E+01 0.1141E+03 0.1763E-08 0.7467E+01 0.1376E+05 0.3272E+01  6.070 0.0000 0.2000E-04 0.1000E+01
1465 0.3621E+01 0.1133E+03 0.1705E-08 0.7460E+01 0.1366E+05 0.3279E+01  6.054 0.0000 0.2000E-04 0.1000E+01
1470 0.3724E+01 0.1124E+03 0.1650E-08 0.7452E+01 0.1356E+05 0.3286E+01  6.039 0.0000 0.2000E-04 0.1000E+01
1475 0.3830E+01 0.1115E+03 0.1596E-08 0.7445E+01 0.1346E+05 0.3292E+01  6.024 0.0000 0.2000E-04 0.1000E+01
1480 0.3939E+01 0.1106E+03 0.1544E-08 0.7437E+01 0.1336E+05 0.3299E+01  6.009 0.0000 0.2000E-04 0.1000E+01
1483 0.4000E+01 0.1102E+03 0.1517E-08 0.7433E+01 0.1331E+05 0.3303E+01  6.000 0.0000 0.2000E-04 0.1000E+01
1485 0.4045E+01 0.1099E+03 0.1499E-08 0.7430E+01 0.1327E+05 0.3305E+01  5.994 0.0000 0.2000E-04 0.1000E+01
1490 0.4157E+01 0.1097E+03 0.1488E-08 0.7423E+01 0.1317E+05 0.3312E+01  5.979 0.0000 0.2000E-04 0.1000E+01
1495 0.4272E+01 0.1089E+03 0.1440E-08 0.7416E+01 0.1308E+05 0.3319E+01  5.964 0.0000 0.2000E-04 0.1000E+01
1500 0.4390E+01 0.1081E+03 0.1394E-08 0.7408E+01 0.1298E+05 0.3326E+01  5.948 0.0000 0.2000E-04 0.1000E+01
1505 0.4500E+01 0.1073E+03 0.1353E-08 0.7402E+01 0.1290E+05 0.3332E+01  5.934 0.0000 0.2000E-04 0.1000E+01
1505 0.4500E+01 0.1073E+03 0.1353E-08 0.7402E+01 0.1290E+05 0.3332E+01  5.934 0.0000 0.2000E-04 0.1000E+01
1510 0.4623E+01 0.1065E+03 0.1309E-08 0.7395E+01 0.1280E+05 0.3339E+01  5.919 0.0000 0.2000E-04 0.1000E+01
1515 0.4749E+01 0.1057E+03 0.1267E-08 0.7387E+01 0.1271E+05 0.3346E+01  5.904 0.0000 0.2000E-04 0.1000E+01
1520 0.4879E+01 0.1049E+03 0.1227E-08 0.7380E+01 0.1262E+05 0.3353E+01  5.889 0.0000 0.2000E-04 0.1000E+01
1525 0.5000E+01 0.1041E+03 0.1191E-08 0.7374E+01 0.1253E+05 0.3359E+01  5.875 0.0000 0.2000E-04 0.1000E+01
1525 0.5000E+01 0.1041E+03 0.1191E-08 0.7374E+01 0.1253E+05 0.3359E+01  5.875 0.0000 0.2000E-04 0.1000E+01
1530 0.5136E+01 0.1033E+03 0.1153E-08 0.7367E+01 0.1244E+05 0.3366E+01  5.859 0.0000 0.2000E-04 0.1000E+01
1535 0.5275E+01 0.1026E+03 0.1116E-08 0.7360E+01 0.1235E+05 0.3373E+01  5.844 0.0000 0.2000E-04 0.1000E+01
1540 0.5417E+01 0.1018E+03 0.1081E-08 0.7353E+01 0.1225E+05 0.3380E+01  5.829 0.0000 0.2000E-04 0.1000E+01
1543 0.5500E+01 0.1013E+03 0.1061E-08 0.7349E+01 0.1220E+05 0.3384E+01  5.820 0.0000 0.2000E-04 0.1000E+01
1545 0.5559E+01 0.1010E+03 0.1048E-08 0.7347E+01 0.1217E+05 0.3387E+01  5.814 0.0000 0.2000E-04 0.1000E+01
1550 0.5708E+01 0.1003E+03 0.1014E-08 0.7340E+01 0.1207E+05 0.3393E+01  5.799 0.0000 0.2000E-04 0.1000E+01
1555 0.5862E+01 0.9952E+02 0.9823E-09 0.7333E+01 0.1198E+05 0.3400E+01  5.784 0.0000 0.2000E-04 0.1000E+01
1560 0.6000E+01 0.9886E+02 0.9549E-09 0.7327E+01 0.1191E+05 0.3406E+01  5.770 0.0000 0.2000E-04 0.1000E+01
1560 0.6000E+01 0.9886E+02 0.9549E-09 0.7327E+01 0.1191E+05 0.3406E+01  5.770 0.0000 0.2000E-04 0.1000E+01
1565 0.6161E+01 0.9811E+02 0.9248E-09 0.7321E+01 0.1182E+05 0.3413E+01  5.755 0.0000 0.2000E-04 0.1000E+01
1570 0.6326E+01 0.9737E+02 0.8956E-09 0.7314E+01 0.1173E+05 0.3420E+01  5.740 0.0000 0.2000E-04 0.1000E+01
1575 0.6495E+01 0.9664E+02 0.8674E-09 0.7308E+01 0.1164E+05 0.3427E+01  5.725 0.0000 0.2000E-04 0.1000E+01
1576 0.6500E+01 0.9662E+02 0.8666E-09 0.7308E+01 0.1164E+05 0.3427E+01  5.724 0.0000 0.2000E-04 0.1000E+01
1580 0.6638E+01 0.9603E+02 0.8447E-09 0.7302E+01 0.1157E+05 0.3433E+01  5.712 0.0000 0.2000E-04 0.1000E+01
1585 0.6816E+01 0.9531E+02 0.8181E-09 0.7296E+01 0.1148E+05 0.3440E+01  5.697 0.0000 0.2000E-04 0.1000E+01
1590 0.6997E+01 0.9459E+02 0.7924E-09 0.7290E+01 0.1139E+05 0.3447E+01  5.681 0.0000 0.2000E-04 0.1000E+01
1591 0.7000E+01 0.9458E+02 0.7920E-09 0.7290E+01 0.1139E+05 0.3447E+01  5.681 0.0000 0.2000E-04 0.1000E+01
1595 0.7149E+01 0.9401E+02 0.7720E-09 0.7285E+01 0.1132E+05 0.3452E+01  5.669 0.0000 0.2000E-04 0.1000E+01
1600 0.7339E+01 0.9330E+02 0.7477E-09 0.7278E+01 0.1123E+05 0.3459E+01  5.654 0.0000 0.2000E-04 0.1000E+01
1605 0.7500E+01 0.9272E+02 0.7282E-09 0.7273E+01 0.1116E+05 0.3464E+01  5.641 0.0000 0.2000E-04 0.1000E+01
1605 0.7500E+01 0.9272E+02 0.7282E-09 0.7273E+01 0.1116E+05 0.3464E+01  5.641 0.0000 0.2000E-04 0.1000E+01
1610 0.7698E+01 0.9203E+02 0.7055E-09 0.7267E+01 0.1107E+05 0.3471E+01  5.626 0.0000 0.2000E-04 0.1000E+01
1615 0.7902E+01 0.9134E+02 0.6835E-09 0.7261E+01 0.1099E+05 0.3478E+01  5.610 0.0000 0.2000E-04 0.1000E+01
1618 0.8000E+01 0.9102E+02 0.6733E-09 0.7258E+01 0.1095E+05 0.3481E+01  5.603 0.0000 0.2000E-04 0.1000E+01
1620 0.8083E+01 0.9074E+02 0.6648E-09 0.7256E+01 0.1092E+05 0.3483E+01  5.597 0.0000 0.2000E-04 0.1000E+01
1625 0.8296E+01 0.9007E+02 0.6442E-09 0.7250E+01 0.1083E+05 0.3490E+01  5.582 0.0000 0.2000E-04 0.1000E+01
1630 0.8500E+01 0.8944E+02 0.6255E-09 0.7244E+01 0.1075E+05 0.3496E+01  5.567 0.0000 0.2000E-04 0.1000E+01
1630 0.8500E+01 0.8944E+02 0.6255E-09 0.7244E+01 0.1075E+05 0.3496E+01  5.567 0.0000 0.2000E-04 0.1000E+01
1635 0.8722E+01 0.8878E+02 0.6061E-09 0.7238E+01 0.1067E+05 0.3502E+01  5.552 0.0000 0.2000E-04 0.1000E+01
1640 0.8950E+01 0.8812E+02 0.5875E-09 0.7233E+01 0.1059E+05 0.3509E+01  5.537 0.0000 0.2000E-04 0.1000E+01
1642 0.9000E+01 0.8798E+02 0.5835E-09 0.7231E+01 0.1057E+05 0.3510E+01  5.534 0.0000 0.2000E-04 0.1000E+01
1645 0.9140E+01 0.8759E+02 0.5726E-09 0.7228E+01 0.1052E+05 0.3514E+01  5.524 0.0000 0.2000E-04 0.1000E+01
1650 0.9377E+01 0.8694E+02 0.5550E-09 0.7222E+01 0.1044E+05 0.3520E+01  5.509 0.0000 0.2000E-04 0.1000E+01
1653 0.9500E+01 0.8662E+02 0.5464E-09 0.7220E+01 0.1040E+05 0.3523E+01  5.501 0.0000 0.2000E-04 0.1000E+01
1655 0.9598E+01 0.8636E+02 0.5396E-09 0.7217E+01 0.1037E+05 0.3526E+01  5.495 0.0000 0.2000E-04 0.1000E+01
1660 0.9846E+01 0.8572E+02 0.5231E-09 0.7212E+01 0.1029E+05 0.3532E+01  5.480 0.0000 0.2000E-04 0.1000E+01
