 $INPUT
 IMODEL	=             1
 N	=           120
 MINSTP	=             0
 VEOS	=  1.000000000000000
 ILOOP	=             1
 STATIC	=   F
 FRACT	=  2.0000000000000000E-03
 SHINE	=  0.3000000000000000
 SHAVE	=  9.9999999999999995E-08
 POUT	=  5000000.000000000
 AMETH	=             2
 CMETH	=             1
 NOBOND	=             1
 TBEG	=  5.0000000000000004E-06
 TIMEF	=  10.00000000000000
 DTIMEO	=  5.0000000000000003E-02
 STEPO	=  0.5000000000000000
 LCORR	=   T
 LSTART	=   F
 MAXSTP	=         10000
 SPK	=  10.00000000000000
 STARL	=  0.0000000000000000E+00
 DIST	=  10.00000000000000
 ALB	=  0.3500000000000000
 TEFFS	=  5770.000000000000
 LCONV	=   T
 LTRANS	=   T
 LPOUT	=   T
 LFILL	=   F
 LCONT	=   T
 LBURN	=   T
 MAG	=  'O '
 GAM	=  '7X'
 MASS	=  0.9495700000000000
 YHEA	=  0.2500000000000000
 YDI	=  2.0000000000000002E-05
 HB	=  1.000000000000000
 $end
 
 
 Gam,Mass,Yhe,Ydi,Dist,starl,alb=  7X   0.950   0.250 0.200E-04 0.100E+02 0.000E+00 0.350E+00
  I  Time(Gyrs) Teff        Lumin      Rad(Gcm)  Tc         Rhoc       S      Ratio  Yd         Yl


   5 0.2583E-05 0.6587E+03 0.2138E-04 0.2470E+02 0.2432E+05 0.3452E+00  9.995 0.0000 0.2000E-04 0.1000E+01
   8 0.0000E+00 0.6594E+03 0.2119E-04 0.2454E+02 0.2441E+05 0.3494E+00  9.990 0.0000 0.2000E-04 0.1000E+01
  10 0.1741E-05 0.6598E+03 0.2106E-04 0.2442E+02 0.2447E+05 0.3522E+00  9.986 0.0000 0.2000E-04 0.1000E+01
  15 0.6161E-05 0.6609E+03 0.2072E-04 0.2415E+02 0.2463E+05 0.3594E+00  9.978 0.0000 0.2000E-04 0.1000E+01
  20 0.1068E-04 0.6618E+03 0.2038E-04 0.2388E+02 0.2477E+05 0.3664E+00  9.969 0.0000 0.2000E-04 0.1000E+01
  25 0.1529E-04 0.6626E+03 0.2004E-04 0.2363E+02 0.2492E+05 0.3733E+00  9.960 0.0000 0.2000E-04 0.1000E+01
  30 0.2000E-04 0.6633E+03 0.1971E-04 0.2338E+02 0.2505E+05 0.3800E+00  9.952 0.0000 0.2000E-04 0.1000E+01
  35 0.2481E-04 0.6639E+03 0.1938E-04 0.2314E+02 0.2519E+05 0.3867E+00  9.943 0.0000 0.2000E-04 0.1000E+01
  40 0.2973E-04 0.6644E+03 0.1905E-04 0.2291E+02 0.2533E+05 0.3932E+00  9.934 0.0000 0.2000E-04 0.1000E+01
  45 0.3475E-04 0.6648E+03 0.1872E-04 0.2269E+02 0.2545E+05 0.3995E+00  9.925 0.0000 0.2000E-04 0.1000E+01
  50 0.3986E-04 0.6651E+03 0.1840E-04 0.2247E+02 0.2557E+05 0.4057E+00  9.917 0.0000 0.2000E-04 0.1000E+01
  55 0.4509E-04 0.6653E+03 0.1808E-04 0.2226E+02 0.2569E+05 0.4118E+00  9.908 0.0000 0.2000E-04 0.1000E+01
  60 0.5042E-04 0.6655E+03 0.1778E-04 0.2206E+02 0.2580E+05 0.4177E+00  9.899 0.0000 0.2000E-04 0.1000E+01
  65 0.5587E-04 0.6656E+03 0.1747E-04 0.2186E+02 0.2590E+05 0.4235E+00  9.891 0.0000 0.2000E-04 0.1000E+01
  70 0.6143E-04 0.6656E+03 0.1717E-04 0.2167E+02 0.2601E+05 0.4293E+00  9.882 0.0000 0.2000E-04 0.1000E+01
  75 0.6711E-04 0.6656E+03 0.1687E-04 0.2148E+02 0.2611E+05 0.4349E+00  9.873 0.0000 0.2000E-04 0.1000E+01
  80 0.7290E-04 0.6654E+03 0.1657E-04 0.2130E+02 0.2620E+05 0.4404E+00  9.865 0.0000 0.2000E-04 0.1000E+01
  85 0.7881E-04 0.6653E+03 0.1628E-04 0.2113E+02 0.2628E+05 0.4459E+00  9.856 0.0000 0.2000E-04 0.1000E+01
  90 0.8484E-04 0.6650E+03 0.1600E-04 0.2095E+02 0.2637E+05 0.4512E+00  9.847 0.0000 0.2000E-04 0.1000E+01
  95 0.9099E-04 0.6648E+03 0.1572E-04 0.2079E+02 0.2645E+05 0.4565E+00  9.839 0.0000 0.2000E-04 0.1000E+01
 100 0.9726E-04 0.6646E+03 0.1545E-04 0.2062E+02 0.2652E+05 0.4617E+00  9.830 0.0000 0.2000E-04 0.1000E+01
 105 0.1036E-03 0.6643E+03 0.1519E-04 0.2046E+02 0.2660E+05 0.4668E+00  9.821 0.0000 0.2000E-04 0.1000E+01
 110 0.1102E-03 0.6640E+03 0.1493E-04 0.2031E+02 0.2666E+05 0.4718E+00  9.812 0.0000 0.2000E-04 0.1000E+01
 115 0.1168E-03 0.6637E+03 0.1468E-04 0.2015E+02 0.2672E+05 0.4768E+00  9.804 0.0000 0.2000E-04 0.1000E+01
 120 0.1236E-03 0.6633E+03 0.1443E-04 0.2001E+02 0.2678E+05 0.4818E+00  9.795 0.0000 0.2000E-04 0.1000E+01
 125 0.1304E-03 0.6629E+03 0.1419E-04 0.1986E+02 0.2683E+05 0.4867E+00  9.786 0.0000 0.2000E-04 0.1000E+01
 130 0.1375E-03 0.6625E+03 0.1395E-04 0.1972E+02 0.2688E+05 0.4915E+00  9.777 0.0000 0.2000E-04 0.1000E+01
 135 0.1446E-03 0.6621E+03 0.1372E-04 0.1958E+02 0.2693E+05 0.4963E+00  9.769 0.0000 0.2000E-04 0.1000E+01
 140 0.1519E-03 0.6617E+03 0.1349E-04 0.1944E+02 0.2698E+05 0.5010E+00  9.760 0.0000 0.2000E-04 0.1000E+01
 145 0.1593E-03 0.6612E+03 0.1326E-04 0.1930E+02 0.2702E+05 0.5057E+00  9.751 0.0000 0.2000E-04 0.1000E+01
 150 0.1668E-03 0.6607E+03 0.1304E-04 0.1917E+02 0.2706E+05 0.5104E+00  9.743 0.0000 0.2000E-04 0.1000E+01
 155 0.1745E-03 0.6602E+03 0.1283E-04 0.1904E+02 0.2710E+05 0.5150E+00  9.734 0.0000 0.2000E-04 0.1000E+01
 160 0.1823E-03 0.6596E+03 0.1261E-04 0.1891E+02 0.2714E+05 0.5196E+00  9.725 0.0000 0.2000E-04 0.1000E+01
 165 0.1903E-03 0.6590E+03 0.1240E-04 0.1879E+02 0.2717E+05 0.5242E+00  9.716 0.0000 0.2000E-04 0.1000E+01
 170 0.1984E-03 0.6584E+03 0.1220E-04 0.1867E+02 0.2720E+05 0.5287E+00  9.708 0.0000 0.2000E-04 0.1000E+01
 175 0.2067E-03 0.6577E+03 0.1199E-04 0.1855E+02 0.2723E+05 0.5332E+00  9.699 0.0000 0.2000E-04 0.1000E+01
 180 0.2151E-03 0.6571E+03 0.1179E-04 0.1843E+02 0.2725E+05 0.5376E+00  9.690 0.0000 0.2000E-04 0.1000E+01
 185 0.2236E-03 0.6563E+03 0.1159E-04 0.1831E+02 0.2728E+05 0.5420E+00  9.682 0.0000 0.2000E-04 0.1000E+01
 190 0.2324E-03 0.6556E+03 0.1139E-04 0.1820E+02 0.2730E+05 0.5465E+00  9.673 0.0000 0.2000E-04 0.1000E+01
 195 0.2412E-03 0.6548E+03 0.1119E-04 0.1808E+02 0.2732E+05 0.5508E+00  9.664 0.0000 0.2000E-04 0.1000E+01
 200 0.2503E-03 0.6539E+03 0.1100E-04 0.1797E+02 0.2734E+05 0.5552E+00  9.655 0.0000 0.2000E-04 0.1000E+01
 205 0.2595E-03 0.6529E+03 0.1080E-04 0.1786E+02 0.2736E+05 0.5596E+00  9.647 0.0000 0.2000E-04 0.1000E+01
 210 0.2689E-03 0.6518E+03 0.1060E-04 0.1776E+02 0.2737E+05 0.5639E+00  9.638 0.0000 0.2000E-04 0.1000E+01
 215 0.2785E-03 0.6508E+03 0.1041E-04 0.1765E+02 0.2739E+05 0.5682E+00  9.629 0.0000 0.2000E-04 0.1000E+01
 220 0.2883E-03 0.6497E+03 0.1022E-04 0.1755E+02 0.2740E+05 0.5724E+00  9.620 0.0000 0.2000E-04 0.1000E+01
 225 0.2983E-03 0.6486E+03 0.1003E-04 0.1745E+02 0.2741E+05 0.5767E+00  9.612 0.0000 0.2000E-04 0.1000E+01
 230 0.3084E-03 0.6474E+03 0.9842E-05 0.1734E+02 0.2742E+05 0.5809E+00  9.603 0.0000 0.2000E-04 0.1000E+01
 235 0.3188E-03 0.6462E+03 0.9658E-05 0.1725E+02 0.2743E+05 0.5851E+00  9.594 0.0000 0.2000E-04 0.1000E+01
 240 0.3294E-03 0.6449E+03 0.9476E-05 0.1715E+02 0.2743E+05 0.5892E+00  9.586 0.0000 0.2000E-04 0.1000E+01
 245 0.3401E-03 0.6437E+03 0.9295E-05 0.1705E+02 0.2744E+05 0.5933E+00  9.577 0.0000 0.2000E-04 0.1000E+01
 250 0.3511E-03 0.6423E+03 0.9117E-05 0.1696E+02 0.2744E+05 0.5975E+00  9.568 0.0000 0.2000E-04 0.1000E+01
 255 0.3623E-03 0.6410E+03 0.8941E-05 0.1686E+02 0.2745E+05 0.6015E+00  9.559 0.0000 0.2000E-04 0.1000E+01
 260 0.3738E-03 0.6396E+03 0.8767E-05 0.1677E+02 0.2745E+05 0.6055E+00  9.551 0.0000 0.2000E-04 0.1000E+01
 265 0.3854E-03 0.6381E+03 0.8595E-05 0.1668E+02 0.2745E+05 0.6096E+00  9.542 0.0000 0.2000E-04 0.1000E+01
 270 0.3973E-03 0.6366E+03 0.8426E-05 0.1660E+02 0.2745E+05 0.6136E+00  9.533 0.0000 0.2000E-04 0.1000E+01
 275 0.4094E-03 0.6351E+03 0.8259E-05 0.1651E+02 0.2745E+05 0.6176E+00  9.524 0.0000 0.2000E-04 0.1000E+01
 280 0.4218E-03 0.6336E+03 0.8093E-05 0.1642E+02 0.2745E+05 0.6215E+00  9.516 0.0000 0.2000E-04 0.1000E+01
 285 0.4344E-03 0.6320E+03 0.7930E-05 0.1634E+02 0.2744E+05 0.6255E+00  9.507 0.0000 0.2000E-04 0.1000E+01
 290 0.4473E-03 0.6304E+03 0.7769E-05 0.1625E+02 0.2743E+05 0.6293E+00  9.498 0.0000 0.2000E-04 0.1000E+01
 295 0.4605E-03 0.6287E+03 0.7611E-05 0.1617E+02 0.2743E+05 0.6332E+00  9.490 0.0000 0.2000E-04 0.1000E+01
 300 0.4739E-03 0.6270E+03 0.7454E-05 0.1609E+02 0.2742E+05 0.6371E+00  9.481 0.0000 0.2000E-04 0.1000E+01
 305 0.4877E-03 0.6252E+03 0.7296E-05 0.1601E+02 0.2741E+05 0.6409E+00  9.472 0.0000 0.2000E-04 0.1000E+01
 310 0.5017E-03 0.6234E+03 0.7140E-05 0.1593E+02 0.2740E+05 0.6447E+00  9.463 0.0000 0.2000E-04 0.1000E+01
 315 0.5160E-03 0.6216E+03 0.6988E-05 0.1585E+02 0.2739E+05 0.6485E+00  9.455 0.0000 0.2000E-04 0.1000E+01
 320 0.5306E-03 0.6198E+03 0.6840E-05 0.1578E+02 0.2738E+05 0.6522E+00  9.446 0.0000 0.2000E-04 0.1000E+01
 325 0.5456E-03 0.6179E+03 0.6695E-05 0.1570E+02 0.2737E+05 0.6559E+00  9.437 0.0000 0.2000E-04 0.1000E+01
 330 0.5609E-03 0.6161E+03 0.6552E-05 0.1563E+02 0.2735E+05 0.6596E+00  9.428 0.0000 0.2000E-04 0.1000E+01
 335 0.5765E-03 0.6143E+03 0.6414E-05 0.1555E+02 0.2735E+05 0.6632E+00  9.420 0.0000 0.2000E-04 0.1000E+01
 340 0.5925E-03 0.6124E+03 0.6278E-05 0.1548E+02 0.2733E+05 0.6669E+00  9.411 0.0000 0.2000E-04 0.1000E+01
 345 0.6088E-03 0.6106E+03 0.6145E-05 0.1541E+02 0.2732E+05 0.6705E+00  9.402 0.0000 0.2000E-04 0.1000E+01
 350 0.6255E-03 0.6087E+03 0.6016E-05 0.1534E+02 0.2730E+05 0.6742E+00  9.394 0.0000 0.2000E-04 0.1000E+01
 355 0.6425E-03 0.6069E+03 0.5889E-05 0.1527E+02 0.2728E+05 0.6778E+00  9.385 0.0000 0.2000E-04 0.1000E+01
 360 0.6598E-03 0.6050E+03 0.5765E-05 0.1520E+02 0.2727E+05 0.6814E+00  9.376 0.0000 0.2000E-04 0.1000E+01
 365 0.6775E-03 0.6032E+03 0.5643E-05 0.1513E+02 0.2725E+05 0.6850E+00  9.367 0.0000 0.2000E-04 0.1000E+01
 370 0.6956E-03 0.6013E+03 0.5523E-05 0.1506E+02 0.2723E+05 0.6885E+00  9.359 0.0000 0.2000E-04 0.1000E+01
 375 0.7141E-03 0.5994E+03 0.5406E-05 0.1500E+02 0.2721E+05 0.6921E+00  9.350 0.0000 0.2000E-04 0.1000E+01
 380 0.7330E-03 0.5975E+03 0.5290E-05 0.1493E+02 0.2719E+05 0.6956E+00  9.341 0.0000 0.2000E-04 0.1000E+01
 385 0.7524E-03 0.5956E+03 0.5177E-05 0.1486E+02 0.2716E+05 0.6991E+00  9.332 0.0000 0.2000E-04 0.1000E+01
 390 0.7721E-03 0.5936E+03 0.5065E-05 0.1480E+02 0.2714E+05 0.7026E+00  9.324 0.0000 0.2000E-04 0.1000E+01
 395 0.7922E-03 0.5916E+03 0.4954E-05 0.1474E+02 0.2712E+05 0.7061E+00  9.315 0.0000 0.2000E-04 0.1000E+01
 400 0.8128E-03 0.5896E+03 0.4844E-05 0.1467E+02 0.2709E+05 0.7095E+00  9.306 0.0000 0.2000E-04 0.1000E+01
 405 0.8338E-03 0.5875E+03 0.4737E-05 0.1461E+02 0.2707E+05 0.7130E+00  9.297 0.0000 0.2000E-04 0.1000E+01
 410 0.8553E-03 0.5855E+03 0.4632E-05 0.1455E+02 0.2705E+05 0.7164E+00  9.289 0.0000 0.2000E-04 0.1000E+01
 415 0.8773E-03 0.5834E+03 0.4529E-05 0.1449E+02 0.2702E+05 0.7198E+00  9.280 0.0000 0.2000E-04 0.1000E+01
 420 0.8998E-03 0.5814E+03 0.4428E-05 0.1443E+02 0.2700E+05 0.7229E+00  9.271 0.0000 0.2000E-04 0.1000E+01
 425 0.9228E-03 0.5793E+03 0.4329E-05 0.1437E+02 0.2697E+05 0.7263E+00  9.262 0.0000 0.2000E-04 0.1000E+01
 430 0.9462E-03 0.5772E+03 0.4232E-05 0.1431E+02 0.2695E+05 0.7297E+00  9.254 0.0000 0.2000E-04 0.1000E+01
 435 0.9702E-03 0.5751E+03 0.4136E-05 0.1425E+02 0.2692E+05 0.7331E+00  9.245 0.0000 0.2000E-04 0.1000E+01
 440 0.9948E-03 0.5730E+03 0.4043E-05 0.1419E+02 0.2689E+05 0.7364E+00  9.236 0.0000 0.2000E-04 0.1000E+01
 445 0.1020E-02 0.5709E+03 0.3951E-05 0.1413E+02 0.2686E+05 0.7398E+00  9.228 0.0000 0.2000E-04 0.1000E+01
 450 0.1045E-02 0.5687E+03 0.3860E-05 0.1408E+02 0.2683E+05 0.7431E+00  9.219 0.0000 0.2000E-04 0.1000E+01
 455 0.1072E-02 0.5666E+03 0.3772E-05 0.1402E+02 0.2680E+05 0.7464E+00  9.210 0.0000 0.2000E-04 0.1000E+01
 460 0.1098E-02 0.5644E+03 0.3685E-05 0.1396E+02 0.2677E+05 0.7497E+00  9.201 0.0000 0.2000E-04 0.1000E+01
 465 0.1126E-02 0.5622E+03 0.3599E-05 0.1391E+02 0.2674E+05 0.7529E+00  9.193 0.0000 0.2000E-04 0.1000E+01
 470 0.1154E-02 0.5600E+03 0.3515E-05 0.1386E+02 0.2671E+05 0.7562E+00  9.184 0.0000 0.2000E-04 0.1000E+01
 475 0.1183E-02 0.5577E+03 0.3432E-05 0.1380E+02 0.2668E+05 0.7594E+00  9.175 0.0000 0.2000E-04 0.1000E+01
 480 0.1212E-02 0.5554E+03 0.3350E-05 0.1375E+02 0.2664E+05 0.7626E+00  9.166 0.0000 0.2000E-04 0.1000E+01
 485 0.1242E-02 0.5531E+03 0.3270E-05 0.1370E+02 0.2661E+05 0.7658E+00  9.158 0.0000 0.2000E-04 0.1000E+01
 490 0.1273E-02 0.5508E+03 0.3192E-05 0.1364E+02 0.2657E+05 0.7690E+00  9.149 0.0000 0.2000E-04 0.1000E+01
 495 0.1305E-02 0.5485E+03 0.3115E-05 0.1359E+02 0.2654E+05 0.7722E+00  9.140 0.0000 0.2000E-04 0.1000E+01
 500 0.1337E-02 0.5462E+03 0.3040E-05 0.1354E+02 0.2650E+05 0.7753E+00  9.131 0.0000 0.2000E-04 0.1000E+01
 505 0.1370E-02 0.5439E+03 0.2967E-05 0.1349E+02 0.2647E+05 0.7785E+00  9.123 0.0000 0.2000E-04 0.1000E+01
 510 0.1404E-02 0.5416E+03 0.2895E-05 0.1344E+02 0.2643E+05 0.7816E+00  9.114 0.0000 0.2000E-04 0.1000E+01
 515 0.1438E-02 0.5393E+03 0.2824E-05 0.1339E+02 0.2639E+05 0.7846E+00  9.105 0.0000 0.2000E-04 0.1000E+01
 520 0.1474E-02 0.5369E+03 0.2755E-05 0.1334E+02 0.2635E+05 0.7877E+00  9.097 0.0000 0.2000E-04 0.1000E+01
 525 0.1510E-02 0.5346E+03 0.2688E-05 0.1329E+02 0.2631E+05 0.7908E+00  9.088 0.0000 0.2000E-04 0.1000E+01
 530 0.1547E-02 0.5323E+03 0.2622E-05 0.1324E+02 0.2627E+05 0.7939E+00  9.079 0.0000 0.2000E-04 0.1000E+01
 535 0.1585E-02 0.5299E+03 0.2558E-05 0.1320E+02 0.2622E+05 0.7970E+00  9.070 0.0000 0.2000E-04 0.1000E+01
 540 0.1625E-02 0.5276E+03 0.2495E-05 0.1315E+02 0.2618E+05 0.8001E+00  9.062 0.0000 0.2000E-04 0.1000E+01
 545 0.1665E-02 0.5252E+03 0.2433E-05 0.1310E+02 0.2613E+05 0.8032E+00  9.053 0.0000 0.2000E-04 0.1000E+01
 550 0.1706E-02 0.5229E+03 0.2373E-05 0.1306E+02 0.2608E+05 0.8063E+00  9.044 0.0000 0.2000E-04 0.1000E+01
 555 0.1748E-02 0.5205E+03 0.2314E-05 0.1301E+02 0.2603E+05 0.8093E+00  9.035 0.0000 0.2000E-04 0.1000E+01
 560 0.1791E-02 0.5182E+03 0.2257E-05 0.1296E+02 0.2598E+05 0.8123E+00  9.026 0.0000 0.2000E-04 0.1000E+01
 565 0.1835E-02 0.5158E+03 0.2201E-05 0.1292E+02 0.2593E+05 0.8154E+00  9.018 0.0000 0.2000E-04 0.1000E+01
 570 0.1881E-02 0.5135E+03 0.2146E-05 0.1287E+02 0.2588E+05 0.8184E+00  9.009 0.0000 0.2000E-04 0.1000E+01
 575 0.1927E-02 0.5112E+03 0.2093E-05 0.1283E+02 0.2583E+05 0.8213E+00  9.000 0.0000 0.2000E-04 0.1000E+01
 580 0.1975E-02 0.5089E+03 0.2042E-05 0.1279E+02 0.2578E+05 0.8243E+00  8.991 0.0000 0.2000E-04 0.1000E+01
 585 0.2023E-02 0.5066E+03 0.1992E-05 0.1274E+02 0.2573E+05 0.8273E+00  8.983 0.0000 0.2000E-04 0.1000E+01
 590 0.2073E-02 0.5043E+03 0.1943E-05 0.1270E+02 0.2568E+05 0.8302E+00  8.974 0.0000 0.2000E-04 0.1000E+01
 595 0.2124E-02 0.5021E+03 0.1896E-05 0.1266E+02 0.2563E+05 0.8331E+00  8.965 0.0000 0.2000E-04 0.1000E+01
 600 0.2176E-02 0.4998E+03 0.1850E-05 0.1262E+02 0.2558E+05 0.8360E+00  8.956 0.0000 0.2000E-04 0.1000E+01
 605 0.2229E-02 0.4976E+03 0.1805E-05 0.1257E+02 0.2553E+05 0.8389E+00  8.948 0.0000 0.2000E-04 0.1000E+01
 610 0.2283E-02 0.4954E+03 0.1761E-05 0.1253E+02 0.2548E+05 0.8418E+00  8.939 0.0000 0.2000E-04 0.1000E+01
 615 0.2339E-02 0.4931E+03 0.1719E-05 0.1249E+02 0.2542E+05 0.8446E+00  8.930 0.0000 0.2000E-04 0.1000E+01
 620 0.2396E-02 0.4909E+03 0.1677E-05 0.1245E+02 0.2537E+05 0.8475E+00  8.921 0.0000 0.2000E-04 0.1000E+01
 625 0.2455E-02 0.4887E+03 0.1636E-05 0.1241E+02 0.2532E+05 0.8503E+00  8.913 0.0000 0.2000E-04 0.1000E+01
 630 0.2515E-02 0.4865E+03 0.1596E-05 0.1237E+02 0.2527E+05 0.8531E+00  8.904 0.0000 0.2000E-04 0.1000E+01
 635 0.2576E-02 0.4843E+03 0.1557E-05 0.1233E+02 0.2522E+05 0.8559E+00  8.895 0.0000 0.2000E-04 0.1000E+01
 640 0.2639E-02 0.4821E+03 0.1520E-05 0.1229E+02 0.2517E+05 0.8587E+00  8.886 0.0000 0.2000E-04 0.1000E+01
 645 0.2703E-02 0.4799E+03 0.1483E-05 0.1225E+02 0.2513E+05 0.8613E+00  8.877 0.0000 0.2000E-04 0.1000E+01
 650 0.2768E-02 0.4777E+03 0.1447E-05 0.1221E+02 0.2507E+05 0.8640E+00  8.869 0.0000 0.2000E-04 0.1000E+01
 655 0.2835E-02 0.4755E+03 0.1412E-05 0.1218E+02 0.2502E+05 0.8668E+00  8.860 0.0000 0.2000E-04 0.1000E+01
 660 0.2904E-02 0.4733E+03 0.1378E-05 0.1214E+02 0.2497E+05 0.8695E+00  8.851 0.0000 0.2000E-04 0.1000E+01
 665 0.2974E-02 0.4712E+03 0.1344E-05 0.1210E+02 0.2491E+05 0.8723E+00  8.843 0.0000 0.2000E-04 0.1000E+01
 667 0.3000E-02 0.4704E+03 0.1332E-05 0.1209E+02 0.2489E+05 0.8733E+00  8.839 0.0000 0.2000E-04 0.1000E+01
 670 0.3044E-02 0.4691E+03 0.1312E-05 0.1207E+02 0.2486E+05 0.8749E+00  8.834 0.0000 0.2000E-04 0.1000E+01
 675 0.3117E-02 0.4669E+03 0.1280E-05 0.1203E+02 0.2481E+05 0.8777E+00  8.825 0.0000 0.2000E-04 0.1000E+01
 680 0.3192E-02 0.4647E+03 0.1249E-05 0.1199E+02 0.2475E+05 0.8804E+00  8.817 0.0000 0.2000E-04 0.1000E+01
 685 0.3269E-02 0.4626E+03 0.1219E-05 0.1196E+02 0.2470E+05 0.8830E+00  8.808 0.0000 0.2000E-04 0.1000E+01
 690 0.3347E-02 0.4604E+03 0.1189E-05 0.1192E+02 0.2465E+05 0.8857E+00  8.799 0.0000 0.2000E-04 0.1000E+01
 695 0.3428E-02 0.4583E+03 0.1160E-05 0.1189E+02 0.2459E+05 0.8884E+00  8.790 0.0000 0.2000E-04 0.1000E+01
 700 0.3510E-02 0.4561E+03 0.1132E-05 0.1185E+02 0.2454E+05 0.8910E+00  8.782 0.0000 0.2000E-04 0.1000E+01
 705 0.3594E-02 0.4540E+03 0.1104E-05 0.1182E+02 0.2447E+05 0.8937E+00  8.773 0.0000 0.2000E-04 0.1000E+01
 710 0.3680E-02 0.4518E+03 0.1077E-05 0.1178E+02 0.2441E+05 0.8964E+00  8.764 0.0000 0.2000E-04 0.1000E+01
 715 0.3769E-02 0.4497E+03 0.1051E-05 0.1175E+02 0.2434E+05 0.8991E+00  8.755 0.0000 0.2000E-04 0.1000E+01
 720 0.3859E-02 0.4476E+03 0.1025E-05 0.1171E+02 0.2427E+05 0.9018E+00  8.747 0.0000 0.2000E-04 0.1000E+01
 725 0.3952E-02 0.4454E+03 0.9999E-06 0.1168E+02 0.2421E+05 0.9044E+00  8.738 0.0000 0.2000E-04 0.1000E+01
 730 0.4046E-02 0.4433E+03 0.9753E-06 0.1165E+02 0.2415E+05 0.9071E+00  8.729 0.0000 0.2000E-04 0.1000E+01
 735 0.4143E-02 0.4412E+03 0.9512E-06 0.1161E+02 0.2408E+05 0.9097E+00  8.721 0.0000 0.2000E-04 0.1000E+01
 740 0.4242E-02 0.4390E+03 0.9277E-06 0.1158E+02 0.2402E+05 0.9123E+00  8.712 0.0000 0.2000E-04 0.1000E+01
 745 0.4344E-02 0.4369E+03 0.9047E-06 0.1155E+02 0.2396E+05 0.9150E+00  8.703 0.0000 0.2000E-04 0.1000E+01
 750 0.4448E-02 0.4348E+03 0.8822E-06 0.1151E+02 0.2389E+05 0.9176E+00  8.694 0.0000 0.2000E-04 0.1000E+01
 755 0.4555E-02 0.4326E+03 0.8602E-06 0.1148E+02 0.2383E+05 0.9202E+00  8.686 0.0000 0.2000E-04 0.1000E+01
 760 0.4664E-02 0.4305E+03 0.8388E-06 0.1145E+02 0.2377E+05 0.9227E+00  8.677 0.0000 0.2000E-04 0.1000E+01
 765 0.4776E-02 0.4284E+03 0.8179E-06 0.1142E+02 0.2371E+05 0.9253E+00  8.668 0.0000 0.2000E-04 0.1000E+01
 770 0.4890E-02 0.4263E+03 0.7975E-06 0.1139E+02 0.2365E+05 0.9279E+00  8.659 0.0000 0.2000E-04 0.1000E+01
 775 0.5007E-02 0.4242E+03 0.7776E-06 0.1136E+02 0.2359E+05 0.9304E+00  8.650 0.0000 0.2000E-04 0.1000E+01
 780 0.5127E-02 0.4221E+03 0.7581E-06 0.1132E+02 0.2353E+05 0.9330E+00  8.642 0.0000 0.2000E-04 0.1000E+01
 785 0.5250E-02 0.4200E+03 0.7392E-06 0.1129E+02 0.2348E+05 0.9355E+00  8.633 0.0000 0.2000E-04 0.1000E+01
 790 0.5376E-02 0.4179E+03 0.7207E-06 0.1126E+02 0.2342E+05 0.9380E+00  8.624 0.0000 0.2000E-04 0.1000E+01
 795 0.5503E-02 0.4158E+03 0.7028E-06 0.1123E+02 0.2337E+05 0.9405E+00  8.616 0.0000 0.2000E-04 0.1000E+01
 800 0.5634E-02 0.4138E+03 0.6853E-06 0.1120E+02 0.2331E+05 0.9430E+00  8.607 0.0000 0.2000E-04 0.1000E+01
 805 0.5768E-02 0.4117E+03 0.6682E-06 0.1117E+02 0.2326E+05 0.9455E+00  8.598 0.0000 0.2000E-04 0.1000E+01
 810 0.5905E-02 0.4096E+03 0.6515E-06 0.1115E+02 0.2320E+05 0.9480E+00  8.589 0.0000 0.2000E-04 0.1000E+01
 815 0.6046E-02 0.4076E+03 0.6351E-06 0.1112E+02 0.2315E+05 0.9505E+00  8.581 0.0000 0.2000E-04 0.1000E+01
 820 0.6190E-02 0.4055E+03 0.6191E-06 0.1109E+02 0.2309E+05 0.9530E+00  8.572 0.0000 0.2000E-04 0.1000E+01
 825 0.6337E-02 0.4035E+03 0.6036E-06 0.1106E+02 0.2304E+05 0.9555E+00  8.563 0.0000 0.2000E-04 0.1000E+01
 830 0.6488E-02 0.4014E+03 0.5884E-06 0.1103E+02 0.2298E+05 0.9579E+00  8.555 0.0000 0.2000E-04 0.1000E+01
 835 0.6642E-02 0.3994E+03 0.5736E-06 0.1100E+02 0.2293E+05 0.9604E+00  8.546 0.0000 0.2000E-04 0.1000E+01
 840 0.6800E-02 0.3974E+03 0.5592E-06 0.1097E+02 0.2287E+05 0.9629E+00  8.537 0.0000 0.2000E-04 0.1000E+01
 845 0.6962E-02 0.3953E+03 0.5450E-06 0.1095E+02 0.2282E+05 0.9653E+00  8.528 0.0000 0.2000E-04 0.1000E+01
 850 0.7128E-02 0.3933E+03 0.5313E-06 0.1092E+02 0.2277E+05 0.9678E+00  8.520 0.0000 0.2000E-04 0.1000E+01
 855 0.7297E-02 0.3913E+03 0.5178E-06 0.1089E+02 0.2271E+05 0.9702E+00  8.511 0.0000 0.2000E-04 0.1000E+01
 860 0.7471E-02 0.3893E+03 0.5047E-06 0.1086E+02 0.2266E+05 0.9726E+00  8.502 0.0000 0.2000E-04 0.1000E+01
 865 0.7649E-02 0.3873E+03 0.4919E-06 0.1084E+02 0.2261E+05 0.9751E+00  8.494 0.0000 0.2000E-04 0.1000E+01
 870 0.7831E-02 0.3853E+03 0.4794E-06 0.1081E+02 0.2256E+05 0.9775E+00  8.485 0.0000 0.2000E-04 0.1000E+01
 875 0.8018E-02 0.3833E+03 0.4672E-06 0.1078E+02 0.2251E+05 0.9799E+00  8.476 0.0000 0.2000E-04 0.1000E+01
 880 0.8209E-02 0.3813E+03 0.4553E-06 0.1076E+02 0.2246E+05 0.9823E+00  8.467 0.0000 0.2000E-04 0.1000E+01
 885 0.8405E-02 0.3793E+03 0.4436E-06 0.1073E+02 0.2241E+05 0.9848E+00  8.459 0.0000 0.2000E-04 0.1000E+01
 890 0.8606E-02 0.3773E+03 0.4322E-06 0.1070E+02 0.2236E+05 0.9872E+00  8.450 0.0000 0.2000E-04 0.1000E+01
 895 0.8811E-02 0.3753E+03 0.4211E-06 0.1068E+02 0.2231E+05 0.9896E+00  8.441 0.0000 0.2000E-04 0.1000E+01
 900 0.9021E-02 0.3733E+03 0.4103E-06 0.1065E+02 0.2226E+05 0.9920E+00  8.433 0.0000 0.2000E-04 0.1000E+01
 905 0.9236E-02 0.3713E+03 0.3997E-06 0.1063E+02 0.2221E+05 0.9944E+00  8.424 0.0000 0.2000E-04 0.1000E+01
 910 0.9456E-02 0.3693E+03 0.3895E-06 0.1060E+02 0.2216E+05 0.9968E+00  8.415 0.0000 0.2000E-04 0.1000E+01
 915 0.9682E-02 0.3674E+03 0.3794E-06 0.1058E+02 0.2211E+05 0.9993E+00  8.407 0.0000 0.2000E-04 0.1000E+01
 920 0.9913E-02 0.3654E+03 0.3697E-06 0.1055E+02 0.2206E+05 0.1002E+01  8.398 0.0000 0.2000E-04 0.1000E+01
 925 0.1015E-01 0.3635E+03 0.3601E-06 0.1053E+02 0.2201E+05 0.1004E+01  8.389 0.0000 0.2000E-04 0.1000E+01
 930 0.1039E-01 0.3615E+03 0.3508E-06 0.1050E+02 0.2196E+05 0.1007E+01  8.380 0.0000 0.2000E-04 0.1000E+01
 935 0.1064E-01 0.3596E+03 0.3417E-06 0.1048E+02 0.2191E+05 0.1009E+01  8.372 0.0000 0.2000E-04 0.1000E+01
 940 0.1089E-01 0.3577E+03 0.3329E-06 0.1045E+02 0.2186E+05 0.1011E+01  8.363 0.0000 0.2000E-04 0.1000E+01
 945 0.1115E-01 0.3557E+03 0.3243E-06 0.1043E+02 0.2181E+05 0.1014E+01  8.354 0.0000 0.2000E-04 0.1000E+01
 950 0.1142E-01 0.3538E+03 0.3159E-06 0.1040E+02 0.2176E+05 0.1016E+01  8.346 0.0000 0.2000E-04 0.1000E+01
 955 0.1169E-01 0.3519E+03 0.3076E-06 0.1038E+02 0.2171E+05 0.1019E+01  8.337 0.0000 0.2000E-04 0.1000E+01
 960 0.1197E-01 0.3500E+03 0.2996E-06 0.1035E+02 0.2166E+05 0.1021E+01  8.328 0.0000 0.2000E-04 0.1000E+01
 965 0.1226E-01 0.3481E+03 0.2918E-06 0.1033E+02 0.2161E+05 0.1023E+01  8.320 0.0000 0.2000E-04 0.1000E+01
 970 0.1256E-01 0.3462E+03 0.2842E-06 0.1031E+02 0.2156E+05 0.1026E+01  8.311 0.0000 0.2000E-04 0.1000E+01
 975 0.1286E-01 0.3443E+03 0.2768E-06 0.1028E+02 0.2151E+05 0.1028E+01  8.302 0.0000 0.2000E-04 0.1000E+01
 980 0.1316E-01 0.3424E+03 0.2695E-06 0.1026E+02 0.2146E+05 0.1031E+01  8.293 0.0000 0.2000E-04 0.1000E+01
 985 0.1348E-01 0.3405E+03 0.2625E-06 0.1024E+02 0.2142E+05 0.1033E+01  8.285 0.0000 0.2000E-04 0.1000E+01
 990 0.1380E-01 0.3386E+03 0.2556E-06 0.1021E+02 0.2137E+05 0.1036E+01  8.276 0.0000 0.2000E-04 0.1000E+01
 995 0.1414E-01 0.3368E+03 0.2489E-06 0.1019E+02 0.2132E+05 0.1038E+01  8.267 0.0000 0.2000E-04 0.1000E+01
1000 0.1448E-01 0.3349E+03 0.2423E-06 0.1017E+02 0.2127E+05 0.1041E+01  8.259 0.0000 0.2000E-04 0.1000E+01
1005 0.1483E-01 0.3331E+03 0.2359E-06 0.1015E+02 0.2123E+05 0.1043E+01  8.250 0.0000 0.2000E-04 0.1000E+01
1010 0.1518E-01 0.3312E+03 0.2297E-06 0.1012E+02 0.2118E+05 0.1045E+01  8.241 0.0000 0.2000E-04 0.1000E+01
1015 0.1555E-01 0.3293E+03 0.2236E-06 0.1010E+02 0.2113E+05 0.1048E+01  8.232 0.0000 0.2000E-04 0.1000E+01
1020 0.1592E-01 0.3275E+03 0.2177E-06 0.1008E+02 0.2109E+05 0.1050E+01  8.224 0.0000 0.2000E-04 0.1000E+01
1025 0.1631E-01 0.3257E+03 0.2119E-06 0.1006E+02 0.2105E+05 0.1053E+01  8.215 0.0000 0.2000E-04 0.1000E+01
1030 0.1670E-01 0.3238E+03 0.2063E-06 0.1004E+02 0.2101E+05 0.1055E+01  8.206 0.0000 0.2000E-04 0.1000E+01
1035 0.1711E-01 0.3220E+03 0.2008E-06 0.1001E+02 0.2097E+05 0.1057E+01  8.198 0.0000 0.2000E-04 0.1000E+01
1040 0.1752E-01 0.3202E+03 0.1955E-06 0.9992E+01 0.2093E+05 0.1060E+01  8.189 0.0000 0.2000E-04 0.1000E+01
1045 0.1794E-01 0.3184E+03 0.1903E-06 0.9971E+01 0.2089E+05 0.1062E+01  8.180 0.0000 0.2000E-04 0.1000E+01
1050 0.1838E-01 0.3166E+03 0.1853E-06 0.9950E+01 0.2085E+05 0.1065E+01  8.171 0.0000 0.2000E-04 0.1000E+01
1055 0.1882E-01 0.3148E+03 0.1804E-06 0.9928E+01 0.2080E+05 0.1067E+01  8.163 0.0000 0.2000E-04 0.1000E+01
1060 0.1928E-01 0.3131E+03 0.1756E-06 0.9907E+01 0.2076E+05 0.1069E+01  8.154 0.0000 0.2000E-04 0.1000E+01
1065 0.1974E-01 0.3113E+03 0.1709E-06 0.9886E+01 0.2072E+05 0.1072E+01  8.145 0.0000 0.2000E-04 0.1000E+01
1070 0.2022E-01 0.3095E+03 0.1664E-06 0.9866E+01 0.2068E+05 0.1074E+01  8.137 0.0000 0.2000E-04 0.1000E+01
1075 0.2071E-01 0.3078E+03 0.1620E-06 0.9845E+01 0.2064E+05 0.1077E+01  8.128 0.0000 0.2000E-04 0.1000E+01
1080 0.2121E-01 0.3060E+03 0.1577E-06 0.9825E+01 0.2060E+05 0.1079E+01  8.119 0.0000 0.2000E-04 0.1000E+01
1085 0.2173E-01 0.3043E+03 0.1535E-06 0.9804E+01 0.2055E+05 0.1082E+01  8.111 0.0000 0.2000E-04 0.1000E+01
1090 0.2225E-01 0.3026E+03 0.1494E-06 0.9784E+01 0.2051E+05 0.1084E+01  8.102 0.0000 0.2000E-04 0.1000E+01
1095 0.2279E-01 0.3008E+03 0.1454E-06 0.9764E+01 0.2047E+05 0.1086E+01  8.093 0.0000 0.2000E-04 0.1000E+01
1100 0.2335E-01 0.2991E+03 0.1416E-06 0.9744E+01 0.2042E+05 0.1089E+01  8.084 0.0000 0.2000E-04 0.1000E+01
1105 0.2391E-01 0.2974E+03 0.1378E-06 0.9724E+01 0.2038E+05 0.1091E+01  8.076 0.0000 0.2000E-04 0.1000E+01
1110 0.2449E-01 0.2957E+03 0.1342E-06 0.9705E+01 0.2034E+05 0.1094E+01  8.067 0.0000 0.2000E-04 0.1000E+01
1115 0.2509E-01 0.2941E+03 0.1306E-06 0.9685E+01 0.2029E+05 0.1096E+01  8.058 0.0000 0.2000E-04 0.1000E+01
1120 0.2570E-01 0.2924E+03 0.1272E-06 0.9666E+01 0.2025E+05 0.1099E+01  8.050 0.0000 0.2000E-04 0.1000E+01
1125 0.2632E-01 0.2907E+03 0.1238E-06 0.9646E+01 0.2020E+05 0.1101E+01  8.041 0.0000 0.2000E-04 0.1000E+01
1130 0.2696E-01 0.2891E+03 0.1206E-06 0.9627E+01 0.2016E+05 0.1103E+01  8.032 0.0000 0.2000E-04 0.1000E+01
1135 0.2762E-01 0.2875E+03 0.1174E-06 0.9608E+01 0.2012E+05 0.1106E+01  8.024 0.0000 0.2000E-04 0.1000E+01
1140 0.2829E-01 0.2858E+03 0.1143E-06 0.9589E+01 0.2007E+05 0.1108E+01  8.015 0.0000 0.2000E-04 0.1000E+01
1145 0.2897E-01 0.2842E+03 0.1113E-06 0.9570E+01 0.2002E+05 0.1111E+01  8.006 0.0000 0.2000E-04 0.1000E+01
1150 0.2968E-01 0.2826E+03 0.1084E-06 0.9552E+01 0.1998E+05 0.1113E+01  7.997 0.0000 0.2000E-04 0.1000E+01
1155 0.3040E-01 0.2810E+03 0.1056E-06 0.9533E+01 0.1993E+05 0.1116E+01  7.989 0.0000 0.2000E-04 0.1000E+01
1160 0.3114E-01 0.2795E+03 0.1029E-06 0.9515E+01 0.1989E+05 0.1118E+01  7.980 0.0000 0.2000E-04 0.1000E+01
1165 0.3189E-01 0.2779E+03 0.1002E-06 0.9497E+01 0.1984E+05 0.1121E+01  7.971 0.0000 0.2000E-04 0.1000E+01
1170 0.3267E-01 0.2764E+03 0.9759E-07 0.9478E+01 0.1979E+05 0.1123E+01  7.963 0.0000 0.2000E-04 0.1000E+01
1175 0.3346E-01 0.2748E+03 0.9507E-07 0.9460E+01 0.1974E+05 0.1126E+01  7.954 0.0000 0.2000E-04 0.1000E+01
1180 0.3427E-01 0.2733E+03 0.9262E-07 0.9442E+01 0.1970E+05 0.1128E+01  7.945 0.0000 0.2000E-04 0.1000E+01
1185 0.3510E-01 0.2718E+03 0.9023E-07 0.9425E+01 0.1965E+05 0.1131E+01  7.936 0.0000 0.2000E-04 0.1000E+01
1190 0.3595E-01 0.2702E+03 0.8791E-07 0.9407E+01 0.1960E+05 0.1133E+01  7.928 0.0000 0.2000E-04 0.1000E+01
1195 0.3682E-01 0.2687E+03 0.8565E-07 0.9389E+01 0.1956E+05 0.1136E+01  7.919 0.0000 0.2000E-04 0.1000E+01
1200 0.3771E-01 0.2673E+03 0.8345E-07 0.9372E+01 0.1952E+05 0.1138E+01  7.910 0.0000 0.2000E-04 0.1000E+01
1205 0.3862E-01 0.2658E+03 0.8131E-07 0.9355E+01 0.1947E+05 0.1140E+01  7.902 0.0000 0.2000E-04 0.1000E+01
1210 0.3955E-01 0.2643E+03 0.7924E-07 0.9338E+01 0.1943E+05 0.1143E+01  7.893 0.0000 0.2000E-04 0.1000E+01
1215 0.4050E-01 0.2628E+03 0.7721E-07 0.9321E+01 0.1939E+05 0.1145E+01  7.884 0.0000 0.2000E-04 0.1000E+01
1220 0.4148E-01 0.2614E+03 0.7524E-07 0.9304E+01 0.1934E+05 0.1148E+01  7.875 0.0000 0.2000E-04 0.1000E+01
1225 0.4247E-01 0.2599E+03 0.7332E-07 0.9287E+01 0.1930E+05 0.1150E+01  7.867 0.0000 0.2000E-04 0.1000E+01
1230 0.4349E-01 0.2585E+03 0.7145E-07 0.9270E+01 0.1925E+05 0.1153E+01  7.858 0.0000 0.2000E-04 0.1000E+01
1235 0.4454E-01 0.2571E+03 0.6963E-07 0.9254E+01 0.1921E+05 0.1155E+01  7.849 0.0000 0.2000E-04 0.1000E+01
1240 0.4560E-01 0.2556E+03 0.6786E-07 0.9237E+01 0.1916E+05 0.1158E+01  7.841 0.0000 0.2000E-04 0.1000E+01
1245 0.4670E-01 0.2542E+03 0.6613E-07 0.9221E+01 0.1912E+05 0.1160E+01  7.832 0.0000 0.2000E-04 0.1000E+01
1250 0.4781E-01 0.2528E+03 0.6445E-07 0.9205E+01 0.1907E+05 0.1162E+01  7.823 0.0000 0.2000E-04 0.1000E+01
1255 0.4895E-01 0.2514E+03 0.6281E-07 0.9188E+01 0.1902E+05 0.1165E+01  7.815 0.0000 0.2000E-04 0.1000E+01
1260 0.5000E-01 0.2501E+03 0.6138E-07 0.9174E+01 0.1898E+05 0.1167E+01  7.807 0.0000 0.2000E-04 0.1000E+01
1260 0.5000E-01 0.2501E+03 0.6138E-07 0.9174E+01 0.1898E+05 0.1167E+01  7.807 0.0000 0.2000E-04 0.1000E+01
1265 0.5119E-01 0.2488E+03 0.5981E-07 0.9158E+01 0.1893E+05 0.1170E+01  7.798 0.0000 0.2000E-04 0.1000E+01
1270 0.5241E-01 0.2474E+03 0.5830E-07 0.9142E+01 0.1889E+05 0.1172E+01  7.789 0.0000 0.2000E-04 0.1000E+01
1275 0.5366E-01 0.2460E+03 0.5681E-07 0.9127E+01 0.1884E+05 0.1174E+01  7.781 0.0000 0.2000E-04 0.1000E+01
1280 0.5494E-01 0.2446E+03 0.5537E-07 0.9111E+01 0.1879E+05 0.1177E+01  7.772 0.0000 0.2000E-04 0.1000E+01
1285 0.5624E-01 0.2433E+03 0.5396E-07 0.9096E+01 0.1874E+05 0.1179E+01  7.763 0.0000 0.2000E-04 0.1000E+01
1290 0.5758E-01 0.2419E+03 0.5259E-07 0.9080E+01 0.1869E+05 0.1182E+01  7.754 0.0000 0.2000E-04 0.1000E+01
1295 0.5894E-01 0.2406E+03 0.5126E-07 0.9065E+01 0.1864E+05 0.1184E+01  7.746 0.0000 0.2000E-04 0.1000E+01
1300 0.6034E-01 0.2392E+03 0.4996E-07 0.9050E+01 0.1859E+05 0.1187E+01  7.737 0.0000 0.2000E-04 0.1000E+01
1305 0.6177E-01 0.2379E+03 0.4869E-07 0.9035E+01 0.1854E+05 0.1189E+01  7.728 0.0000 0.2000E-04 0.1000E+01
1310 0.6323E-01 0.2366E+03 0.4746E-07 0.9020E+01 0.1849E+05 0.1192E+01  7.720 0.0000 0.2000E-04 0.1000E+01
1315 0.6473E-01 0.2352E+03 0.4625E-07 0.9005E+01 0.1844E+05 0.1194E+01  7.711 0.0000 0.2000E-04 0.1000E+01
1320 0.6626E-01 0.2339E+03 0.4508E-07 0.8990E+01 0.1839E+05 0.1197E+01  7.702 0.0000 0.2000E-04 0.1000E+01
1325 0.6782E-01 0.2326E+03 0.4395E-07 0.8976E+01 0.1834E+05 0.1199E+01  7.694 0.0000 0.2000E-04 0.1000E+01
1330 0.6943E-01 0.2313E+03 0.4283E-07 0.8961E+01 0.1828E+05 0.1202E+01  7.685 0.0000 0.2000E-04 0.1000E+01
1332 0.7000E-01 0.2309E+03 0.4245E-07 0.8956E+01 0.1826E+05 0.1203E+01  7.682 0.0000 0.2000E-04 0.1000E+01
1335 0.7099E-01 0.2301E+03 0.4180E-07 0.8947E+01 0.1823E+05 0.1204E+01  7.676 0.0000 0.2000E-04 0.1000E+01
1340 0.7266E-01 0.2288E+03 0.4074E-07 0.8933E+01 0.1818E+05 0.1207E+01  7.668 0.0000 0.2000E-04 0.1000E+01
1345 0.7437E-01 0.2275E+03 0.3971E-07 0.8918E+01 0.1812E+05 0.1209E+01  7.659 0.0000 0.2000E-04 0.1000E+01
1350 0.7612E-01 0.2263E+03 0.3871E-07 0.8904E+01 0.1806E+05 0.1212E+01  7.650 0.0000 0.2000E-04 0.1000E+01
1355 0.7791E-01 0.2250E+03 0.3773E-07 0.8890E+01 0.1800E+05 0.1214E+01  7.642 0.0000 0.2000E-04 0.1000E+01
1360 0.7975E-01 0.2238E+03 0.3678E-07 0.8876E+01 0.1794E+05 0.1217E+01  7.633 0.0000 0.2000E-04 0.1000E+01
1365 0.8162E-01 0.2225E+03 0.3586E-07 0.8862E+01 0.1788E+05 0.1219E+01  7.624 0.0000 0.2000E-04 0.1000E+01
1370 0.8353E-01 0.2213E+03 0.3497E-07 0.8848E+01 0.1782E+05 0.1222E+01  7.615 0.0000 0.2000E-04 0.1000E+01
1375 0.8548E-01 0.2201E+03 0.3409E-07 0.8834E+01 0.1776E+05 0.1224E+01  7.607 0.0000 0.2000E-04 0.1000E+01
1380 0.8748E-01 0.2189E+03 0.3324E-07 0.8821E+01 0.1770E+05 0.1227E+01  7.598 0.0000 0.2000E-04 0.1000E+01
1385 0.8952E-01 0.2176E+03 0.3242E-07 0.8807E+01 0.1764E+05 0.1230E+01  7.589 0.0000 0.2000E-04 0.1000E+01
1390 0.9161E-01 0.2165E+03 0.3162E-07 0.8794E+01 0.1758E+05 0.1232E+01  7.581 0.0000 0.2000E-04 0.1000E+01
1395 0.9374E-01 0.2153E+03 0.3083E-07 0.8780E+01 0.1752E+05 0.1235E+01  7.572 0.0000 0.2000E-04 0.1000E+01
1400 0.9592E-01 0.2141E+03 0.3007E-07 0.8767E+01 0.1746E+05 0.1237E+01  7.563 0.0000 0.2000E-04 0.1000E+01
1405 0.9814E-01 0.2129E+03 0.2934E-07 0.8753E+01 0.1740E+05 0.1240E+01  7.554 0.0000 0.2000E-04 0.1000E+01
1410 0.1000E+00 0.2120E+03 0.2875E-07 0.8743E+01 0.1735E+05 0.1242E+01  7.547 0.0000 0.2000E-04 0.1000E+01
1410 0.1000E+00 0.2120E+03 0.2875E-07 0.8743E+01 0.1735E+05 0.1242E+01  7.547 0.0000 0.2000E-04 0.1000E+01
1415 0.1023E+00 0.2108E+03 0.2804E-07 0.8729E+01 0.1729E+05 0.1244E+01  7.539 0.0000 0.2000E-04 0.1000E+01
1420 0.1047E+00 0.2097E+03 0.2736E-07 0.8716E+01 0.1723E+05 0.1247E+01  7.530 0.0000 0.2000E-04 0.1000E+01
1425 0.1071E+00 0.2086E+03 0.2669E-07 0.8703E+01 0.1717E+05 0.1249E+01  7.521 0.0000 0.2000E-04 0.1000E+01
1430 0.1096E+00 0.2074E+03 0.2605E-07 0.8691E+01 0.1711E+05 0.1252E+01  7.512 0.0000 0.2000E-04 0.1000E+01
1435 0.1121E+00 0.2063E+03 0.2543E-07 0.8678E+01 0.1705E+05 0.1255E+01  7.504 0.0000 0.2000E-04 0.1000E+01
1440 0.1146E+00 0.2053E+03 0.2482E-07 0.8665E+01 0.1699E+05 0.1257E+01  7.495 0.0000 0.2000E-04 0.1000E+01
1445 0.1173E+00 0.2042E+03 0.2423E-07 0.8652E+01 0.1693E+05 0.1260E+01  7.486 0.0000 0.2000E-04 0.1000E+01
1450 0.1199E+00 0.2031E+03 0.2365E-07 0.8640E+01 0.1687E+05 0.1262E+01  7.478 0.0000 0.2000E-04 0.1000E+01
1455 0.1227E+00 0.2020E+03 0.2310E-07 0.8627E+01 0.1681E+05 0.1265E+01  7.469 0.0000 0.2000E-04 0.1000E+01
1460 0.1255E+00 0.2010E+03 0.2256E-07 0.8615E+01 0.1675E+05 0.1267E+01  7.460 0.0000 0.2000E-04 0.1000E+01
1465 0.1283E+00 0.2000E+03 0.2204E-07 0.8602E+01 0.1668E+05 0.1270E+01  7.452 0.0000 0.2000E-04 0.1000E+01
1470 0.1312E+00 0.1990E+03 0.2154E-07 0.8590E+01 0.1661E+05 0.1273E+01  7.443 0.0000 0.2000E-04 0.1000E+01
1475 0.1342E+00 0.1980E+03 0.2108E-07 0.8577E+01 0.1654E+05 0.1275E+01  7.434 0.0000 0.2000E-04 0.1000E+01
1480 0.1372E+00 0.1971E+03 0.2063E-07 0.8565E+01 0.1647E+05 0.1278E+01  7.425 0.0000 0.2000E-04 0.1000E+01
1485 0.1403E+00 0.1962E+03 0.2019E-07 0.8553E+01 0.1641E+05 0.1280E+01  7.417 0.0000 0.2000E-04 0.1000E+01
1490 0.1434E+00 0.1953E+03 0.1976E-07 0.8541E+01 0.1634E+05 0.1283E+01  7.408 0.0000 0.2000E-04 0.1000E+01
1495 0.1466E+00 0.1944E+03 0.1934E-07 0.8529E+01 0.1627E+05 0.1286E+01  7.399 0.0000 0.2000E-04 0.1000E+01
1500 0.1498E+00 0.1935E+03 0.1894E-07 0.8517E+01 0.1621E+05 0.1288E+01  7.391 0.0000 0.2000E-04 0.1000E+01
1501 0.1500E+00 0.1935E+03 0.1892E-07 0.8516E+01 0.1621E+05 0.1288E+01  7.390 0.0000 0.2000E-04 0.1000E+01
1505 0.1526E+00 0.1927E+03 0.1860E-07 0.8507E+01 0.1615E+05 0.1290E+01  7.383 0.0000 0.2000E-04 0.1000E+01
1510 0.1560E+00 0.1919E+03 0.1822E-07 0.8495E+01 0.1609E+05 0.1293E+01  7.374 0.0000 0.2000E-04 0.1000E+01
1515 0.1594E+00 0.1910E+03 0.1784E-07 0.8483E+01 0.1603E+05 0.1296E+01  7.366 0.0000 0.2000E-04 0.1000E+01
1520 0.1629E+00 0.1902E+03 0.1748E-07 0.8471E+01 0.1597E+05 0.1298E+01  7.357 0.0000 0.2000E-04 0.1000E+01
1525 0.1664E+00 0.1893E+03 0.1712E-07 0.8459E+01 0.1591E+05 0.1301E+01  7.348 0.0000 0.2000E-04 0.1000E+01
1530 0.1700E+00 0.1885E+03 0.1678E-07 0.8447E+01 0.1584E+05 0.1303E+01  7.340 0.0000 0.2000E-04 0.1000E+01
1535 0.1737E+00 0.1877E+03 0.1644E-07 0.8436E+01 0.1579E+05 0.1306E+01  7.331 0.0000 0.2000E-04 0.1000E+01
1540 0.1774E+00 0.1868E+03 0.1611E-07 0.8424E+01 0.1573E+05 0.1308E+01  7.322 0.0000 0.2000E-04 0.1000E+01
1545 0.1812E+00 0.1860E+03 0.1579E-07 0.8413E+01 0.1567E+05 0.1311E+01  7.313 0.0000 0.2000E-04 0.1000E+01
1550 0.1850E+00 0.1852E+03 0.1547E-07 0.8401E+01 0.1561E+05 0.1313E+01  7.305 0.0000 0.2000E-04 0.1000E+01
1555 0.1889E+00 0.1844E+03 0.1517E-07 0.8390E+01 0.1555E+05 0.1316E+01  7.296 0.0000 0.2000E-04 0.1000E+01
1560 0.1929E+00 0.1836E+03 0.1487E-07 0.8378E+01 0.1550E+05 0.1319E+01  7.287 0.0000 0.2000E-04 0.1000E+01
1565 0.1969E+00 0.1829E+03 0.1458E-07 0.8367E+01 0.1544E+05 0.1321E+01  7.278 0.0000 0.2000E-04 0.1000E+01
1569 0.2000E+00 0.1823E+03 0.1436E-07 0.8358E+01 0.1540E+05 0.1323E+01  7.272 0.0000 0.2000E-04 0.1000E+01
1570 0.2008E+00 0.1821E+03 0.1431E-07 0.8356E+01 0.1539E+05 0.1324E+01  7.270 0.0000 0.2000E-04 0.1000E+01
1575 0.2050E+00 0.1813E+03 0.1403E-07 0.8345E+01 0.1533E+05 0.1326E+01  7.261 0.0000 0.2000E-04 0.1000E+01
1580 0.2092E+00 0.1806E+03 0.1375E-07 0.8333E+01 0.1528E+05 0.1329E+01  7.253 0.0000 0.2000E-04 0.1000E+01
1585 0.2135E+00 0.1798E+03 0.1349E-07 0.8322E+01 0.1523E+05 0.1331E+01  7.244 0.0000 0.2000E-04 0.1000E+01
1590 0.2179E+00 0.1791E+03 0.1322E-07 0.8311E+01 0.1517E+05 0.1334E+01  7.235 0.0000 0.2000E-04 0.1000E+01
1595 0.2223E+00 0.1783E+03 0.1297E-07 0.8300E+01 0.1512E+05 0.1336E+01  7.227 0.0000 0.2000E-04 0.1000E+01
1600 0.2268E+00 0.1776E+03 0.1272E-07 0.8289E+01 0.1507E+05 0.1339E+01  7.218 0.0000 0.2000E-04 0.1000E+01
1605 0.2314E+00 0.1768E+03 0.1247E-07 0.8278E+01 0.1501E+05 0.1341E+01  7.209 0.0000 0.2000E-04 0.1000E+01
1610 0.2361E+00 0.1761E+03 0.1223E-07 0.8267E+01 0.1496E+05 0.1344E+01  7.200 0.0000 0.2000E-04 0.1000E+01
1615 0.2408E+00 0.1753E+03 0.1200E-07 0.8256E+01 0.1491E+05 0.1346E+01  7.192 0.0000 0.2000E-04 0.1000E+01
1620 0.2456E+00 0.1746E+03 0.1177E-07 0.8245E+01 0.1486E+05 0.1349E+01  7.183 0.0000 0.2000E-04 0.1000E+01
1625 0.2500E+00 0.1739E+03 0.1157E-07 0.8236E+01 0.1481E+05 0.1351E+01  7.175 0.0000 0.2000E-04 0.1000E+01
1625 0.2500E+00 0.1739E+03 0.1157E-07 0.8236E+01 0.1481E+05 0.1351E+01  7.175 0.0000 0.2000E-04 0.1000E+01
1630 0.2549E+00 0.1732E+03 0.1134E-07 0.8225E+01 0.1476E+05 0.1354E+01  7.166 0.0000 0.2000E-04 0.1000E+01
1635 0.2600E+00 0.1725E+03 0.1113E-07 0.8214E+01 0.1471E+05 0.1356E+01  7.158 0.0000 0.2000E-04 0.1000E+01
1640 0.2651E+00 0.1718E+03 0.1091E-07 0.8203E+01 0.1466E+05 0.1359E+01  7.149 0.0000 0.2000E-04 0.1000E+01
1645 0.2703E+00 0.1711E+03 0.1070E-07 0.8193E+01 0.1461E+05 0.1361E+01  7.140 0.0000 0.2000E-04 0.1000E+01
1650 0.2755E+00 0.1703E+03 0.1050E-07 0.8182E+01 0.1456E+05 0.1364E+01  7.132 0.0000 0.2000E-04 0.1000E+01
1655 0.2809E+00 0.1696E+03 0.1030E-07 0.8172E+01 0.1451E+05 0.1366E+01  7.123 0.0000 0.2000E-04 0.1000E+01
1660 0.2863E+00 0.1689E+03 0.1010E-07 0.8161E+01 0.1446E+05 0.1369E+01  7.114 0.0000 0.2000E-04 0.1000E+01
1665 0.2919E+00 0.1682E+03 0.9909E-08 0.8151E+01 0.1441E+05 0.1371E+01  7.106 0.0000 0.2000E-04 0.1000E+01
1670 0.2975E+00 0.1675E+03 0.9720E-08 0.8140E+01 0.1436E+05 0.1374E+01  7.097 0.0000 0.2000E-04 0.1000E+01
1673 0.3000E+00 0.1672E+03 0.9638E-08 0.8136E+01 0.1434E+05 0.1375E+01  7.093 0.0000 0.2000E-04 0.1000E+01
1675 0.3023E+00 0.1669E+03 0.9564E-08 0.8132E+01 0.1432E+05 0.1376E+01  7.089 0.0000 0.2000E-04 0.1000E+01
1680 0.3081E+00 0.1662E+03 0.9382E-08 0.8121E+01 0.1427E+05 0.1379E+01  7.081 0.0000 0.2000E-04 0.1000E+01
1685 0.3139E+00 0.1656E+03 0.9203E-08 0.8111E+01 0.1422E+05 0.1381E+01  7.072 0.0000 0.2000E-04 0.1000E+01
1690 0.3199E+00 0.1649E+03 0.9028E-08 0.8101E+01 0.1418E+05 0.1384E+01  7.063 0.0000 0.2000E-04 0.1000E+01
1695 0.3260E+00 0.1642E+03 0.8857E-08 0.8090E+01 0.1414E+05 0.1386E+01  7.055 0.0000 0.2000E-04 0.1000E+01
1700 0.3321E+00 0.1635E+03 0.8688E-08 0.8080E+01 0.1409E+05 0.1389E+01  7.046 0.0000 0.2000E-04 0.1000E+01
1705 0.3384E+00 0.1628E+03 0.8522E-08 0.8070E+01 0.1405E+05 0.1391E+01  7.037 0.0000 0.2000E-04 0.1000E+01
1710 0.3448E+00 0.1621E+03 0.8359E-08 0.8060E+01 0.1400E+05 0.1394E+01  7.028 0.0000 0.2000E-04 0.1000E+01
1715 0.3500E+00 0.1616E+03 0.8230E-08 0.8052E+01 0.1397E+05 0.1396E+01  7.021 0.0000 0.2000E-04 0.1000E+01
1715 0.3500E+00 0.1616E+03 0.8230E-08 0.8052E+01 0.1397E+05 0.1396E+01  7.021 0.0000 0.2000E-04 0.1000E+01
1720 0.3565E+00 0.1609E+03 0.8071E-08 0.8042E+01 0.1392E+05 0.1399E+01  7.013 0.0000 0.2000E-04 0.1000E+01
1725 0.3632E+00 0.1602E+03 0.7916E-08 0.8032E+01 0.1388E+05 0.1401E+01  7.004 0.0000 0.2000E-04 0.1000E+01
1730 0.3700E+00 0.1595E+03 0.7764E-08 0.8022E+01 0.1383E+05 0.1404E+01  6.995 0.0000 0.2000E-04 0.1000E+01
1735 0.3769E+00 0.1589E+03 0.7615E-08 0.8012E+01 0.1379E+05 0.1406E+01  6.986 0.0000 0.2000E-04 0.1000E+01
1740 0.3838E+00 0.1582E+03 0.7469E-08 0.8002E+01 0.1374E+05 0.1409E+01  6.978 0.0000 0.2000E-04 0.1000E+01
1745 0.3909E+00 0.1575E+03 0.7325E-08 0.7992E+01 0.1370E+05 0.1412E+01  6.969 0.0000 0.2000E-04 0.1000E+01
1750 0.3981E+00 0.1569E+03 0.7184E-08 0.7982E+01 0.1365E+05 0.1414E+01  6.960 0.0000 0.2000E-04 0.1000E+01
1752 0.4000E+00 0.1567E+03 0.7149E-08 0.7980E+01 0.1364E+05 0.1415E+01  6.958 0.0000 0.2000E-04 0.1000E+01
1755 0.4044E+00 0.1563E+03 0.7066E-08 0.7974E+01 0.1361E+05 0.1416E+01  6.953 0.0000 0.2000E-04 0.1000E+01
1760 0.4118E+00 0.1556E+03 0.6931E-08 0.7964E+01 0.1357E+05 0.1419E+01  6.944 0.0000 0.2000E-04 0.1000E+01
1765 0.4193E+00 0.1550E+03 0.6797E-08 0.7955E+01 0.1352E+05 0.1422E+01  6.935 0.0000 0.2000E-04 0.1000E+01
1770 0.4270E+00 0.1543E+03 0.6666E-08 0.7945E+01 0.1348E+05 0.1424E+01  6.926 0.0000 0.2000E-04 0.1000E+01
1775 0.4347E+00 0.1536E+03 0.6537E-08 0.7936E+01 0.1343E+05 0.1427E+01  6.918 0.0000 0.2000E-04 0.1000E+01
1780 0.4426E+00 0.1530E+03 0.6410E-08 0.7926E+01 0.1339E+05 0.1429E+01  6.909 0.0000 0.2000E-04 0.1000E+01
1785 0.4500E+00 0.1524E+03 0.6295E-08 0.7918E+01 0.1335E+05 0.1432E+01  6.901 0.0000 0.2000E-04 0.1000E+01
1785 0.4500E+00 0.1524E+03 0.6295E-08 0.7918E+01 0.1335E+05 0.1432E+01  6.901 0.0000 0.2000E-04 0.1000E+01
1790 0.4581E+00 0.1517E+03 0.6173E-08 0.7908E+01 0.1330E+05 0.1434E+01  6.892 0.0000 0.2000E-04 0.1000E+01
1795 0.4664E+00 0.1511E+03 0.6052E-08 0.7899E+01 0.1325E+05 0.1437E+01  6.884 0.0000 0.2000E-04 0.1000E+01
1800 0.4748E+00 0.1504E+03 0.5935E-08 0.7890E+01 0.1321E+05 0.1440E+01  6.875 0.0000 0.2000E-04 0.1000E+01
1805 0.4833E+00 0.1498E+03 0.5818E-08 0.7881E+01 0.1316E+05 0.1442E+01  6.866 0.0000 0.2000E-04 0.1000E+01
1810 0.4919E+00 0.1491E+03 0.5704E-08 0.7872E+01 0.1312E+05 0.1445E+01  6.857 0.0000 0.2000E-04 0.1000E+01
1815 0.5000E+00 0.1485E+03 0.5602E-08 0.7863E+01 0.1308E+05 0.1447E+01  6.849 0.0000 0.2000E-04 0.1000E+01
1815 0.5000E+00 0.1485E+03 0.5602E-08 0.7863E+01 0.1308E+05 0.1447E+01  6.849 0.0000 0.2000E-04 0.1000E+01
1820 0.5089E+00 0.1479E+03 0.5492E-08 0.7854E+01 0.1303E+05 0.1450E+01  6.841 0.0000 0.2000E-04 0.1000E+01
1825 0.5180E+00 0.1472E+03 0.5385E-08 0.7845E+01 0.1299E+05 0.1453E+01  6.832 0.0000 0.2000E-04 0.1000E+01
1830 0.5272E+00 0.1466E+03 0.5279E-08 0.7836E+01 0.1294E+05 0.1455E+01  6.823 0.0000 0.2000E-04 0.1000E+01
1835 0.5366E+00 0.1459E+03 0.5175E-08 0.7827E+01 0.1290E+05 0.1458E+01  6.815 0.0000 0.2000E-04 0.1000E+01
1840 0.5461E+00 0.1453E+03 0.5073E-08 0.7819E+01 0.1285E+05 0.1461E+01  6.806 0.0000 0.2000E-04 0.1000E+01
1843 0.5500E+00 0.1450E+03 0.5032E-08 0.7815E+01 0.1284E+05 0.1462E+01  6.802 0.0000 0.2000E-04 0.1000E+01
1845 0.5539E+00 0.1448E+03 0.4991E-08 0.7811E+01 0.1282E+05 0.1463E+01  6.799 0.0000 0.2000E-04 0.1000E+01
1850 0.5637E+00 0.1441E+03 0.4893E-08 0.7803E+01 0.1277E+05 0.1465E+01  6.790 0.0000 0.2000E-04 0.1000E+01
1855 0.5736E+00 0.1435E+03 0.4796E-08 0.7794E+01 0.1273E+05 0.1468E+01  6.781 0.0000 0.2000E-04 0.1000E+01
1860 0.5837E+00 0.1429E+03 0.4701E-08 0.7785E+01 0.1268E+05 0.1471E+01  6.773 0.0000 0.2000E-04 0.1000E+01
1865 0.5940E+00 0.1422E+03 0.4608E-08 0.7777E+01 0.1264E+05 0.1473E+01  6.764 0.0000 0.2000E-04 0.1000E+01
1868 0.6000E+00 0.1419E+03 0.4555E-08 0.7772E+01 0.1261E+05 0.1475E+01  6.759 0.0000 0.2000E-04 0.1000E+01
1870 0.6042E+00 0.1416E+03 0.4519E-08 0.7769E+01 0.1259E+05 0.1476E+01  6.756 0.0000 0.2000E-04 0.1000E+01
1875 0.6148E+00 0.1410E+03 0.4429E-08 0.7760E+01 0.1255E+05 0.1479E+01  6.747 0.0000 0.2000E-04 0.1000E+01
1880 0.6256E+00 0.1403E+03 0.4341E-08 0.7752E+01 0.1250E+05 0.1481E+01  6.738 0.0000 0.2000E-04 0.1000E+01
1885 0.6366E+00 0.1397E+03 0.4255E-08 0.7743E+01 0.1245E+05 0.1484E+01  6.729 0.0000 0.2000E-04 0.1000E+01
1890 0.6478E+00 0.1391E+03 0.4171E-08 0.7735E+01 0.1241E+05 0.1487E+01  6.721 0.0000 0.2000E-04 0.1000E+01
1891 0.6500E+00 0.1390E+03 0.4154E-08 0.7733E+01 0.1240E+05 0.1487E+01  6.719 0.0000 0.2000E-04 0.1000E+01
1895 0.6591E+00 0.1385E+03 0.4088E-08 0.7727E+01 0.1236E+05 0.1489E+01  6.712 0.0000 0.2000E-04 0.1000E+01
1900 0.6706E+00 0.1378E+03 0.4006E-08 0.7719E+01 0.1232E+05 0.1492E+01  6.703 0.0000 0.2000E-04 0.1000E+01
1905 0.6824E+00 0.1372E+03 0.3927E-08 0.7711E+01 0.1227E+05 0.1495E+01  6.694 0.0000 0.2000E-04 0.1000E+01
1910 0.6943E+00 0.1366E+03 0.3848E-08 0.7702E+01 0.1222E+05 0.1497E+01  6.686 0.0000 0.2000E-04 0.1000E+01
1913 0.7000E+00 0.1363E+03 0.3812E-08 0.7699E+01 0.1220E+05 0.1499E+01  6.682 0.0000 0.2000E-04 0.1000E+01
1915 0.7049E+00 0.1361E+03 0.3782E-08 0.7695E+01 0.1218E+05 0.1500E+01  6.678 0.0000 0.2000E-04 0.1000E+01
1920 0.7172E+00 0.1355E+03 0.3706E-08 0.7687E+01 0.1213E+05 0.1502E+01  6.669 0.0000 0.2000E-04 0.1000E+01
1925 0.7297E+00 0.1349E+03 0.3633E-08 0.7679E+01 0.1209E+05 0.1505E+01  6.661 0.0000 0.2000E-04 0.1000E+01
1930 0.7424E+00 0.1343E+03 0.3561E-08 0.7672E+01 0.1204E+05 0.1508E+01  6.652 0.0000 0.2000E-04 0.1000E+01
1933 0.7500E+00 0.1339E+03 0.3518E-08 0.7667E+01 0.1201E+05 0.1509E+01  6.647 0.0000 0.2000E-04 0.1000E+01
1935 0.7552E+00 0.1337E+03 0.3490E-08 0.7664E+01 0.1199E+05 0.1510E+01  6.643 0.0000 0.2000E-04 0.1000E+01
1940 0.7683E+00 0.1330E+03 0.3421E-08 0.7656E+01 0.1194E+05 0.1513E+01  6.635 0.0000 0.2000E-04 0.1000E+01
1945 0.7817E+00 0.1324E+03 0.3353E-08 0.7648E+01 0.1189E+05 0.1516E+01  6.626 0.0000 0.2000E-04 0.1000E+01
1950 0.7952E+00 0.1319E+03 0.3286E-08 0.7641E+01 0.1184E+05 0.1519E+01  6.617 0.0000 0.2000E-04 0.1000E+01
1952 0.8000E+00 0.1316E+03 0.3263E-08 0.7638E+01 0.1183E+05 0.1520E+01  6.614 0.0000 0.2000E-04 0.1000E+01
1955 0.8083E+00 0.1313E+03 0.3224E-08 0.7633E+01 0.1180E+05 0.1521E+01  6.609 0.0000 0.2000E-04 0.1000E+01
1960 0.8223E+00 0.1307E+03 0.3161E-08 0.7626E+01 0.1175E+05 0.1524E+01  6.600 0.0000 0.2000E-04 0.1000E+01
1965 0.8364E+00 0.1301E+03 0.3098E-08 0.7618E+01 0.1170E+05 0.1527E+01  6.591 0.0000 0.2000E-04 0.1000E+01
1970 0.8500E+00 0.1296E+03 0.3040E-08 0.7611E+01 0.1165E+05 0.1529E+01  6.583 0.0000 0.2000E-04 0.1000E+01
1970 0.8500E+00 0.1296E+03 0.3040E-08 0.7611E+01 0.1165E+05 0.1529E+01  6.583 0.0000 0.2000E-04 0.1000E+01
1975 0.8646E+00 0.1290E+03 0.2980E-08 0.7604E+01 0.1161E+05 0.1532E+01  6.574 0.0000 0.2000E-04 0.1000E+01
1980 0.8795E+00 0.1284E+03 0.2921E-08 0.7597E+01 0.1156E+05 0.1534E+01  6.566 0.0000 0.2000E-04 0.1000E+01
1985 0.8946E+00 0.1278E+03 0.2864E-08 0.7589E+01 0.1151E+05 0.1537E+01  6.557 0.0000 0.2000E-04 0.1000E+01
1987 0.9000E+00 0.1276E+03 0.2843E-08 0.7587E+01 0.1149E+05 0.1538E+01  6.554 0.0000 0.2000E-04 0.1000E+01
1990 0.9092E+00 0.1273E+03 0.2810E-08 0.7582E+01 0.1146E+05 0.1540E+01  6.549 0.0000 0.2000E-04 0.1000E+01
1995 0.9248E+00 0.1267E+03 0.2754E-08 0.7575E+01 0.1142E+05 0.1542E+01  6.540 0.0000 0.2000E-04 0.1000E+01
2000 0.9406E+00 0.1261E+03 0.2700E-08 0.7568E+01 0.1137E+05 0.1545E+01  6.531 0.0000 0.2000E-04 0.1000E+01
2003 0.9500E+00 0.1258E+03 0.2669E-08 0.7564E+01 0.1134E+05 0.1546E+01  6.526 0.0000 0.2000E-04 0.1000E+01
2005 0.9565E+00 0.1256E+03 0.2648E-08 0.7561E+01 0.1132E+05 0.1547E+01  6.523 0.0000 0.2000E-04 0.1000E+01
2010 0.9728E+00 0.1250E+03 0.2595E-08 0.7554E+01 0.1127E+05 0.1550E+01  6.514 0.0000 0.2000E-04 0.1000E+01
2015 0.9894E+00 0.1244E+03 0.2544E-08 0.7547E+01 0.1123E+05 0.1553E+01  6.505 0.0000 0.2000E-04 0.1000E+01
2019 0.1000E+01 0.1241E+03 0.2512E-08 0.7543E+01 0.1120E+05 0.1554E+01  6.500 0.0000 0.2000E-04 0.1000E+01
2020 0.1003E+01 0.1240E+03 0.2502E-08 0.7541E+01 0.1119E+05 0.1555E+01  6.498 0.0000 0.2000E-04 0.1000E+01
2025 0.1020E+01 0.1234E+03 0.2453E-08 0.7534E+01 0.1114E+05 0.1557E+01  6.489 0.0000 0.2000E-04 0.1000E+01
2030 0.1038E+01 0.1229E+03 0.2405E-08 0.7527E+01 0.1109E+05 0.1560E+01  6.481 0.0000 0.2000E-04 0.1000E+01
2035 0.1055E+01 0.1223E+03 0.2358E-08 0.7521E+01 0.1104E+05 0.1563E+01  6.472 0.0000 0.2000E-04 0.1000E+01
2040 0.1073E+01 0.1218E+03 0.2312E-08 0.7514E+01 0.1099E+05 0.1565E+01  6.463 0.0000 0.2000E-04 0.1000E+01
2045 0.1091E+01 0.1212E+03 0.2268E-08 0.7507E+01 0.1094E+05 0.1568E+01  6.454 0.0000 0.2000E-04 0.1000E+01
2050 0.1110E+01 0.1207E+03 0.2225E-08 0.7500E+01 0.1089E+05 0.1570E+01  6.446 0.0000 0.2000E-04 0.1000E+01
2055 0.1129E+01 0.1202E+03 0.2182E-08 0.7494E+01 0.1084E+05 0.1573E+01  6.437 0.0000 0.2000E-04 0.1000E+01
2060 0.1148E+01 0.1197E+03 0.2141E-08 0.7487E+01 0.1080E+05 0.1575E+01  6.428 0.0000 0.2000E-04 0.1000E+01
2065 0.1167E+01 0.1191E+03 0.2101E-08 0.7481E+01 0.1075E+05 0.1578E+01  6.420 0.0000 0.2000E-04 0.1000E+01
2070 0.1187E+01 0.1186E+03 0.2061E-08 0.7474E+01 0.1070E+05 0.1581E+01  6.411 0.0000 0.2000E-04 0.1000E+01
2075 0.1207E+01 0.1181E+03 0.2022E-08 0.7468E+01 0.1065E+05 0.1583E+01  6.402 0.0000 0.2000E-04 0.1000E+01
2080 0.1227E+01 0.1176E+03 0.1984E-08 0.7461E+01 0.1061E+05 0.1586E+01  6.394 0.0000 0.2000E-04 0.1000E+01
2085 0.1247E+01 0.1171E+03 0.1946E-08 0.7455E+01 0.1056E+05 0.1588E+01  6.385 0.0000 0.2000E-04 0.1000E+01
2090 0.1268E+01 0.1166E+03 0.1909E-08 0.7449E+01 0.1051E+05 0.1591E+01  6.376 0.0000 0.2000E-04 0.1000E+01
2095 0.1290E+01 0.1161E+03 0.1873E-08 0.7442E+01 0.1047E+05 0.1593E+01  6.367 0.0000 0.2000E-04 0.1000E+01
2100 0.1311E+01 0.1156E+03 0.1838E-08 0.7436E+01 0.1042E+05 0.1595E+01  6.359 0.0000 0.2000E-04 0.1000E+01
2105 0.1333E+01 0.1151E+03 0.1803E-08 0.7430E+01 0.1038E+05 0.1598E+01  6.350 0.0000 0.2000E-04 0.1000E+01
2110 0.1355E+01 0.1146E+03 0.1769E-08 0.7424E+01 0.1033E+05 0.1600E+01  6.341 0.0000 0.2000E-04 0.1000E+01
2115 0.1378E+01 0.1141E+03 0.1735E-08 0.7418E+01 0.1028E+05 0.1603E+01  6.332 0.0000 0.2000E-04 0.1000E+01
2120 0.1401E+01 0.1136E+03 0.1703E-08 0.7411E+01 0.1024E+05 0.1605E+01  6.324 0.0000 0.2000E-04 0.1000E+01
2125 0.1424E+01 0.1131E+03 0.1671E-08 0.7405E+01 0.1019E+05 0.1608E+01  6.315 0.0000 0.2000E-04 0.1000E+01
2130 0.1448E+01 0.1126E+03 0.1639E-08 0.7399E+01 0.1015E+05 0.1610E+01  6.306 0.0000 0.2000E-04 0.1000E+01
2135 0.1471E+01 0.1121E+03 0.1608E-08 0.7393E+01 0.1010E+05 0.1612E+01  6.297 0.0000 0.2000E-04 0.1000E+01
2140 0.1496E+01 0.1116E+03 0.1578E-08 0.7387E+01 0.1006E+05 0.1615E+01  6.289 0.0000 0.2000E-04 0.1000E+01
2141 0.1500E+01 0.1115E+03 0.1573E-08 0.7386E+01 0.1005E+05 0.1615E+01  6.287 0.0000 0.2000E-04 0.1000E+01
2145 0.1520E+01 0.1112E+03 0.1549E-08 0.7382E+01 0.1001E+05 0.1617E+01  6.280 0.0000 0.2000E-04 0.1000E+01
2150 0.1545E+01 0.1107E+03 0.1520E-08 0.7376E+01 0.9968E+04 0.1620E+01  6.272 0.0000 0.2000E-04 0.1000E+01
2155 0.1570E+01 0.1102E+03 0.1492E-08 0.7370E+01 0.9923E+04 0.1622E+01  6.263 0.0000 0.2000E-04 0.1000E+01
2160 0.1596E+01 0.1097E+03 0.1464E-08 0.7364E+01 0.9880E+04 0.1624E+01  6.254 0.0000 0.2000E-04 0.1000E+01
2165 0.1622E+01 0.1092E+03 0.1436E-08 0.7358E+01 0.9836E+04 0.1627E+01  6.245 0.0000 0.2000E-04 0.1000E+01
2170 0.1649E+01 0.1088E+03 0.1410E-08 0.7352E+01 0.9792E+04 0.1629E+01  6.237 0.0000 0.2000E-04 0.1000E+01
2175 0.1676E+01 0.1083E+03 0.1383E-08 0.7347E+01 0.9749E+04 0.1631E+01  6.228 0.0000 0.2000E-04 0.1000E+01
2180 0.1703E+01 0.1078E+03 0.1358E-08 0.7341E+01 0.9706E+04 0.1634E+01  6.219 0.0000 0.2000E-04 0.1000E+01
2185 0.1731E+01 0.1074E+03 0.1333E-08 0.7335E+01 0.9664E+04 0.1636E+01  6.211 0.0000 0.2000E-04 0.1000E+01
2190 0.1759E+01 0.1069E+03 0.1308E-08 0.7330E+01 0.9622E+04 0.1638E+01  6.202 0.0000 0.2000E-04 0.1000E+01
2195 0.1787E+01 0.1065E+03 0.1284E-08 0.7324E+01 0.9579E+04 0.1641E+01  6.193 0.0000 0.2000E-04 0.1000E+01
2200 0.1816E+01 0.1060E+03 0.1260E-08 0.7319E+01 0.9538E+04 0.1643E+01  6.184 0.0000 0.2000E-04 0.1000E+01
2205 0.1845E+01 0.1056E+03 0.1237E-08 0.7313E+01 0.9496E+04 0.1645E+01  6.176 0.0000 0.2000E-04 0.1000E+01
2210 0.1875E+01 0.1051E+03 0.1214E-08 0.7308E+01 0.9454E+04 0.1648E+01  6.167 0.0000 0.2000E-04 0.1000E+01
2215 0.1905E+01 0.1047E+03 0.1192E-08 0.7302E+01 0.9413E+04 0.1650E+01  6.158 0.0000 0.2000E-04 0.1000E+01
2220 0.1936E+01 0.1042E+03 0.1170E-08 0.7297E+01 0.9372E+04 0.1652E+01  6.150 0.0000 0.2000E-04 0.1000E+01
2225 0.1967E+01 0.1038E+03 0.1148E-08 0.7292E+01 0.9331E+04 0.1654E+01  6.141 0.0000 0.2000E-04 0.1000E+01
2230 0.1999E+01 0.1033E+03 0.1127E-08 0.7286E+01 0.9290E+04 0.1657E+01  6.132 0.0000 0.2000E-04 0.1000E+01
2231 0.2000E+01 0.1033E+03 0.1126E-08 0.7286E+01 0.9289E+04 0.1657E+01  6.132 0.0000 0.2000E-04 0.1000E+01
2235 0.2026E+01 0.1030E+03 0.1110E-08 0.7282E+01 0.9256E+04 0.1659E+01  6.125 0.0000 0.2000E-04 0.1000E+01
2240 0.2058E+01 0.1025E+03 0.1089E-08 0.7276E+01 0.9216E+04 0.1661E+01  6.116 0.0000 0.2000E-04 0.1000E+01
2245 0.2091E+01 0.1021E+03 0.1069E-08 0.7271E+01 0.9176E+04 0.1663E+01  6.108 0.0000 0.2000E-04 0.1000E+01
2250 0.2124E+01 0.1017E+03 0.1050E-08 0.7266E+01 0.9137E+04 0.1665E+01  6.099 0.0000 0.2000E-04 0.1000E+01
2255 0.2158E+01 0.1012E+03 0.1031E-08 0.7261E+01 0.9097E+04 0.1668E+01  6.090 0.0000 0.2000E-04 0.1000E+01
2260 0.2193E+01 0.1008E+03 0.1012E-08 0.7255E+01 0.9058E+04 0.1670E+01  6.081 0.0000 0.2000E-04 0.1000E+01
2265 0.2227E+01 0.1004E+03 0.9935E-09 0.7250E+01 0.9019E+04 0.1672E+01  6.073 0.0000 0.2000E-04 0.1000E+01
2270 0.2263E+01 0.9994E+02 0.9754E-09 0.7245E+01 0.8980E+04 0.1675E+01  6.064 0.0000 0.2000E-04 0.1000E+01
2275 0.2299E+01 0.9952E+02 0.9577E-09 0.7240E+01 0.8941E+04 0.1677E+01  6.055 0.0000 0.2000E-04 0.1000E+01
2280 0.2335E+01 0.9910E+02 0.9403E-09 0.7235E+01 0.8903E+04 0.1679E+01  6.047 0.0000 0.2000E-04 0.1000E+01
2285 0.2372E+01 0.9868E+02 0.9232E-09 0.7230E+01 0.8865E+04 0.1681E+01  6.038 0.0000 0.2000E-04 0.1000E+01
2290 0.2410E+01 0.9826E+02 0.9064E-09 0.7225E+01 0.8827E+04 0.1684E+01  6.029 0.0000 0.2000E-04 0.1000E+01
2295 0.2448E+01 0.9785E+02 0.8900E-09 0.7220E+01 0.8789E+04 0.1686E+01  6.020 0.0000 0.2000E-04 0.1000E+01
2300 0.2486E+01 0.9744E+02 0.8738E-09 0.7215E+01 0.8751E+04 0.1688E+01  6.012 0.0000 0.2000E-04 0.1000E+01
2302 0.2500E+01 0.9729E+02 0.8683E-09 0.7213E+01 0.8738E+04 0.1689E+01  6.009 0.0000 0.2000E-04 0.1000E+01
2305 0.2524E+01 0.9705E+02 0.8589E-09 0.7210E+01 0.8716E+04 0.1690E+01  6.003 0.0000 0.2000E-04 0.1000E+01
2310 0.2563E+01 0.9666E+02 0.8441E-09 0.7205E+01 0.8679E+04 0.1692E+01  5.995 0.0000 0.2000E-04 0.1000E+01
2315 0.2602E+01 0.9648E+02 0.8367E-09 0.7201E+01 0.8644E+04 0.1695E+01  5.986 0.0000 0.2000E-04 0.1000E+01
2320 0.2638E+01 0.9651E+02 0.8367E-09 0.7196E+01 0.8610E+04 0.1697E+01  5.978 0.0000 0.2000E-04 0.1000E+01
2325 0.2679E+01 0.9611E+02 0.8217E-09 0.7191E+01 0.8574E+04 0.1699E+01  5.969 0.0000 0.2000E-04 0.1000E+01
2330 0.2720E+01 0.9571E+02 0.8070E-09 0.7187E+01 0.8537E+04 0.1701E+01  5.961 0.0000 0.2000E-04 0.1000E+01
2335 0.2761E+01 0.9531E+02 0.7926E-09 0.7182E+01 0.8501E+04 0.1703E+01  5.952 0.0000 0.2000E-04 0.1000E+01
2340 0.2803E+01 0.9491E+02 0.7786E-09 0.7177E+01 0.8465E+04 0.1706E+01  5.943 0.0000 0.2000E-04 0.1000E+01
2345 0.2846E+01 0.9452E+02 0.7647E-09 0.7172E+01 0.8430E+04 0.1708E+01  5.935 0.0000 0.2000E-04 0.1000E+01
2350 0.2889E+01 0.9414E+02 0.7516E-09 0.7168E+01 0.8395E+04 0.1710E+01  5.926 0.0000 0.2000E-04 0.1000E+01
2355 0.2932E+01 0.9377E+02 0.7388E-09 0.7163E+01 0.8361E+04 0.1712E+01  5.918 0.0000 0.2000E-04 0.1000E+01
2360 0.2977E+01 0.9338E+02 0.7256E-09 0.7159E+01 0.8326E+04 0.1714E+01  5.909 0.0000 0.2000E-04 0.1000E+01
2363 0.3000E+01 0.9318E+02 0.7189E-09 0.7156E+01 0.8307E+04 0.1715E+01  5.904 0.0000 0.2000E-04 0.1000E+01
2365 0.3018E+01 0.9302E+02 0.7138E-09 0.7154E+01 0.8293E+04 0.1716E+01  5.901 0.0000 0.2000E-04 0.1000E+01
2370 0.3063E+01 0.9264E+02 0.7011E-09 0.7150E+01 0.8258E+04 0.1718E+01  5.892 0.0000 0.2000E-04 0.1000E+01
2375 0.3110E+01 0.9225E+02 0.6887E-09 0.7145E+01 0.8223E+04 0.1720E+01  5.884 0.0000 0.2000E-04 0.1000E+01
2380 0.3156E+01 0.9187E+02 0.6765E-09 0.7141E+01 0.8189E+04 0.1722E+01  5.875 0.0000 0.2000E-04 0.1000E+01
2385 0.3204E+01 0.9149E+02 0.6645E-09 0.7136E+01 0.8154E+04 0.1725E+01  5.866 0.0000 0.2000E-04 0.1000E+01
2390 0.3252E+01 0.9111E+02 0.6528E-09 0.7132E+01 0.8120E+04 0.1727E+01  5.857 0.0000 0.2000E-04 0.1000E+01
2395 0.3300E+01 0.9074E+02 0.6413E-09 0.7127E+01 0.8085E+04 0.1729E+01  5.849 0.0000 0.2000E-04 0.1000E+01
2400 0.3349E+01 0.9037E+02 0.6301E-09 0.7123E+01 0.8052E+04 0.1731E+01  5.840 0.0000 0.2000E-04 0.1000E+01
2405 0.3398E+01 0.9000E+02 0.6192E-09 0.7118E+01 0.8018E+04 0.1733E+01  5.832 0.0000 0.2000E-04 0.1000E+01
2410 0.3448E+01 0.8964E+02 0.6086E-09 0.7114E+01 0.7986E+04 0.1735E+01  5.823 0.0000 0.2000E-04 0.1000E+01
2415 0.3498E+01 0.8928E+02 0.5983E-09 0.7110E+01 0.7953E+04 0.1737E+01  5.815 0.0000 0.2000E-04 0.1000E+01
2416 0.3500E+01 0.8927E+02 0.5978E-09 0.7110E+01 0.7952E+04 0.1737E+01  5.814 0.0000 0.2000E-04 0.1000E+01
2420 0.3540E+01 0.8899E+02 0.5897E-09 0.7106E+01 0.7926E+04 0.1739E+01  5.807 0.0000 0.2000E-04 0.1000E+01
2425 0.3591E+01 0.8864E+02 0.5798E-09 0.7102E+01 0.7894E+04 0.1741E+01  5.799 0.0000 0.2000E-04 0.1000E+01
2430 0.3642E+01 0.8829E+02 0.5702E-09 0.7098E+01 0.7862E+04 0.1742E+01  5.791 0.0000 0.2000E-04 0.1000E+01
2435 0.3693E+01 0.8795E+02 0.5607E-09 0.7094E+01 0.7831E+04 0.1744E+01  5.782 0.0000 0.2000E-04 0.1000E+01
2440 0.3745E+01 0.8761E+02 0.5515E-09 0.7090E+01 0.7800E+04 0.1746E+01  5.774 0.0000 0.2000E-04 0.1000E+01
2445 0.3797E+01 0.8728E+02 0.5425E-09 0.7086E+01 0.7769E+04 0.1748E+01  5.766 0.0000 0.2000E-04 0.1000E+01
2450 0.3849E+01 0.8694E+02 0.5337E-09 0.7082E+01 0.7739E+04 0.1750E+01  5.758 0.0000 0.2000E-04 0.1000E+01
2455 0.3902E+01 0.8662E+02 0.5251E-09 0.7078E+01 0.7708E+04 0.1752E+01  5.750 0.0000 0.2000E-04 0.1000E+01
2460 0.3955E+01 0.8629E+02 0.5167E-09 0.7074E+01 0.7678E+04 0.1753E+01  5.742 0.0000 0.2000E-04 0.1000E+01
2465 0.4000E+01 0.8602E+02 0.5097E-09 0.7071E+01 0.7653E+04 0.1755E+01  5.735 0.0000 0.2000E-04 0.1000E+01
2465 0.4000E+01 0.8602E+02 0.5097E-09 0.7071E+01 0.7653E+04 0.1755E+01  5.735 0.0000 0.2000E-04 0.1000E+01
2470 0.4054E+01 0.8570E+02 0.5016E-09 0.7067E+01 0.7623E+04 0.1757E+01  5.727 0.0000 0.2000E-04 0.1000E+01
2475 0.4108E+01 0.8538E+02 0.4937E-09 0.7063E+01 0.7594E+04 0.1758E+01  5.719 0.0000 0.2000E-04 0.1000E+01
2480 0.4162E+01 0.8507E+02 0.4860E-09 0.7059E+01 0.7565E+04 0.1760E+01  5.711 0.0000 0.2000E-04 0.1000E+01
2485 0.4217E+01 0.8475E+02 0.4784E-09 0.7055E+01 0.7536E+04 0.1762E+01  5.703 0.0000 0.2000E-04 0.1000E+01
2490 0.4272E+01 0.8445E+02 0.4710E-09 0.7052E+01 0.7507E+04 0.1763E+01  5.696 0.0000 0.2000E-04 0.1000E+01
2495 0.4328E+01 0.8414E+02 0.4638E-09 0.7048E+01 0.7479E+04 0.1765E+01  5.688 0.0000 0.2000E-04 0.1000E+01
2500 0.4383E+01 0.8384E+02 0.4567E-09 0.7044E+01 0.7450E+04 0.1766E+01  5.680 0.0000 0.2000E-04 0.1000E+01
2505 0.4440E+01 0.8354E+02 0.4498E-09 0.7041E+01 0.7423E+04 0.1768E+01  5.673 0.0000 0.2000E-04 0.1000E+01
2510 0.4496E+01 0.8325E+02 0.4430E-09 0.7037E+01 0.7395E+04 0.1770E+01  5.665 0.0000 0.2000E-04 0.1000E+01
2511 0.4500E+01 0.8323E+02 0.4425E-09 0.7037E+01 0.7393E+04 0.1770E+01  5.664 0.0000 0.2000E-04 0.1000E+01
2515 0.4546E+01 0.8299E+02 0.4372E-09 0.7034E+01 0.7371E+04 0.1771E+01  5.658 0.0000 0.2000E-04 0.1000E+01
2520 0.4603E+01 0.8270E+02 0.4307E-09 0.7031E+01 0.7343E+04 0.1772E+01  5.651 0.0000 0.2000E-04 0.1000E+01
2525 0.4661E+01 0.8242E+02 0.4243E-09 0.7027E+01 0.7316E+04 0.1774E+01  5.643 0.0000 0.2000E-04 0.1000E+01
2530 0.4719E+01 0.8213E+02 0.4181E-09 0.7024E+01 0.7289E+04 0.1775E+01  5.636 0.0000 0.2000E-04 0.1000E+01
2535 0.4777E+01 0.8185E+02 0.4119E-09 0.7020E+01 0.7262E+04 0.1777E+01  5.628 0.0000 0.2000E-04 0.1000E+01
2540 0.4836E+01 0.8157E+02 0.4059E-09 0.7017E+01 0.7236E+04 0.1778E+01  5.621 0.0000 0.2000E-04 0.1000E+01
2545 0.4895E+01 0.8129E+02 0.4000E-09 0.7014E+01 0.7209E+04 0.1780E+01  5.614 0.0000 0.2000E-04 0.1000E+01
2550 0.4955E+01 0.8102E+02 0.3943E-09 0.7010E+01 0.7183E+04 0.1781E+01  5.606 0.0000 0.2000E-04 0.1000E+01
2554 0.5000E+01 0.8081E+02 0.3900E-09 0.7008E+01 0.7164E+04 0.1782E+01  5.601 0.0000 0.2000E-04 0.1000E+01
2555 0.5012E+01 0.8076E+02 0.3889E-09 0.7007E+01 0.7158E+04 0.1782E+01  5.599 0.0000 0.2000E-04 0.1000E+01
2560 0.5072E+01 0.8049E+02 0.3834E-09 0.7004E+01 0.7133E+04 0.1784E+01  5.592 0.0000 0.2000E-04 0.1000E+01
2565 0.5133E+01 0.8022E+02 0.3779E-09 0.7000E+01 0.7107E+04 0.1785E+01  5.585 0.0000 0.2000E-04 0.1000E+01
2570 0.5195E+01 0.7995E+02 0.3726E-09 0.6997E+01 0.7082E+04 0.1787E+01  5.577 0.0000 0.2000E-04 0.1000E+01
2575 0.5256E+01 0.7969E+02 0.3674E-09 0.6994E+01 0.7056E+04 0.1788E+01  5.570 0.0000 0.2000E-04 0.1000E+01
2580 0.5318E+01 0.7943E+02 0.3622E-09 0.6991E+01 0.7031E+04 0.1789E+01  5.563 0.0000 0.2000E-04 0.1000E+01
2585 0.5381E+01 0.7917E+02 0.3572E-09 0.6988E+01 0.7006E+04 0.1791E+01  5.556 0.0000 0.2000E-04 0.1000E+01
2590 0.5444E+01 0.7891E+02 0.3522E-09 0.6984E+01 0.6982E+04 0.1792E+01  5.549 0.0000 0.2000E-04 0.1000E+01
2595 0.5500E+01 0.7868E+02 0.3479E-09 0.6982E+01 0.6960E+04 0.1793E+01  5.543 0.0000 0.2000E-04 0.1000E+01
2595 0.5500E+01 0.7868E+02 0.3479E-09 0.6982E+01 0.6960E+04 0.1793E+01  5.543 0.0000 0.2000E-04 0.1000E+01
2600 0.5564E+01 0.7843E+02 0.3431E-09 0.6978E+01 0.6936E+04 0.1794E+01  5.535 0.0000 0.2000E-04 0.1000E+01
