 $INPUT
 IMODEL	=             1
 N	=           120
 MINSTP	=             0
 VEOS	=  1.000000000000000
 ILOOP	=             1
 STATIC	=   F
 FRACT	=  2.5000000000000001E-03
 SHINE	=  0.3000000000000000
 SHAVE	=  9.9999999999999995E-08
 POUT	=  5000000.000000000
 AMETH	=             2
 CMETH	=             1
 NOBOND	=             1
 TBEG	=  5.0000000000000004E-06
 TIMEF	=  10.00000000000000
 DTIMEO	=  5.0000000000000003E-02
 STEPO	=  0.5000000000000000
 LCORR	=   T
 LSTART	=   F
 MAXSTP	=          5000
 SPK	=  15.00000000000000
 STARL	=  0.0000000000000000E+00
 DIST	=  5.200000000000000
 ALB	=  0.3500000000000000
 TEFFS	=  5770.000000000000
 LCONV	=   T
 LTRANS	=   T
 LPOUT	=   F
 LFILL	=   F
 LCONT	=   T
 LBURN	=   T
 MAG	=  'O '
 GAM	=  '7X'
 MASS	=  15.19312000000000
 YHEA	=  0.2500000000000000
 YDI	=  2.0000000000000002E-05
 HB	=  1.000000000000000
 $end
 
 
 Gam,Mass,Yhe,Ydi,Dist,starl,alb=  7X  15.193   0.250 0.200E-04 0.520E+01 0.000E+00 0.350E+00
  I  Time(Gyrs) Teff        Lumin      Rad(Gcm)  Tc         Rhoc       S      Ratio  Yd         Yl


   5 0.1620E-06 0.1972E+04 0.4178E-01 0.1219E+03 0.7397E+05 0.5997E-01 14.987 0.0000 0.2000E-04 0.1000E+01
  10 0.3718E-06 0.1983E+04 0.4087E-01 0.1191E+03 0.7503E+05 0.6223E-01 14.968 0.0000 0.2000E-04 0.1000E+01
  15 0.5910E-06 0.1994E+04 0.3998E-01 0.1165E+03 0.7608E+05 0.6456E-01 14.949 0.0000 0.2000E-04 0.1000E+01
  20 0.8174E-06 0.2005E+04 0.3912E-01 0.1140E+03 0.7711E+05 0.6693E-01 14.930 0.0000 0.2000E-04 0.1000E+01
  25 0.1051E-05 0.2015E+04 0.3828E-01 0.1116E+03 0.7815E+05 0.6933E-01 14.911 0.0000 0.2000E-04 0.1000E+01
  30 0.1294E-05 0.2025E+04 0.3747E-01 0.1093E+03 0.7917E+05 0.7179E-01 14.892 0.0000 0.2000E-04 0.1000E+01
  35 0.1544E-05 0.2035E+04 0.3667E-01 0.1071E+03 0.8020E+05 0.7428E-01 14.873 0.0000 0.2000E-04 0.1000E+01
  40 0.1804E-05 0.2045E+04 0.3589E-01 0.1050E+03 0.8123E+05 0.7681E-01 14.854 0.0000 0.2000E-04 0.1000E+01
  45 0.2074E-05 0.2054E+04 0.3514E-01 0.1029E+03 0.8225E+05 0.7939E-01 14.835 0.0000 0.2000E-04 0.1000E+01
  50 0.2353E-05 0.2063E+04 0.3440E-01 0.1009E+03 0.8328E+05 0.8204E-01 14.816 0.0000 0.2000E-04 0.1000E+01
  55 0.2643E-05 0.2072E+04 0.3367E-01 0.9902E+02 0.8429E+05 0.8474E-01 14.796 0.0000 0.2000E-04 0.1000E+01
  60 0.2944E-05 0.2081E+04 0.3296E-01 0.9715E+02 0.8531E+05 0.8751E-01 14.777 0.0000 0.2000E-04 0.1000E+01
  65 0.3256E-05 0.2089E+04 0.3227E-01 0.9535E+02 0.8631E+05 0.9034E-01 14.758 0.0000 0.2000E-04 0.1000E+01
  70 0.3576E-05 0.2098E+04 0.3159E-01 0.9361E+02 0.8730E+05 0.9321E-01 14.738 0.0000 0.2000E-04 0.1000E+01
  75 0.3907E-05 0.2106E+04 0.3094E-01 0.9193E+02 0.8829E+05 0.9614E-01 14.719 0.0000 0.2000E-04 0.1000E+01
  80 0.4250E-05 0.2113E+04 0.3030E-01 0.9030E+02 0.8928E+05 0.9915E-01 14.699 0.0000 0.2000E-04 0.1000E+01
  85 0.4605E-05 0.2121E+04 0.2967E-01 0.8871E+02 0.9026E+05 0.1022E+00 14.680 0.0000 0.2000E-04 0.1000E+01
  90 0.4972E-05 0.2129E+04 0.2906E-01 0.8718E+02 0.9123E+05 0.1054E+00 14.660 0.0000 0.2000E-04 0.1000E+01
  91 0.0000E+00 0.2129E+04 0.2902E-01 0.8706E+02 0.9130E+05 0.1056E+00 14.659 0.0000 0.2000E-04 0.1000E+01
  95 0.3026E-06 0.2135E+04 0.2854E-01 0.8587E+02 0.9208E+05 0.1082E+00 14.643 0.0000 0.2000E-04 0.1000E+01
 100 0.6923E-06 0.2142E+04 0.2796E-01 0.8442E+02 0.9304E+05 0.1115E+00 14.624 0.0000 0.2000E-04 0.1000E+01
 105 0.1095E-05 0.2149E+04 0.2738E-01 0.8300E+02 0.9400E+05 0.1148E+00 14.604 0.0000 0.2000E-04 0.1000E+01
 110 0.1510E-05 0.2156E+04 0.2683E-01 0.8163E+02 0.9496E+05 0.1182E+00 14.585 0.0000 0.2000E-04 0.1000E+01
 115 0.1940E-05 0.2163E+04 0.2628E-01 0.8030E+02 0.9592E+05 0.1217E+00 14.565 0.0000 0.2000E-04 0.1000E+01
 120 0.2384E-05 0.2170E+04 0.2575E-01 0.7899E+02 0.9687E+05 0.1253E+00 14.545 0.0000 0.2000E-04 0.1000E+01
 125 0.2844E-05 0.2176E+04 0.2523E-01 0.7773E+02 0.9783E+05 0.1289E+00 14.525 0.0000 0.2000E-04 0.1000E+01
 130 0.3319E-05 0.2182E+04 0.2472E-01 0.7649E+02 0.9879E+05 0.1326E+00 14.506 0.0000 0.2000E-04 0.1000E+01
 135 0.3809E-05 0.2189E+04 0.2422E-01 0.7529E+02 0.9975E+05 0.1364E+00 14.486 0.0000 0.2000E-04 0.1000E+01
 140 0.4314E-05 0.2195E+04 0.2373E-01 0.7412E+02 0.1007E+06 0.1402E+00 14.466 0.0000 0.2000E-04 0.1000E+01
 145 0.4835E-05 0.2201E+04 0.2326E-01 0.7298E+02 0.1016E+06 0.1441E+00 14.446 0.0000 0.2000E-04 0.1000E+01
 150 0.5371E-05 0.2206E+04 0.2279E-01 0.7187E+02 0.1026E+06 0.1481E+00 14.426 0.0000 0.2000E-04 0.1000E+01
 155 0.5924E-05 0.2212E+04 0.2234E-01 0.7079E+02 0.1035E+06 0.1522E+00 14.406 0.0000 0.2000E-04 0.1000E+01
 160 0.6494E-05 0.2218E+04 0.2190E-01 0.6973E+02 0.1045E+06 0.1564E+00 14.386 0.0000 0.2000E-04 0.1000E+01
 165 0.7081E-05 0.2223E+04 0.2147E-01 0.6871E+02 0.1054E+06 0.1606E+00 14.366 0.0000 0.2000E-04 0.1000E+01
 170 0.7684E-05 0.2228E+04 0.2105E-01 0.6771E+02 0.1063E+06 0.1650E+00 14.346 0.0000 0.2000E-04 0.1000E+01
 175 0.8305E-05 0.2233E+04 0.2063E-01 0.6673E+02 0.1072E+06 0.1694E+00 14.326 0.0000 0.2000E-04 0.1000E+01
 180 0.8946E-05 0.2238E+04 0.2023E-01 0.6578E+02 0.1081E+06 0.1739E+00 14.306 0.0000 0.2000E-04 0.1000E+01
 185 0.9606E-05 0.2243E+04 0.1984E-01 0.6484E+02 0.1090E+06 0.1785E+00 14.286 0.0000 0.2000E-04 0.1000E+01
 190 0.1028E-04 0.2248E+04 0.1945E-01 0.6393E+02 0.1099E+06 0.1832E+00 14.266 0.0000 0.2000E-04 0.1000E+01
 195 0.1099E-04 0.2253E+04 0.1907E-01 0.6304E+02 0.1108E+06 0.1880E+00 14.246 0.0000 0.2000E-04 0.1000E+01
 200 0.1171E-04 0.2258E+04 0.1870E-01 0.6217E+02 0.1117E+06 0.1929E+00 14.226 0.0000 0.2000E-04 0.1000E+01
 205 0.1245E-04 0.2262E+04 0.1834E-01 0.6131E+02 0.1126E+06 0.1979E+00 14.205 0.0000 0.2000E-04 0.1000E+01
 210 0.1322E-04 0.2267E+04 0.1798E-01 0.6047E+02 0.1135E+06 0.2031E+00 14.185 0.0000 0.2000E-04 0.1000E+01
 215 0.1402E-04 0.2271E+04 0.1763E-01 0.5965E+02 0.1144E+06 0.2084E+00 14.165 0.0000 0.2000E-04 0.1000E+01
 220 0.1484E-04 0.2276E+04 0.1729E-01 0.5884E+02 0.1153E+06 0.2138E+00 14.144 0.0000 0.2000E-04 0.1000E+01
 225 0.1569E-04 0.2280E+04 0.1695E-01 0.5804E+02 0.1162E+06 0.2193E+00 14.123 0.0000 0.2000E-04 0.1000E+01
 230 0.1656E-04 0.2284E+04 0.1662E-01 0.5727E+02 0.1171E+06 0.2249E+00 14.103 0.0000 0.2000E-04 0.1000E+01
 235 0.1746E-04 0.2288E+04 0.1630E-01 0.5651E+02 0.1180E+06 0.2306E+00 14.082 0.0000 0.2000E-04 0.1000E+01
 240 0.1837E-04 0.2292E+04 0.1599E-01 0.5578E+02 0.1189E+06 0.2364E+00 14.062 0.0000 0.2000E-04 0.1000E+01
 245 0.1931E-04 0.2296E+04 0.1568E-01 0.5505E+02 0.1198E+06 0.2423E+00 14.041 0.0000 0.2000E-04 0.1000E+01
 250 0.2027E-04 0.2300E+04 0.1538E-01 0.5435E+02 0.1207E+06 0.2483E+00 14.021 0.0000 0.2000E-04 0.1000E+01
 255 0.2126E-04 0.2303E+04 0.1509E-01 0.5366E+02 0.1216E+06 0.2544E+00 14.000 0.0000 0.2000E-04 0.1000E+01
 260 0.2228E-04 0.2307E+04 0.1481E-01 0.5298E+02 0.1225E+06 0.2606E+00 13.980 0.0000 0.2000E-04 0.1000E+01
 265 0.2333E-04 0.2310E+04 0.1452E-01 0.5232E+02 0.1235E+06 0.2670E+00 13.959 0.0000 0.2000E-04 0.1000E+01
 270 0.2440E-04 0.2314E+04 0.1425E-01 0.5166E+02 0.1244E+06 0.2736E+00 13.938 0.0000 0.2000E-04 0.1000E+01
 275 0.2551E-04 0.2317E+04 0.1398E-01 0.5103E+02 0.1253E+06 0.2802E+00 13.918 0.0000 0.2000E-04 0.1000E+01
 280 0.2665E-04 0.2320E+04 0.1371E-01 0.5040E+02 0.1262E+06 0.2870E+00 13.897 0.0000 0.2000E-04 0.1000E+01
 285 0.2783E-04 0.2323E+04 0.1345E-01 0.4978E+02 0.1271E+06 0.2940E+00 13.876 0.0000 0.2000E-04 0.1000E+01
 290 0.2905E-04 0.2327E+04 0.1319E-01 0.4917E+02 0.1280E+06 0.3011E+00 13.855 0.0000 0.2000E-04 0.1000E+01
 295 0.3030E-04 0.2330E+04 0.1294E-01 0.4857E+02 0.1290E+06 0.3084E+00 13.834 0.0000 0.2000E-04 0.1000E+01
 300 0.3159E-04 0.2333E+04 0.1270E-01 0.4799E+02 0.1299E+06 0.3159E+00 13.813 0.0000 0.2000E-04 0.1000E+01
 305 0.3292E-04 0.2336E+04 0.1245E-01 0.4741E+02 0.1308E+06 0.3236E+00 13.792 0.0000 0.2000E-04 0.1000E+01
 310 0.3428E-04 0.2338E+04 0.1222E-01 0.4684E+02 0.1318E+06 0.3314E+00 13.771 0.0000 0.2000E-04 0.1000E+01
 315 0.3569E-04 0.2341E+04 0.1198E-01 0.4627E+02 0.1327E+06 0.3395E+00 13.750 0.0000 0.2000E-04 0.1000E+01
 320 0.3714E-04 0.2344E+04 0.1175E-01 0.4572E+02 0.1337E+06 0.3477E+00 13.729 0.0000 0.2000E-04 0.1000E+01
 325 0.3864E-04 0.2347E+04 0.1153E-01 0.4518E+02 0.1347E+06 0.3561E+00 13.707 0.0000 0.2000E-04 0.1000E+01
 330 0.4018E-04 0.2349E+04 0.1131E-01 0.4464E+02 0.1356E+06 0.3647E+00 13.686 0.0000 0.2000E-04 0.1000E+01
 335 0.4177E-04 0.2352E+04 0.1109E-01 0.4412E+02 0.1366E+06 0.3736E+00 13.664 0.0000 0.2000E-04 0.1000E+01
 340 0.4340E-04 0.2354E+04 0.1088E-01 0.4360E+02 0.1376E+06 0.3826E+00 13.643 0.0000 0.2000E-04 0.1000E+01
 345 0.4509E-04 0.2357E+04 0.1067E-01 0.4309E+02 0.1386E+06 0.3919E+00 13.621 0.0000 0.2000E-04 0.1000E+01
 350 0.4682E-04 0.2359E+04 0.1046E-01 0.4258E+02 0.1396E+06 0.4013E+00 13.599 0.0000 0.2000E-04 0.1000E+01
 355 0.4860E-04 0.2361E+04 0.1026E-01 0.4209E+02 0.1406E+06 0.4110E+00 13.577 0.0000 0.2000E-04 0.1000E+01
 360 0.5043E-04 0.2364E+04 0.1006E-01 0.4160E+02 0.1416E+06 0.4209E+00 13.556 0.0000 0.2000E-04 0.1000E+01
 365 0.5231E-04 0.2366E+04 0.9871E-02 0.4113E+02 0.1426E+06 0.4309E+00 13.534 0.0000 0.2000E-04 0.1000E+01
 370 0.5424E-04 0.2368E+04 0.9684E-02 0.4066E+02 0.1436E+06 0.4412E+00 13.512 0.0000 0.2000E-04 0.1000E+01
 375 0.5622E-04 0.2370E+04 0.9499E-02 0.4019E+02 0.1446E+06 0.4518E+00 13.490 0.0000 0.2000E-04 0.1000E+01
 380 0.5826E-04 0.2373E+04 0.9319E-02 0.3974E+02 0.1457E+06 0.4625E+00 13.468 0.0000 0.2000E-04 0.1000E+01
 385 0.6035E-04 0.2375E+04 0.9143E-02 0.3929E+02 0.1467E+06 0.4735E+00 13.447 0.0000 0.2000E-04 0.1000E+01
 390 0.6250E-04 0.2377E+04 0.8969E-02 0.3885E+02 0.1477E+06 0.4848E+00 13.425 0.0000 0.2000E-04 0.1000E+01
 395 0.6471E-04 0.2379E+04 0.8798E-02 0.3842E+02 0.1488E+06 0.4963E+00 13.403 0.0000 0.2000E-04 0.1000E+01
 400 0.6699E-04 0.2380E+04 0.8631E-02 0.3799E+02 0.1498E+06 0.5081E+00 13.381 0.0000 0.2000E-04 0.1000E+01
 405 0.6933E-04 0.2382E+04 0.8467E-02 0.3757E+02 0.1509E+06 0.5202E+00 13.359 0.0000 0.2000E-04 0.1000E+01
 410 0.7174E-04 0.2384E+04 0.8305E-02 0.3715E+02 0.1519E+06 0.5325E+00 13.336 0.0000 0.2000E-04 0.1000E+01
 415 0.7422E-04 0.2386E+04 0.8147E-02 0.3675E+02 0.1530E+06 0.5451E+00 13.314 0.0000 0.2000E-04 0.1000E+01
 420 0.7676E-04 0.2387E+04 0.7992E-02 0.3634E+02 0.1540E+06 0.5580E+00 13.292 0.0000 0.2000E-04 0.1000E+01
 425 0.7938E-04 0.2389E+04 0.7839E-02 0.3595E+02 0.1551E+06 0.5712E+00 13.270 0.0000 0.2000E-04 0.1000E+01
 430 0.8207E-04 0.2391E+04 0.7689E-02 0.3555E+02 0.1561E+06 0.5847E+00 13.247 0.0000 0.2000E-04 0.1000E+01
 435 0.8484E-04 0.2392E+04 0.7543E-02 0.3517E+02 0.1572E+06 0.5985E+00 13.225 0.0000 0.2000E-04 0.1000E+01
 440 0.8768E-04 0.2394E+04 0.7398E-02 0.3479E+02 0.1582E+06 0.6127E+00 13.203 0.0000 0.2000E-04 0.1000E+01
 445 0.9061E-04 0.2395E+04 0.7257E-02 0.3441E+02 0.1593E+06 0.6271E+00 13.180 0.0000 0.2000E-04 0.1000E+01
 450 0.9363E-04 0.2397E+04 0.7120E-02 0.3404E+02 0.1604E+06 0.6419E+00 13.158 0.0000 0.2000E-04 0.1000E+01
 455 0.9672E-04 0.2398E+04 0.6986E-02 0.3368E+02 0.1614E+06 0.6571E+00 13.135 0.0000 0.2000E-04 0.1000E+01
 460 0.9991E-04 0.2400E+04 0.6854E-02 0.3332E+02 0.1625E+06 0.6725E+00 13.112 0.0000 0.2000E-04 0.1000E+01
 465 0.1032E-03 0.2401E+04 0.6725E-02 0.3296E+02 0.1636E+06 0.6884E+00 13.090 0.0000 0.2000E-04 0.1000E+01
 470 0.1065E-03 0.2402E+04 0.6598E-02 0.3261E+02 0.1646E+06 0.7046E+00 13.067 0.0000 0.2000E-04 0.1000E+01
 475 0.1100E-03 0.2404E+04 0.6473E-02 0.3227E+02 0.1657E+06 0.7211E+00 13.044 0.0000 0.2000E-04 0.1000E+01
 480 0.1136E-03 0.2405E+04 0.6350E-02 0.3193E+02 0.1668E+06 0.7381E+00 13.021 0.0000 0.2000E-04 0.1000E+01
 485 0.1172E-03 0.2406E+04 0.6229E-02 0.3159E+02 0.1679E+06 0.7554E+00 12.998 0.0000 0.2000E-04 0.1000E+01
 490 0.1210E-03 0.2407E+04 0.6111E-02 0.3126E+02 0.1689E+06 0.7732E+00 12.976 0.0000 0.2000E-04 0.1000E+01
 495 0.1248E-03 0.2408E+04 0.5995E-02 0.3093E+02 0.1700E+06 0.7914E+00 12.953 0.0000 0.2000E-04 0.1000E+01
 500 0.1288E-03 0.2410E+04 0.5882E-02 0.3061E+02 0.1711E+06 0.8099E+00 12.929 0.0000 0.2000E-04 0.1000E+01
 505 0.1329E-03 0.2411E+04 0.5770E-02 0.3029E+02 0.1722E+06 0.8289E+00 12.906 0.0000 0.2000E-04 0.1000E+01
 510 0.1371E-03 0.2412E+04 0.5661E-02 0.2998E+02 0.1732E+06 0.8484E+00 12.883 0.0000 0.2000E-04 0.1000E+01
 515 0.1414E-03 0.2413E+04 0.5555E-02 0.2967E+02 0.1743E+06 0.8682E+00 12.860 0.0000 0.2000E-04 0.1000E+01
 520 0.1459E-03 0.2414E+04 0.5450E-02 0.2936E+02 0.1754E+06 0.8885E+00 12.837 0.0000 0.2000E-04 0.1000E+01
 525 0.1504E-03 0.2415E+04 0.5349E-02 0.2906E+02 0.1765E+06 0.9092E+00 12.813 0.0000 0.2000E-04 0.1000E+01
 530 0.1551E-03 0.2416E+04 0.5250E-02 0.2876E+02 0.1775E+06 0.9304E+00 12.790 0.0000 0.2000E-04 0.1000E+01
 535 0.1599E-03 0.2417E+04 0.5153E-02 0.2847E+02 0.1786E+06 0.9521E+00 12.767 0.0000 0.2000E-04 0.1000E+01
 540 0.1648E-03 0.2418E+04 0.5057E-02 0.2818E+02 0.1797E+06 0.9743E+00 12.743 0.0000 0.2000E-04 0.1000E+01
 545 0.1699E-03 0.2419E+04 0.4963E-02 0.2789E+02 0.1807E+06 0.9969E+00 12.720 0.0000 0.2000E-04 0.1000E+01
 550 0.1751E-03 0.2420E+04 0.4870E-02 0.2761E+02 0.1818E+06 0.1020E+01 12.696 0.0000 0.2000E-04 0.1000E+01
 555 0.1805E-03 0.2421E+04 0.4779E-02 0.2733E+02 0.1829E+06 0.1044E+01 12.673 0.0000 0.2000E-04 0.1000E+01
 560 0.1860E-03 0.2422E+04 0.4689E-02 0.2706E+02 0.1839E+06 0.1068E+01 12.649 0.0000 0.2000E-04 0.1000E+01
 565 0.1916E-03 0.2422E+04 0.4601E-02 0.2679E+02 0.1850E+06 0.1092E+01 12.625 0.0000 0.2000E-04 0.1000E+01
 570 0.1974E-03 0.2423E+04 0.4514E-02 0.2652E+02 0.1861E+06 0.1118E+01 12.602 0.0000 0.2000E-04 0.1000E+01
 575 0.2034E-03 0.2423E+04 0.4428E-02 0.2626E+02 0.1871E+06 0.1144E+01 12.578 0.0000 0.2000E-04 0.1000E+01
 580 0.2095E-03 0.2424E+04 0.4343E-02 0.2599E+02 0.1882E+06 0.1170E+01 12.554 0.0000 0.2000E-04 0.1000E+01
 585 0.2159E-03 0.2424E+04 0.4260E-02 0.2574E+02 0.1892E+06 0.1197E+01 12.530 0.0000 0.2000E-04 0.1000E+01
 590 0.2224E-03 0.2424E+04 0.4177E-02 0.2548E+02 0.1903E+06 0.1225E+01 12.506 0.0000 0.2000E-04 0.1000E+01
 595 0.2291E-03 0.2425E+04 0.4096E-02 0.2523E+02 0.1913E+06 0.1253E+01 12.481 0.0000 0.2000E-04 0.1000E+01
 600 0.2361E-03 0.2425E+04 0.4016E-02 0.2497E+02 0.1924E+06 0.1283E+01 12.457 0.0000 0.2000E-04 0.1000E+01
 605 0.2432E-03 0.2425E+04 0.3936E-02 0.2473E+02 0.1934E+06 0.1312E+01 12.432 0.0000 0.2000E-04 0.1000E+01
 610 0.2506E-03 0.2425E+04 0.3857E-02 0.2448E+02 0.1944E+06 0.1343E+01 12.407 0.0000 0.2000E-04 0.1000E+01
 615 0.2582E-03 0.2424E+04 0.3779E-02 0.2424E+02 0.1955E+06 0.1374E+01 12.383 0.0000 0.2000E-04 0.1000E+01
 620 0.2660E-03 0.2424E+04 0.3703E-02 0.2400E+02 0.1965E+06 0.1406E+01 12.358 0.0000 0.2000E-04 0.1000E+01
 625 0.2740E-03 0.2423E+04 0.3627E-02 0.2376E+02 0.1975E+06 0.1439E+01 12.333 0.0000 0.2000E-04 0.1000E+01
 630 0.2822E-03 0.2423E+04 0.3552E-02 0.2353E+02 0.1985E+06 0.1472E+01 12.308 0.0000 0.2000E-04 0.1000E+01
 635 0.2907E-03 0.2422E+04 0.3478E-02 0.2330E+02 0.1995E+06 0.1506E+01 12.284 0.0000 0.2000E-04 0.1000E+01
 640 0.2994E-03 0.2421E+04 0.3405E-02 0.2308E+02 0.2005E+06 0.1541E+01 12.259 0.0000 0.2000E-04 0.1000E+01
 645 0.3083E-03 0.2420E+04 0.3333E-02 0.2285E+02 0.2015E+06 0.1576E+01 12.234 0.0000 0.2000E-04 0.1000E+01
 650 0.3176E-03 0.2418E+04 0.3263E-02 0.2263E+02 0.2025E+06 0.1612E+01 12.209 0.0000 0.2000E-04 0.1000E+01
 655 0.3271E-03 0.2417E+04 0.3193E-02 0.2241E+02 0.2034E+06 0.1649E+01 12.183 0.0000 0.2000E-04 0.1000E+01
 660 0.3368E-03 0.2416E+04 0.3125E-02 0.2220E+02 0.2044E+06 0.1687E+01 12.158 0.0000 0.2000E-04 0.1000E+01
 665 0.3468E-03 0.2414E+04 0.3058E-02 0.2199E+02 0.2054E+06 0.1726E+01 12.133 0.0000 0.2000E-04 0.1000E+01
 670 0.3572E-03 0.2412E+04 0.2992E-02 0.2178E+02 0.2063E+06 0.1766E+01 12.108 0.0000 0.2000E-04 0.1000E+01
 675 0.3679E-03 0.2411E+04 0.2928E-02 0.2157E+02 0.2073E+06 0.1806E+01 12.082 0.0000 0.2000E-04 0.1000E+01
 680 0.3789E-03 0.2409E+04 0.2864E-02 0.2137E+02 0.2082E+06 0.1847E+01 12.057 0.0000 0.2000E-04 0.1000E+01
 685 0.3902E-03 0.2407E+04 0.2802E-02 0.2117E+02 0.2091E+06 0.1890E+01 12.031 0.0000 0.2000E-04 0.1000E+01
 690 0.4018E-03 0.2405E+04 0.2741E-02 0.2097E+02 0.2101E+06 0.1933E+01 12.006 0.0000 0.2000E-04 0.1000E+01
 695 0.4139E-03 0.2403E+04 0.2680E-02 0.2077E+02 0.2110E+06 0.1977E+01 11.980 0.0000 0.2000E-04 0.1000E+01
 700 0.4263E-03 0.2401E+04 0.2621E-02 0.2057E+02 0.2119E+06 0.2023E+01 11.954 0.0000 0.2000E-04 0.1000E+01
 705 0.4390E-03 0.2399E+04 0.2562E-02 0.2038E+02 0.2128E+06 0.2069E+01 11.928 0.0000 0.2000E-04 0.1000E+01
 710 0.4522E-03 0.2397E+04 0.2505E-02 0.2019E+02 0.2137E+06 0.2117E+01 11.902 0.0000 0.2000E-04 0.1000E+01
 715 0.4658E-03 0.2394E+04 0.2449E-02 0.2000E+02 0.2146E+06 0.2165E+01 11.876 0.0000 0.2000E-04 0.1000E+01
 720 0.4797E-03 0.2392E+04 0.2396E-02 0.1982E+02 0.2155E+06 0.2215E+01 11.850 0.0000 0.2000E-04 0.1000E+01
 725 0.4939E-03 0.2390E+04 0.2344E-02 0.1963E+02 0.2164E+06 0.2265E+01 11.824 0.0000 0.2000E-04 0.1000E+01
 730 0.5084E-03 0.2388E+04 0.2294E-02 0.1946E+02 0.2173E+06 0.2316E+01 11.798 0.0000 0.2000E-04 0.1000E+01
 735 0.5233E-03 0.2386E+04 0.2244E-02 0.1928E+02 0.2181E+06 0.2368E+01 11.772 0.0000 0.2000E-04 0.1000E+01
 740 0.5386E-03 0.2384E+04 0.2196E-02 0.1911E+02 0.2190E+06 0.2421E+01 11.747 0.0000 0.2000E-04 0.1000E+01
 745 0.5539E-03 0.2381E+04 0.2149E-02 0.1894E+02 0.2198E+06 0.2474E+01 11.721 0.0000 0.2000E-04 0.1000E+01
 750 0.5693E-03 0.2379E+04 0.2104E-02 0.1878E+02 0.2206E+06 0.2527E+01 11.697 0.0000 0.2000E-04 0.1000E+01
 755 0.5847E-03 0.2377E+04 0.2061E-02 0.1862E+02 0.2214E+06 0.2579E+01 11.672 0.0000 0.2000E-04 0.1000E+01
 760 0.6000E-03 0.2374E+04 0.2020E-02 0.1847E+02 0.2221E+06 0.2631E+01 11.649 0.0000 0.2000E-04 0.1000E+01
 765 0.6153E-03 0.2372E+04 0.1981E-02 0.1833E+02 0.2229E+06 0.2683E+01 11.626 0.0000 0.2000E-04 0.1000E+01
 770 0.6305E-03 0.2369E+04 0.1943E-02 0.1819E+02 0.2236E+06 0.2734E+01 11.604 0.0000 0.2000E-04 0.1000E+01
 775 0.6457E-03 0.2367E+04 0.1907E-02 0.1806E+02 0.2242E+06 0.2784E+01 11.582 0.0000 0.2000E-04 0.1000E+01
 780 0.6609E-03 0.2364E+04 0.1872E-02 0.1793E+02 0.2249E+06 0.2835E+01 11.561 0.0000 0.2000E-04 0.1000E+01
 785 0.6762E-03 0.2362E+04 0.1837E-02 0.1781E+02 0.2255E+06 0.2885E+01 11.540 0.0000 0.2000E-04 0.1000E+01
 790 0.6916E-03 0.2359E+04 0.1804E-02 0.1768E+02 0.2262E+06 0.2935E+01 11.519 0.0000 0.2000E-04 0.1000E+01
 795 0.7071E-03 0.2357E+04 0.1772E-02 0.1757E+02 0.2268E+06 0.2986E+01 11.499 0.0000 0.2000E-04 0.1000E+01
 800 0.7225E-03 0.2354E+04 0.1741E-02 0.1745E+02 0.2274E+06 0.3036E+01 11.479 0.0000 0.2000E-04 0.1000E+01
 805 0.7381E-03 0.2351E+04 0.1710E-02 0.1734E+02 0.2280E+06 0.3085E+01 11.459 0.0000 0.2000E-04 0.1000E+01
 810 0.7536E-03 0.2348E+04 0.1681E-02 0.1723E+02 0.2285E+06 0.3135E+01 11.440 0.0000 0.2000E-04 0.1000E+01
 815 0.7691E-03 0.2346E+04 0.1653E-02 0.1712E+02 0.2291E+06 0.3184E+01 11.421 0.0000 0.2000E-04 0.1000E+01
 820 0.7847E-03 0.2343E+04 0.1625E-02 0.1702E+02 0.2296E+06 0.3233E+01 11.402 0.0000 0.2000E-04 0.1000E+01
 825 0.8005E-03 0.2340E+04 0.1597E-02 0.1692E+02 0.2301E+06 0.3283E+01 11.384 0.0000 0.2000E-04 0.1000E+01
 830 0.8164E-03 0.2337E+04 0.1570E-02 0.1682E+02 0.2306E+06 0.3332E+01 11.365 0.0000 0.2000E-04 0.1000E+01
 835 0.8324E-03 0.2334E+04 0.1544E-02 0.1672E+02 0.2311E+06 0.3382E+01 11.347 0.0000 0.2000E-04 0.1000E+01
 840 0.8485E-03 0.2330E+04 0.1518E-02 0.1663E+02 0.2316E+06 0.3431E+01 11.330 0.0000 0.2000E-04 0.1000E+01
 845 0.8648E-03 0.2327E+04 0.1493E-02 0.1653E+02 0.2321E+06 0.3481E+01 11.312 0.0000 0.2000E-04 0.1000E+01
 850 0.8811E-03 0.2324E+04 0.1468E-02 0.1644E+02 0.2325E+06 0.3530E+01 11.294 0.0000 0.2000E-04 0.1000E+01
 855 0.8976E-03 0.2320E+04 0.1443E-02 0.1635E+02 0.2330E+06 0.3580E+01 11.277 0.0000 0.2000E-04 0.1000E+01
 860 0.9142E-03 0.2316E+04 0.1419E-02 0.1626E+02 0.2334E+06 0.3629E+01 11.260 0.0000 0.2000E-04 0.1000E+01
 865 0.9309E-03 0.2313E+04 0.1395E-02 0.1618E+02 0.2339E+06 0.3679E+01 11.243 0.0000 0.2000E-04 0.1000E+01
 870 0.9477E-03 0.2309E+04 0.1371E-02 0.1609E+02 0.2343E+06 0.3728E+01 11.227 0.0000 0.2000E-04 0.1000E+01
 875 0.9648E-03 0.2305E+04 0.1348E-02 0.1601E+02 0.2347E+06 0.3778E+01 11.210 0.0000 0.2000E-04 0.1000E+01
 880 0.9821E-03 0.2301E+04 0.1326E-02 0.1593E+02 0.2351E+06 0.3828E+01 11.194 0.0000 0.2000E-04 0.1000E+01
 885 0.9995E-03 0.2297E+04 0.1303E-02 0.1585E+02 0.2355E+06 0.3878E+01 11.177 0.0000 0.2000E-04 0.1000E+01
 890 0.1017E-02 0.2294E+04 0.1282E-02 0.1577E+02 0.2359E+06 0.3928E+01 11.161 0.0000 0.2000E-04 0.1000E+01
 895 0.1035E-02 0.2289E+04 0.1260E-02 0.1569E+02 0.2362E+06 0.3979E+01 11.145 0.0000 0.2000E-04 0.1000E+01
 900 0.1053E-02 0.2285E+04 0.1239E-02 0.1562E+02 0.2366E+06 0.4029E+01 11.129 0.0000 0.2000E-04 0.1000E+01
 905 0.1071E-02 0.2281E+04 0.1218E-02 0.1554E+02 0.2370E+06 0.4080E+01 11.113 0.0000 0.2000E-04 0.1000E+01
 910 0.1090E-02 0.2277E+04 0.1198E-02 0.1547E+02 0.2373E+06 0.4131E+01 11.097 0.0000 0.2000E-04 0.1000E+01
 915 0.1109E-02 0.2273E+04 0.1178E-02 0.1539E+02 0.2376E+06 0.4182E+01 11.082 0.0000 0.2000E-04 0.1000E+01
 920 0.1127E-02 0.2269E+04 0.1158E-02 0.1532E+02 0.2380E+06 0.4233E+01 11.066 0.0000 0.2000E-04 0.1000E+01
 925 0.1147E-02 0.2264E+04 0.1138E-02 0.1525E+02 0.2383E+06 0.4285E+01 11.050 0.0000 0.2000E-04 0.1000E+01
 930 0.1166E-02 0.2260E+04 0.1119E-02 0.1518E+02 0.2386E+06 0.4337E+01 11.035 0.0000 0.2000E-04 0.1000E+01
 935 0.1186E-02 0.2256E+04 0.1100E-02 0.1511E+02 0.2389E+06 0.4389E+01 11.020 0.0000 0.2000E-04 0.1000E+01
 940 0.1206E-02 0.2251E+04 0.1082E-02 0.1504E+02 0.2392E+06 0.4441E+01 11.004 0.0000 0.2000E-04 0.1000E+01
 945 0.1226E-02 0.2247E+04 0.1064E-02 0.1497E+02 0.2395E+06 0.4494E+01 10.989 0.0000 0.2000E-04 0.1000E+01
 950 0.1247E-02 0.2242E+04 0.1046E-02 0.1490E+02 0.2398E+06 0.4547E+01 10.974 0.0000 0.2000E-04 0.1000E+01
 955 0.1268E-02 0.2238E+04 0.1028E-02 0.1484E+02 0.2401E+06 0.4600E+01 10.959 0.0000 0.2000E-04 0.1000E+01
 960 0.1289E-02 0.2233E+04 0.1010E-02 0.1477E+02 0.2404E+06 0.4653E+01 10.944 0.0000 0.2000E-04 0.1000E+01
 965 0.1310E-02 0.2228E+04 0.9932E-03 0.1471E+02 0.2406E+06 0.4707E+01 10.929 0.0000 0.2000E-04 0.1000E+01
 970 0.1332E-02 0.2224E+04 0.9762E-03 0.1464E+02 0.2409E+06 0.4761E+01 10.914 0.0000 0.2000E-04 0.1000E+01
 975 0.1354E-02 0.2219E+04 0.9595E-03 0.1458E+02 0.2411E+06 0.4815E+01 10.899 0.0000 0.2000E-04 0.1000E+01
 980 0.1376E-02 0.2214E+04 0.9429E-03 0.1452E+02 0.2414E+06 0.4870E+01 10.884 0.0000 0.2000E-04 0.1000E+01
 985 0.1399E-02 0.2209E+04 0.9265E-03 0.1445E+02 0.2416E+06 0.4925E+01 10.869 0.0000 0.2000E-04 0.1000E+01
 990 0.1422E-02 0.2204E+04 0.9103E-03 0.1439E+02 0.2418E+06 0.4980E+01 10.854 0.0000 0.2000E-04 0.1000E+01
 995 0.1446E-02 0.2199E+04 0.8943E-03 0.1433E+02 0.2420E+06 0.5036E+01 10.840 0.0000 0.2000E-04 0.1000E+01
1000 0.1470E-02 0.2194E+04 0.8785E-03 0.1427E+02 0.2423E+06 0.5091E+01 10.825 0.0000 0.2000E-04 0.1000E+01
1005 0.1494E-02 0.2188E+04 0.8629E-03 0.1421E+02 0.2425E+06 0.5147E+01 10.810 0.0000 0.2000E-04 0.1000E+01
1010 0.1518E-02 0.2183E+04 0.8475E-03 0.1415E+02 0.2427E+06 0.5204E+01 10.796 0.0000 0.2000E-04 0.1000E+01
1015 0.1543E-02 0.2178E+04 0.8325E-03 0.1410E+02 0.2429E+06 0.5261E+01 10.781 0.0000 0.2000E-04 0.1000E+01
1020 0.1569E-02 0.2173E+04 0.8177E-03 0.1404E+02 0.2431E+06 0.5318E+01 10.767 0.0000 0.2000E-04 0.1000E+01
1025 0.1595E-02 0.2167E+04 0.8032E-03 0.1398E+02 0.2432E+06 0.5375E+01 10.752 0.0000 0.2000E-04 0.1000E+01
1030 0.1621E-02 0.2162E+04 0.7889E-03 0.1392E+02 0.2434E+06 0.5433E+01 10.738 0.0000 0.2000E-04 0.1000E+01
1035 0.1648E-02 0.2157E+04 0.7750E-03 0.1387E+02 0.2436E+06 0.5491E+01 10.723 0.0000 0.2000E-04 0.1000E+01
1040 0.1675E-02 0.2152E+04 0.7614E-03 0.1381E+02 0.2437E+06 0.5549E+01 10.709 0.0000 0.2000E-04 0.1000E+01
1045 0.1702E-02 0.2146E+04 0.7481E-03 0.1376E+02 0.2439E+06 0.5608E+01 10.695 0.0000 0.2000E-04 0.1000E+01
1050 0.1730E-02 0.2141E+04 0.7351E-03 0.1370E+02 0.2440E+06 0.5667E+01 10.680 0.0000 0.2000E-04 0.1000E+01
1055 0.1759E-02 0.2136E+04 0.7225E-03 0.1365E+02 0.2442E+06 0.5727E+01 10.666 0.0000 0.2000E-04 0.1000E+01
1060 0.1788E-02 0.2131E+04 0.7102E-03 0.1360E+02 0.2443E+06 0.5787E+01 10.652 0.0000 0.2000E-04 0.1000E+01
1065 0.1817E-02 0.2126E+04 0.6982E-03 0.1354E+02 0.2445E+06 0.5847E+01 10.638 0.0000 0.2000E-04 0.1000E+01
1070 0.1847E-02 0.2121E+04 0.6866E-03 0.1349E+02 0.2446E+06 0.5907E+01 10.623 0.0000 0.2000E-04 0.1000E+01
1075 0.1877E-02 0.2117E+04 0.6753E-03 0.1344E+02 0.2447E+06 0.5968E+01 10.609 0.0000 0.2000E-04 0.1000E+01
1080 0.1908E-02 0.2112E+04 0.6644E-03 0.1339E+02 0.2448E+06 0.6029E+01 10.595 0.0000 0.2000E-04 0.1000E+01
1085 0.1939E-02 0.2108E+04 0.6538E-03 0.1334E+02 0.2449E+06 0.6091E+01 10.581 0.0000 0.2000E-04 0.1000E+01
1090 0.1970E-02 0.2103E+04 0.6436E-03 0.1329E+02 0.2450E+06 0.6153E+01 10.567 0.0000 0.2000E-04 0.1000E+01
1095 0.2002E-02 0.2099E+04 0.6337E-03 0.1324E+02 0.2451E+06 0.6215E+01 10.553 0.0000 0.2000E-04 0.1000E+01
1100 0.2035E-02 0.2095E+04 0.6240E-03 0.1319E+02 0.2452E+06 0.6278E+01 10.539 0.0000 0.2000E-04 0.1000E+01
1105 0.2068E-02 0.2091E+04 0.6147E-03 0.1314E+02 0.2453E+06 0.6341E+01 10.525 0.0000 0.2000E-04 0.1000E+01
1110 0.2101E-02 0.2087E+04 0.6056E-03 0.1309E+02 0.2453E+06 0.6405E+01 10.511 0.0000 0.2000E-04 0.1000E+01
1115 0.2135E-02 0.2083E+04 0.5967E-03 0.1304E+02 0.2454E+06 0.6469E+01 10.497 0.0000 0.2000E-04 0.1000E+01
1120 0.2169E-02 0.2079E+04 0.5880E-03 0.1299E+02 0.2455E+06 0.6533E+01 10.483 0.0000 0.2000E-04 0.1000E+01
1125 0.2204E-02 0.2076E+04 0.5794E-03 0.1295E+02 0.2455E+06 0.6598E+01 10.469 0.0000 0.2000E-04 0.1000E+01
1130 0.2239E-02 0.2072E+04 0.5709E-03 0.1290E+02 0.2456E+06 0.6663E+01 10.455 0.0000 0.2000E-04 0.1000E+01
1135 0.2275E-02 0.2068E+04 0.5626E-03 0.1285E+02 0.2456E+06 0.6728E+01 10.441 0.0000 0.2000E-04 0.1000E+01
1140 0.2311E-02 0.2064E+04 0.5544E-03 0.1281E+02 0.2456E+06 0.6794E+01 10.427 0.0000 0.2000E-04 0.1000E+01
1145 0.2348E-02 0.2060E+04 0.5463E-03 0.1276E+02 0.2457E+06 0.6861E+01 10.413 0.0000 0.2000E-04 0.1000E+01
1150 0.2385E-02 0.2056E+04 0.5384E-03 0.1272E+02 0.2457E+06 0.6927E+01 10.399 0.0000 0.2000E-04 0.1000E+01
1155 0.2423E-02 0.2052E+04 0.5305E-03 0.1267E+02 0.2457E+06 0.6994E+01 10.386 0.0000 0.2000E-04 0.1000E+01
1160 0.2461E-02 0.2048E+04 0.5226E-03 0.1263E+02 0.2457E+06 0.7062E+01 10.372 0.0000 0.2000E-04 0.1000E+01
1165 0.2500E-02 0.2044E+04 0.5149E-03 0.1258E+02 0.2457E+06 0.7130E+01 10.358 0.0000 0.2000E-04 0.1000E+01
1170 0.2539E-02 0.2040E+04 0.5071E-03 0.1254E+02 0.2457E+06 0.7198E+01 10.344 0.0000 0.2000E-04 0.1000E+01
1175 0.2579E-02 0.2036E+04 0.4994E-03 0.1250E+02 0.2457E+06 0.7267E+01 10.331 0.0000 0.2000E-04 0.1000E+01
1180 0.2619E-02 0.2031E+04 0.4916E-03 0.1245E+02 0.2457E+06 0.7336E+01 10.317 0.0000 0.2000E-04 0.1000E+01
1185 0.2660E-02 0.2027E+04 0.4839E-03 0.1241E+02 0.2457E+06 0.7405E+01 10.303 0.0000 0.2000E-04 0.1000E+01
1190 0.2701E-02 0.2022E+04 0.4762E-03 0.1237E+02 0.2456E+06 0.7475E+01 10.289 0.0000 0.2000E-04 0.1000E+01
1195 0.2744E-02 0.2017E+04 0.4685E-03 0.1233E+02 0.2456E+06 0.7545E+01 10.276 0.0000 0.2000E-04 0.1000E+01
1200 0.2786E-02 0.2012E+04 0.4608E-03 0.1229E+02 0.2456E+06 0.7616E+01 10.262 0.0000 0.2000E-04 0.1000E+01
1205 0.2830E-02 0.2007E+04 0.4531E-03 0.1224E+02 0.2455E+06 0.7687E+01 10.248 0.0000 0.2000E-04 0.1000E+01
1210 0.2874E-02 0.2002E+04 0.4454E-03 0.1220E+02 0.2455E+06 0.7759E+01 10.235 0.0000 0.2000E-04 0.1000E+01
1215 0.2919E-02 0.1996E+04 0.4378E-03 0.1216E+02 0.2454E+06 0.7831E+01 10.221 0.0000 0.2000E-04 0.1000E+01
1220 0.2965E-02 0.1991E+04 0.4302E-03 0.1212E+02 0.2453E+06 0.7903E+01 10.207 0.0000 0.2000E-04 0.1000E+01
1224 0.3000E-02 0.1987E+04 0.4244E-03 0.1209E+02 0.2453E+06 0.7959E+01 10.197 0.0000 0.2000E-04 0.1000E+01
1225 0.3009E-02 0.1986E+04 0.4229E-03 0.1209E+02 0.2453E+06 0.7973E+01 10.194 0.0000 0.2000E-04 0.1000E+01
1230 0.3056E-02 0.1980E+04 0.4153E-03 0.1205E+02 0.2452E+06 0.8046E+01 10.181 0.0000 0.2000E-04 0.1000E+01
1235 0.3104E-02 0.1974E+04 0.4078E-03 0.1201E+02 0.2451E+06 0.8119E+01 10.167 0.0000 0.2000E-04 0.1000E+01
1240 0.3153E-02 0.1968E+04 0.4002E-03 0.1197E+02 0.2450E+06 0.8193E+01 10.154 0.0000 0.2000E-04 0.1000E+01
1245 0.3202E-02 0.1962E+04 0.3926E-03 0.1193E+02 0.2449E+06 0.8267E+01 10.140 0.0000 0.2000E-04 0.1000E+01
1250 0.3253E-02 0.1955E+04 0.3849E-03 0.1189E+02 0.2448E+06 0.8342E+01 10.127 0.0000 0.2000E-04 0.1000E+01
1255 0.3304E-02 0.1948E+04 0.3771E-03 0.1185E+02 0.2447E+06 0.8417E+01 10.113 0.0000 0.2000E-04 0.1000E+01
1260 0.3356E-02 0.1941E+04 0.3694E-03 0.1182E+02 0.2446E+06 0.8492E+01 10.100 0.0000 0.2000E-04 0.1000E+01
1265 0.3410E-02 0.1934E+04 0.3616E-03 0.1178E+02 0.2445E+06 0.8568E+01 10.086 0.0000 0.2000E-04 0.1000E+01
1270 0.3464E-02 0.1926E+04 0.3538E-03 0.1174E+02 0.2444E+06 0.8644E+01 10.073 0.0000 0.2000E-04 0.1000E+01
1275 0.3520E-02 0.1919E+04 0.3459E-03 0.1171E+02 0.2442E+06 0.8720E+01 10.059 0.0000 0.2000E-04 0.1000E+01
1280 0.3576E-02 0.1910E+04 0.3379E-03 0.1167E+02 0.2441E+06 0.8797E+01 10.046 0.0000 0.2000E-04 0.1000E+01
1285 0.3634E-02 0.1902E+04 0.3298E-03 0.1164E+02 0.2439E+06 0.8874E+01 10.033 0.0000 0.2000E-04 0.1000E+01
1290 0.3694E-02 0.1893E+04 0.3216E-03 0.1160E+02 0.2438E+06 0.8951E+01 10.019 0.0000 0.2000E-04 0.1000E+01
1295 0.3754E-02 0.1883E+04 0.3132E-03 0.1157E+02 0.2436E+06 0.9029E+01 10.006 0.0000 0.2000E-04 0.1000E+01
1300 0.3817E-02 0.1873E+04 0.3048E-03 0.1153E+02 0.2435E+06 0.9107E+01  9.993 0.0000 0.2000E-04 0.1000E+01
1305 0.3881E-02 0.1863E+04 0.2962E-03 0.1150E+02 0.2433E+06 0.9186E+01  9.979 0.0000 0.2000E-04 0.1000E+01
1310 0.3946E-02 0.1852E+04 0.2876E-03 0.1146E+02 0.2431E+06 0.9265E+01  9.966 0.0000 0.2000E-04 0.1000E+01
1315 0.4014E-02 0.1840E+04 0.2791E-03 0.1143E+02 0.2429E+06 0.9344E+01  9.953 0.0000 0.2000E-04 0.1000E+01
1320 0.4083E-02 0.1829E+04 0.2706E-03 0.1139E+02 0.2427E+06 0.9424E+01  9.939 0.0000 0.2000E-04 0.1000E+01
1325 0.4155E-02 0.1817E+04 0.2621E-03 0.1136E+02 0.2425E+06 0.9504E+01  9.926 0.0000 0.2000E-04 0.1000E+01
1330 0.4229E-02 0.1805E+04 0.2538E-03 0.1133E+02 0.2423E+06 0.9584E+01  9.913 0.0000 0.2000E-04 0.1000E+01
1335 0.4305E-02 0.1793E+04 0.2456E-03 0.1130E+02 0.2421E+06 0.9665E+01  9.900 0.0000 0.2000E-04 0.1000E+01
1340 0.4383E-02 0.1781E+04 0.2376E-03 0.1126E+02 0.2419E+06 0.9746E+01  9.887 0.0000 0.2000E-04 0.1000E+01
1345 0.4464E-02 0.1768E+04 0.2296E-03 0.1123E+02 0.2417E+06 0.9827E+01  9.873 0.0000 0.2000E-04 0.1000E+01
1350 0.4548E-02 0.1755E+04 0.2217E-03 0.1120E+02 0.2414E+06 0.9909E+01  9.860 0.0000 0.2000E-04 0.1000E+01
1355 0.4635E-02 0.1742E+04 0.2140E-03 0.1117E+02 0.2412E+06 0.9991E+01  9.847 0.0000 0.2000E-04 0.1000E+01
1360 0.4724E-02 0.1729E+04 0.2066E-03 0.1114E+02 0.2409E+06 0.1007E+02  9.834 0.0000 0.2000E-04 0.1000E+01
1365 0.4817E-02 0.1717E+04 0.1994E-03 0.1110E+02 0.2407E+06 0.1016E+02  9.821 0.0000 0.2000E-04 0.1000E+01
1370 0.4913E-02 0.1704E+04 0.1926E-03 0.1107E+02 0.2404E+06 0.1024E+02  9.808 0.0000 0.2000E-04 0.1000E+01
1375 0.5012E-02 0.1692E+04 0.1860E-03 0.1104E+02 0.2402E+06 0.1032E+02  9.795 0.0000 0.2000E-04 0.1000E+01
1380 0.5114E-02 0.1679E+04 0.1796E-03 0.1101E+02 0.2399E+06 0.1041E+02  9.781 0.0000 0.2000E-04 0.1000E+01
1385 0.5219E-02 0.1667E+04 0.1735E-03 0.1098E+02 0.2396E+06 0.1049E+02  9.768 0.0000 0.2000E-04 0.1000E+01
1390 0.5328E-02 0.1655E+04 0.1676E-03 0.1095E+02 0.2393E+06 0.1058E+02  9.755 0.0001 0.2000E-04 0.1000E+01
1395 0.5441E-02 0.1643E+04 0.1619E-03 0.1092E+02 0.2390E+06 0.1066E+02  9.742 0.0001 0.2000E-04 0.1000E+01
1400 0.5558E-02 0.1631E+04 0.1564E-03 0.1089E+02 0.2388E+06 0.1075E+02  9.729 0.0001 0.2000E-04 0.1000E+01
1405 0.5678E-02 0.1619E+04 0.1512E-03 0.1086E+02 0.2384E+06 0.1083E+02  9.716 0.0001 0.2000E-04 0.1000E+01
1410 0.5802E-02 0.1608E+04 0.1462E-03 0.1083E+02 0.2381E+06 0.1092E+02  9.703 0.0001 0.2000E-04 0.1000E+01
1415 0.5930E-02 0.1597E+04 0.1414E-03 0.1081E+02 0.2378E+06 0.1100E+02  9.690 0.0001 0.2000E-04 0.1000E+01
1420 0.6062E-02 0.1586E+04 0.1369E-03 0.1078E+02 0.2375E+06 0.1109E+02  9.677 0.0001 0.2000E-04 0.1000E+01
1425 0.6198E-02 0.1576E+04 0.1326E-03 0.1075E+02 0.2372E+06 0.1118E+02  9.664 0.0001 0.2000E-04 0.1000E+01
1430 0.6338E-02 0.1566E+04 0.1286E-03 0.1072E+02 0.2368E+06 0.1126E+02  9.651 0.0001 0.2000E-04 0.1000E+01
1435 0.6482E-02 0.1556E+04 0.1248E-03 0.1069E+02 0.2365E+06 0.1135E+02  9.638 0.0001 0.2000E-04 0.1000E+01
1440 0.6630E-02 0.1547E+04 0.1213E-03 0.1066E+02 0.2362E+06 0.1144E+02  9.625 0.0001 0.2000E-04 0.1000E+01
1445 0.6782E-02 0.1539E+04 0.1181E-03 0.1064E+02 0.2358E+06 0.1153E+02  9.612 0.0001 0.2000E-04 0.1000E+01
1450 0.6937E-02 0.1531E+04 0.1151E-03 0.1061E+02 0.2355E+06 0.1162E+02  9.599 0.0001 0.2000E-04 0.1000E+01
1455 0.7096E-02 0.1523E+04 0.1122E-03 0.1058E+02 0.2351E+06 0.1171E+02  9.586 0.0001 0.2000E-04 0.1000E+01
1460 0.7259E-02 0.1516E+04 0.1095E-03 0.1056E+02 0.2347E+06 0.1180E+02  9.573 0.0001 0.2000E-04 0.1000E+01
1465 0.7426E-02 0.1508E+04 0.1069E-03 0.1053E+02 0.2344E+06 0.1188E+02  9.560 0.0001 0.2000E-04 0.1000E+01
1470 0.7596E-02 0.1501E+04 0.1043E-03 0.1050E+02 0.2340E+06 0.1197E+02  9.547 0.0001 0.2000E-04 0.1000E+01
1475 0.7769E-02 0.1494E+04 0.1019E-03 0.1048E+02 0.2336E+06 0.1206E+02  9.535 0.0001 0.2000E-04 0.1000E+01
1480 0.7946E-02 0.1488E+04 0.9957E-04 0.1045E+02 0.2332E+06 0.1215E+02  9.522 0.0001 0.2000E-04 0.1000E+01
1485 0.8127E-02 0.1481E+04 0.9730E-04 0.1042E+02 0.2328E+06 0.1225E+02  9.509 0.0001 0.2000E-04 0.1000E+01
1490 0.8312E-02 0.1474E+04 0.9508E-04 0.1040E+02 0.2324E+06 0.1234E+02  9.496 0.0001 0.2000E-04 0.1000E+01
1495 0.8500E-02 0.1467E+04 0.9292E-04 0.1037E+02 0.2320E+06 0.1243E+02  9.483 0.0001 0.2000E-04 0.1000E+01
1500 0.8692E-02 0.1461E+04 0.9075E-04 0.1035E+02 0.2316E+06 0.1252E+02  9.470 0.0001 0.2000E-04 0.1000E+01
1505 0.8889E-02 0.1454E+04 0.8863E-04 0.1032E+02 0.2312E+06 0.1261E+02  9.457 0.0001 0.2000E-04 0.1000E+01
1510 0.9090E-02 0.1447E+04 0.8656E-04 0.1030E+02 0.2307E+06 0.1270E+02  9.445 0.0001 0.2000E-04 0.1000E+01
1515 0.9295E-02 0.1440E+04 0.8453E-04 0.1027E+02 0.2303E+06 0.1279E+02  9.432 0.0001 0.2000E-04 0.1000E+01
1520 0.9504E-02 0.1434E+04 0.8260E-04 0.1025E+02 0.2298E+06 0.1289E+02  9.419 0.0001 0.2000E-04 0.1000E+01
1525 0.9718E-02 0.1427E+04 0.8070E-04 0.1022E+02 0.2294E+06 0.1298E+02  9.406 0.0001 0.2000E-04 0.1000E+01
1530 0.9936E-02 0.1420E+04 0.7884E-04 0.1020E+02 0.2290E+06 0.1307E+02  9.393 0.0001 0.2000E-04 0.1000E+01
1535 0.1016E-01 0.1414E+04 0.7700E-04 0.1017E+02 0.2285E+06 0.1317E+02  9.381 0.0001 0.2000E-04 0.1000E+01
1540 0.1039E-01 0.1407E+04 0.7518E-04 0.1015E+02 0.2280E+06 0.1326E+02  9.368 0.0001 0.2000E-04 0.1000E+01
1545 0.1062E-01 0.1400E+04 0.7339E-04 0.1013E+02 0.2276E+06 0.1335E+02  9.355 0.0001 0.2000E-04 0.1000E+01
1550 0.1086E-01 0.1393E+04 0.7162E-04 0.1010E+02 0.2271E+06 0.1345E+02  9.342 0.0001 0.2000E-04 0.1000E+01
1555 0.1110E-01 0.1386E+04 0.6988E-04 0.1008E+02 0.2266E+06 0.1354E+02  9.330 0.0001 0.2000E-04 0.1000E+01
1560 0.1135E-01 0.1379E+04 0.6813E-04 0.1006E+02 0.2261E+06 0.1364E+02  9.317 0.0001 0.2000E-04 0.1000E+01
1565 0.1160E-01 0.1372E+04 0.6640E-04 0.1003E+02 0.2256E+06 0.1373E+02  9.304 0.0001 0.2000E-04 0.1000E+01
1570 0.1186E-01 0.1365E+04 0.6471E-04 0.1001E+02 0.2252E+06 0.1383E+02  9.291 0.0001 0.2000E-04 0.1000E+01
1575 0.1213E-01 0.1357E+04 0.6306E-04 0.9989E+01 0.2247E+06 0.1392E+02  9.279 0.0001 0.2000E-04 0.1000E+01
1580 0.1240E-01 0.1350E+04 0.6144E-04 0.9966E+01 0.2242E+06 0.1402E+02  9.266 0.0001 0.2000E-04 0.1000E+01
1585 0.1268E-01 0.1343E+04 0.5987E-04 0.9944E+01 0.2236E+06 0.1411E+02  9.253 0.0001 0.2000E-04 0.1000E+01
1590 0.1296E-01 0.1336E+04 0.5833E-04 0.9922E+01 0.2231E+06 0.1421E+02  9.241 0.0001 0.2000E-04 0.1000E+01
1595 0.1326E-01 0.1328E+04 0.5682E-04 0.9900E+01 0.2226E+06 0.1430E+02  9.228 0.0001 0.2000E-04 0.1000E+01
1600 0.1356E-01 0.1321E+04 0.5535E-04 0.9878E+01 0.2221E+06 0.1440E+02  9.215 0.0001 0.2000E-04 0.1000E+01
1605 0.1386E-01 0.1314E+04 0.5391E-04 0.9856E+01 0.2216E+06 0.1449E+02  9.203 0.0001 0.2000E-04 0.1000E+01
1610 0.1418E-01 0.1307E+04 0.5251E-04 0.9835E+01 0.2210E+06 0.1459E+02  9.190 0.0001 0.2000E-04 0.1000E+01
1615 0.1450E-01 0.1299E+04 0.5112E-04 0.9813E+01 0.2205E+06 0.1469E+02  9.177 0.0001 0.2000E-04 0.1000E+01
1620 0.1483E-01 0.1292E+04 0.4976E-04 0.9792E+01 0.2199E+06 0.1478E+02  9.165 0.0001 0.2000E-04 0.1000E+01
1625 0.1516E-01 0.1285E+04 0.4843E-04 0.9771E+01 0.2194E+06 0.1488E+02  9.152 0.0001 0.2000E-04 0.1000E+01
1630 0.1551E-01 0.1277E+04 0.4714E-04 0.9750E+01 0.2188E+06 0.1498E+02  9.140 0.0001 0.2000E-04 0.1000E+01
1635 0.1586E-01 0.1270E+04 0.4588E-04 0.9730E+01 0.2183E+06 0.1508E+02  9.127 0.0001 0.2000E-04 0.1000E+01
1640 0.1622E-01 0.1263E+04 0.4466E-04 0.9709E+01 0.2177E+06 0.1517E+02  9.114 0.0001 0.2000E-04 0.1000E+01
1645 0.1659E-01 0.1256E+04 0.4346E-04 0.9688E+01 0.2172E+06 0.1527E+02  9.102 0.0001 0.2000E-04 0.1000E+01
1650 0.1697E-01 0.1248E+04 0.4229E-04 0.9668E+01 0.2166E+06 0.1537E+02  9.089 0.0001 0.2000E-04 0.1000E+01
1655 0.1736E-01 0.1241E+04 0.4114E-04 0.9648E+01 0.2160E+06 0.1547E+02  9.077 0.0001 0.2000E-04 0.1000E+01
1660 0.1776E-01 0.1234E+04 0.4003E-04 0.9628E+01 0.2154E+06 0.1557E+02  9.064 0.0001 0.2000E-04 0.1000E+01
1665 0.1817E-01 0.1227E+04 0.3894E-04 0.9608E+01 0.2148E+06 0.1566E+02  9.051 0.0001 0.2000E-04 0.1000E+01
1670 0.1859E-01 0.1219E+04 0.3787E-04 0.9588E+01 0.2142E+06 0.1576E+02  9.039 0.0001 0.2000E-04 0.1000E+01
1675 0.1902E-01 0.1212E+04 0.3682E-04 0.9568E+01 0.2136E+06 0.1586E+02  9.026 0.0001 0.2000E-04 0.1000E+01
1680 0.1946E-01 0.1205E+04 0.3581E-04 0.9549E+01 0.2130E+06 0.1596E+02  9.014 0.0001 0.2000E-04 0.1000E+01
1685 0.1992E-01 0.1198E+04 0.3482E-04 0.9530E+01 0.2124E+06 0.1606E+02  9.001 0.0001 0.2000E-04 0.1000E+01
1690 0.2038E-01 0.1191E+04 0.3385E-04 0.9511E+01 0.2118E+06 0.1616E+02  8.989 0.0001 0.2000E-04 0.1000E+01
1695 0.2085E-01 0.1183E+04 0.3291E-04 0.9491E+01 0.2112E+06 0.1626E+02  8.976 0.0001 0.2000E-04 0.1000E+01
1700 0.2134E-01 0.1176E+04 0.3199E-04 0.9473E+01 0.2106E+06 0.1636E+02  8.964 0.0001 0.2000E-04 0.1000E+01
1705 0.2184E-01 0.1169E+04 0.3110E-04 0.9454E+01 0.2100E+06 0.1646E+02  8.951 0.0001 0.2000E-04 0.1000E+01
1710 0.2236E-01 0.1162E+04 0.3023E-04 0.9435E+01 0.2094E+06 0.1656E+02  8.938 0.0001 0.2000E-04 0.1000E+01
1715 0.2288E-01 0.1155E+04 0.2937E-04 0.9416E+01 0.2088E+06 0.1666E+02  8.926 0.0001 0.2000E-04 0.1000E+01
1720 0.2342E-01 0.1148E+04 0.2854E-04 0.9398E+01 0.2081E+06 0.1676E+02  8.913 0.0001 0.2000E-04 0.1000E+01
1725 0.2398E-01 0.1141E+04 0.2773E-04 0.9380E+01 0.2075E+06 0.1686E+02  8.901 0.0001 0.2000E-04 0.1000E+01
1730 0.2455E-01 0.1134E+04 0.2695E-04 0.9362E+01 0.2069E+06 0.1696E+02  8.888 0.0001 0.2000E-04 0.1000E+01
1735 0.2513E-01 0.1127E+04 0.2619E-04 0.9344E+01 0.2062E+06 0.1706E+02  8.876 0.0001 0.2000E-04 0.1000E+01
1740 0.2573E-01 0.1120E+04 0.2544E-04 0.9326E+01 0.2056E+06 0.1716E+02  8.863 0.0001 0.2000E-04 0.1000E+01
1745 0.2634E-01 0.1113E+04 0.2472E-04 0.9308E+01 0.2049E+06 0.1726E+02  8.851 0.0001 0.2000E-04 0.1000E+01
1750 0.2697E-01 0.1106E+04 0.2402E-04 0.9290E+01 0.2043E+06 0.1736E+02  8.838 0.0001 0.2000E-04 0.1000E+01
1755 0.2762E-01 0.1099E+04 0.2333E-04 0.9273E+01 0.2036E+06 0.1746E+02  8.826 0.0001 0.2000E-04 0.1000E+01
1760 0.2828E-01 0.1092E+04 0.2266E-04 0.9255E+01 0.2030E+06 0.1756E+02  8.813 0.0001 0.2000E-04 0.1000E+01
1765 0.2896E-01 0.1085E+04 0.2201E-04 0.9238E+01 0.2023E+06 0.1766E+02  8.801 0.0001 0.2000E-04 0.1000E+01
1770 0.2966E-01 0.1078E+04 0.2138E-04 0.9221E+01 0.2016E+06 0.1776E+02  8.788 0.0001 0.2000E-04 0.1000E+01
1775 0.3037E-01 0.1071E+04 0.2077E-04 0.9204E+01 0.2010E+06 0.1786E+02  8.776 0.0001 0.2000E-04 0.1000E+01
1780 0.3111E-01 0.1064E+04 0.2017E-04 0.9187E+01 0.2003E+06 0.1796E+02  8.763 0.0001 0.2000E-04 0.1000E+01
1785 0.3186E-01 0.1057E+04 0.1958E-04 0.9170E+01 0.1996E+06 0.1806E+02  8.751 0.0001 0.2000E-04 0.1000E+01
1790 0.3263E-01 0.1051E+04 0.1901E-04 0.9153E+01 0.1989E+06 0.1816E+02  8.738 0.0001 0.2000E-04 0.1000E+01
1795 0.3343E-01 0.1044E+04 0.1845E-04 0.9136E+01 0.1983E+06 0.1826E+02  8.726 0.0001 0.2000E-04 0.1000E+01
1800 0.3424E-01 0.1037E+04 0.1791E-04 0.9120E+01 0.1976E+06 0.1837E+02  8.714 0.0001 0.2000E-04 0.1000E+01
1805 0.3508E-01 0.1030E+04 0.1737E-04 0.9104E+01 0.1969E+06 0.1847E+02  8.701 0.0001 0.2000E-04 0.1000E+01
1810 0.3594E-01 0.1023E+04 0.1685E-04 0.9087E+01 0.1962E+06 0.1857E+02  8.689 0.0001 0.2000E-04 0.1000E+01
1815 0.3683E-01 0.1016E+04 0.1634E-04 0.9071E+01 0.1955E+06 0.1867E+02  8.676 0.0000 0.2000E-04 0.1000E+01
1820 0.3774E-01 0.1009E+04 0.1584E-04 0.9055E+01 0.1948E+06 0.1877E+02  8.664 0.0000 0.2000E-04 0.1000E+01
1825 0.3867E-01 0.1002E+04 0.1536E-04 0.9039E+01 0.1941E+06 0.1887E+02  8.651 0.0000 0.2000E-04 0.1000E+01
1830 0.3963E-01 0.9955E+03 0.1489E-04 0.9023E+01 0.1934E+06 0.1897E+02  8.639 0.0000 0.2000E-04 0.1000E+01
1835 0.4062E-01 0.9887E+03 0.1444E-04 0.9008E+01 0.1927E+06 0.1907E+02  8.626 0.0000 0.2000E-04 0.1000E+01
1840 0.4163E-01 0.9818E+03 0.1400E-04 0.8992E+01 0.1920E+06 0.1917E+02  8.614 0.0000 0.2000E-04 0.1000E+01
1845 0.4267E-01 0.9750E+03 0.1356E-04 0.8977E+01 0.1913E+06 0.1928E+02  8.602 0.0000 0.2000E-04 0.1000E+01
1850 0.4374E-01 0.9683E+03 0.1315E-04 0.8961E+01 0.1906E+06 0.1938E+02  8.589 0.0000 0.2000E-04 0.1000E+01
1855 0.4485E-01 0.9615E+03 0.1274E-04 0.8946E+01 0.1899E+06 0.1948E+02  8.577 0.0000 0.2000E-04 0.1000E+01
1860 0.4598E-01 0.9547E+03 0.1234E-04 0.8931E+01 0.1892E+06 0.1958E+02  8.564 0.0000 0.2000E-04 0.1000E+01
1865 0.4715E-01 0.9480E+03 0.1196E-04 0.8916E+01 0.1885E+06 0.1968E+02  8.552 0.0000 0.2000E-04 0.1000E+01
1870 0.4834E-01 0.9413E+03 0.1158E-04 0.8901E+01 0.1877E+06 0.1978E+02  8.539 0.0000 0.2000E-04 0.1000E+01
1875 0.4958E-01 0.9346E+03 0.1122E-04 0.8886E+01 0.1870E+06 0.1988E+02  8.527 0.0000 0.2000E-04 0.1000E+01
1877 0.5000E-01 0.9323E+03 0.1110E-04 0.8881E+01 0.1868E+06 0.1992E+02  8.523 0.0000 0.2000E-04 0.1000E+01
1880 0.5076E-01 0.9283E+03 0.1089E-04 0.8872E+01 0.1863E+06 0.1998E+02  8.515 0.0000 0.2000E-04 0.1000E+01
1885 0.5206E-01 0.9216E+03 0.1054E-04 0.8858E+01 0.1856E+06 0.2008E+02  8.503 0.0000 0.2000E-04 0.1000E+01
1890 0.5340E-01 0.9149E+03 0.1020E-04 0.8843E+01 0.1849E+06 0.2018E+02  8.491 0.0000 0.2000E-04 0.1000E+01
1895 0.5478E-01 0.9081E+03 0.9871E-05 0.8829E+01 0.1842E+06 0.2028E+02  8.478 0.0000 0.2000E-04 0.1000E+01
1900 0.5620E-01 0.9013E+03 0.9548E-05 0.8814E+01 0.1834E+06 0.2038E+02  8.466 0.0000 0.2000E-04 0.1000E+01
1905 0.5767E-01 0.8944E+03 0.9231E-05 0.8800E+01 0.1827E+06 0.2048E+02  8.453 0.0000 0.2000E-04 0.1000E+01
1910 0.5917E-01 0.8876E+03 0.8924E-05 0.8786E+01 0.1820E+06 0.2058E+02  8.441 0.0000 0.2000E-04 0.1000E+01
1915 0.6073E-01 0.8808E+03 0.8625E-05 0.8772E+01 0.1812E+06 0.2068E+02  8.429 0.0000 0.2000E-04 0.1000E+01
1920 0.6233E-01 0.8740E+03 0.8334E-05 0.8758E+01 0.1805E+06 0.2078E+02  8.416 0.0000 0.2000E-04 0.1000E+01
1925 0.6398E-01 0.8672E+03 0.8052E-05 0.8744E+01 0.1798E+06 0.2088E+02  8.404 0.0000 0.2000E-04 0.1000E+01
1930 0.6568E-01 0.8603E+03 0.7777E-05 0.8730E+01 0.1790E+06 0.2098E+02  8.391 0.0000 0.2000E-04 0.1000E+01
1935 0.6743E-01 0.8535E+03 0.7510E-05 0.8717E+01 0.1783E+06 0.2108E+02  8.379 0.0000 0.2000E-04 0.1000E+01
1940 0.6924E-01 0.8467E+03 0.7250E-05 0.8703E+01 0.1776E+06 0.2118E+02  8.367 0.0000 0.2000E-04 0.1000E+01
1943 0.7000E-01 0.8439E+03 0.7146E-05 0.8698E+01 0.1772E+06 0.2122E+02  8.362 0.0000 0.2000E-04 0.1000E+01
1945 0.7075E-01 0.8412E+03 0.7045E-05 0.8692E+01 0.1770E+06 0.2126E+02  8.357 0.0000 0.2000E-04 0.1000E+01
1950 0.7266E-01 0.8344E+03 0.6798E-05 0.8679E+01 0.1762E+06 0.2136E+02  8.344 0.0000 0.2000E-04 0.1000E+01
1955 0.7464E-01 0.8275E+03 0.6559E-05 0.8665E+01 0.1755E+06 0.2146E+02  8.332 0.0000 0.2000E-04 0.1000E+01
1960 0.7668E-01 0.8208E+03 0.6327E-05 0.8652E+01 0.1747E+06 0.2156E+02  8.320 0.0000 0.2000E-04 0.1000E+01
1965 0.7879E-01 0.8140E+03 0.6102E-05 0.8639E+01 0.1740E+06 0.2166E+02  8.307 0.0000 0.2000E-04 0.1000E+01
1970 0.8096E-01 0.8072E+03 0.5885E-05 0.8626E+01 0.1732E+06 0.2175E+02  8.295 0.0000 0.2000E-04 0.1000E+01
1975 0.8321E-01 0.8005E+03 0.5674E-05 0.8613E+01 0.1725E+06 0.2185E+02  8.282 0.0000 0.2000E-04 0.1000E+01
1980 0.8553E-01 0.7938E+03 0.5469E-05 0.8600E+01 0.1718E+06 0.2195E+02  8.270 0.0000 0.2000E-04 0.1000E+01
1985 0.8793E-01 0.7871E+03 0.5272E-05 0.8587E+01 0.1710E+06 0.2205E+02  8.258 0.0000 0.2000E-04 0.1000E+01
1990 0.9041E-01 0.7804E+03 0.5081E-05 0.8575E+01 0.1703E+06 0.2215E+02  8.245 0.0000 0.2000E-04 0.1000E+01
1995 0.9297E-01 0.7738E+03 0.4895E-05 0.8562E+01 0.1695E+06 0.2225E+02  8.233 0.0000 0.2000E-04 0.1000E+01
2000 0.9562E-01 0.7672E+03 0.4717E-05 0.8550E+01 0.1688E+06 0.2234E+02  8.221 0.0000 0.2000E-04 0.1000E+01
2005 0.9835E-01 0.7606E+03 0.4544E-05 0.8537E+01 0.1681E+06 0.2244E+02  8.208 0.0000 0.2000E-04 0.1000E+01
2008 0.1000E+00 0.7568E+03 0.4445E-05 0.8530E+01 0.1676E+06 0.2250E+02  8.201 0.0000 0.2000E-04 0.1000E+01
2010 0.1011E+00 0.7542E+03 0.4379E-05 0.8525E+01 0.1673E+06 0.2254E+02  8.196 0.0000 0.2000E-04 0.1000E+01
2015 0.1041E+00 0.7476E+03 0.4217E-05 0.8513E+01 0.1666E+06 0.2263E+02  8.184 0.0000 0.2000E-04 0.1000E+01
2020 0.1071E+00 0.7411E+03 0.4061E-05 0.8501E+01 0.1658E+06 0.2273E+02  8.171 0.0000 0.2000E-04 0.1000E+01
2025 0.1102E+00 0.7347E+03 0.3910E-05 0.8489E+01 0.1651E+06 0.2283E+02  8.159 0.0000 0.2000E-04 0.1000E+01
2030 0.1134E+00 0.7282E+03 0.3763E-05 0.8477E+01 0.1643E+06 0.2292E+02  8.147 0.0000 0.2000E-04 0.1000E+01
2035 0.1168E+00 0.7218E+03 0.3623E-05 0.8465E+01 0.1636E+06 0.2302E+02  8.134 0.0000 0.2000E-04 0.1000E+01
2040 0.1202E+00 0.7154E+03 0.3486E-05 0.8453E+01 0.1629E+06 0.2312E+02  8.122 0.0000 0.2000E-04 0.1000E+01
2045 0.1238E+00 0.7091E+03 0.3355E-05 0.8441E+01 0.1621E+06 0.2321E+02  8.110 0.0000 0.2000E-04 0.1000E+01
2050 0.1275E+00 0.7028E+03 0.3228E-05 0.8429E+01 0.1614E+06 0.2331E+02  8.097 0.0000 0.2000E-04 0.1000E+01
2055 0.1314E+00 0.6965E+03 0.3106E-05 0.8418E+01 0.1606E+06 0.2340E+02  8.085 0.0000 0.2000E-04 0.1000E+01
2060 0.1353E+00 0.6903E+03 0.2988E-05 0.8406E+01 0.1599E+06 0.2350E+02  8.073 0.0000 0.2000E-04 0.1000E+01
2065 0.1394E+00 0.6841E+03 0.2875E-05 0.8395E+01 0.1592E+06 0.2359E+02  8.060 0.0000 0.2000E-04 0.1000E+01
2070 0.1437E+00 0.6780E+03 0.2766E-05 0.8383E+01 0.1584E+06 0.2369E+02  8.048 0.0000 0.2000E-04 0.1000E+01
2075 0.1481E+00 0.6719E+03 0.2660E-05 0.8372E+01 0.1577E+06 0.2378E+02  8.036 0.0000 0.2000E-04 0.1000E+01
2078 0.1500E+00 0.6693E+03 0.2616E-05 0.8367E+01 0.1574E+06 0.2383E+02  8.030 0.0000 0.2000E-04 0.1000E+01
2080 0.1518E+00 0.6669E+03 0.2576E-05 0.8363E+01 0.1571E+06 0.2386E+02  8.025 0.0000 0.2000E-04 0.1000E+01
2085 0.1565E+00 0.6608E+03 0.2477E-05 0.8352E+01 0.1563E+06 0.2396E+02  8.013 0.0000 0.2000E-04 0.1000E+01
2090 0.1613E+00 0.6549E+03 0.2383E-05 0.8341E+01 0.1556E+06 0.2405E+02  8.001 0.0000 0.2000E-04 0.1000E+01
2095 0.1664E+00 0.6489E+03 0.2291E-05 0.8330E+01 0.1549E+06 0.2414E+02  7.988 0.0000 0.2000E-04 0.1000E+01
2100 0.1715E+00 0.6430E+03 0.2204E-05 0.8319E+01 0.1541E+06 0.2424E+02  7.976 0.0000 0.2000E-04 0.1000E+01
2105 0.1769E+00 0.6372E+03 0.2119E-05 0.8308E+01 0.1534E+06 0.2433E+02  7.964 0.0000 0.2000E-04 0.1000E+01
2110 0.1825E+00 0.6314E+03 0.2038E-05 0.8297E+01 0.1527E+06 0.2442E+02  7.951 0.0000 0.2000E-04 0.1000E+01
2115 0.1882E+00 0.6257E+03 0.1960E-05 0.8286E+01 0.1519E+06 0.2452E+02  7.939 0.0000 0.2000E-04 0.1000E+01
2120 0.1942E+00 0.6200E+03 0.1885E-05 0.8276E+01 0.1512E+06 0.2461E+02  7.927 0.0000 0.2000E-04 0.1000E+01
2125 0.2000E+00 0.6146E+03 0.1816E-05 0.8266E+01 0.1505E+06 0.2470E+02  7.915 0.0000 0.2000E-04 0.1000E+01
2125 0.2000E+00 0.6146E+03 0.1816E-05 0.8266E+01 0.1505E+06 0.2470E+02  7.915 0.0000 0.2000E-04 0.1000E+01
2130 0.2064E+00 0.6090E+03 0.1746E-05 0.8255E+01 0.1498E+06 0.2479E+02  7.903 0.0000 0.2000E-04 0.1000E+01
2135 0.2130E+00 0.6035E+03 0.1679E-05 0.8245E+01 0.1491E+06 0.2488E+02  7.890 0.0000 0.2000E-04 0.1000E+01
2140 0.2198E+00 0.5980E+03 0.1615E-05 0.8235E+01 0.1483E+06 0.2497E+02  7.878 0.0000 0.2000E-04 0.1000E+01
2145 0.2268E+00 0.5925E+03 0.1553E-05 0.8224E+01 0.1476E+06 0.2507E+02  7.866 0.0000 0.2000E-04 0.1000E+01
2150 0.2341E+00 0.5871E+03 0.1493E-05 0.8214E+01 0.1469E+06 0.2516E+02  7.853 0.0000 0.2000E-04 0.1000E+01
2155 0.2417E+00 0.5818E+03 0.1436E-05 0.8204E+01 0.1462E+06 0.2525E+02  7.841 0.0000 0.2000E-04 0.1000E+01
2160 0.2495E+00 0.5765E+03 0.1381E-05 0.8194E+01 0.1454E+06 0.2534E+02  7.829 0.0000 0.2000E-04 0.1000E+01
2161 0.2500E+00 0.5762E+03 0.1378E-05 0.8193E+01 0.1454E+06 0.2534E+02  7.828 0.0000 0.2000E-04 0.1000E+01
2165 0.2564E+00 0.5719E+03 0.1335E-05 0.8185E+01 0.1448E+06 0.2542E+02  7.818 0.0000 0.2000E-04 0.1000E+01
2170 0.2648E+00 0.5667E+03 0.1284E-05 0.8175E+01 0.1441E+06 0.2551E+02  7.806 0.0000 0.2000E-04 0.1000E+01
2175 0.2734E+00 0.5615E+03 0.1234E-05 0.8166E+01 0.1434E+06 0.2560E+02  7.794 0.0000 0.2000E-04 0.1000E+01
2180 0.2823E+00 0.5563E+03 0.1186E-05 0.8156E+01 0.1427E+06 0.2568E+02  7.781 0.0000 0.2000E-04 0.1000E+01
2185 0.2916E+00 0.5511E+03 0.1140E-05 0.8146E+01 0.1420E+06 0.2577E+02  7.769 0.0000 0.2000E-04 0.1000E+01
2190 0.3000E+00 0.5465E+03 0.1100E-05 0.8138E+01 0.1413E+06 0.2585E+02  7.758 0.0000 0.2000E-04 0.1000E+01
2190 0.3000E+00 0.5465E+03 0.1100E-05 0.8138E+01 0.1413E+06 0.2585E+02  7.758 0.0000 0.2000E-04 0.1000E+01
2195 0.3099E+00 0.5414E+03 0.1057E-05 0.8128E+01 0.1406E+06 0.2594E+02  7.746 0.0000 0.2000E-04 0.1000E+01
2200 0.3201E+00 0.5363E+03 0.1015E-05 0.8118E+01 0.1399E+06 0.2603E+02  7.734 0.0000 0.2000E-04 0.1000E+01
2205 0.3307E+00 0.5312E+03 0.9749E-06 0.8109E+01 0.1392E+06 0.2612E+02  7.721 0.0000 0.2000E-04 0.1000E+01
2210 0.3417E+00 0.5261E+03 0.9360E-06 0.8100E+01 0.1385E+06 0.2621E+02  7.709 0.0000 0.2000E-04 0.1000E+01
2214 0.3500E+00 0.5224E+03 0.9083E-06 0.8093E+01 0.1380E+06 0.2627E+02  7.700 0.0000 0.2000E-04 0.1000E+01
2215 0.3523E+00 0.5214E+03 0.9009E-06 0.8091E+01 0.1378E+06 0.2629E+02  7.697 0.0000 0.2000E-04 0.1000E+01
2220 0.3641E+00 0.5163E+03 0.8646E-06 0.8082E+01 0.1371E+06 0.2637E+02  7.685 0.0000 0.2000E-04 0.1000E+01
2225 0.3763E+00 0.5113E+03 0.8296E-06 0.8072E+01 0.1364E+06 0.2646E+02  7.673 0.0000 0.2000E-04 0.1000E+01
2230 0.3889E+00 0.5063E+03 0.7958E-06 0.8063E+01 0.1357E+06 0.2655E+02  7.661 0.0000 0.2000E-04 0.1000E+01
2235 0.4000E+00 0.5021E+03 0.7681E-06 0.8056E+01 0.1351E+06 0.2662E+02  7.650 0.0000 0.2000E-04 0.1000E+01
2235 0.4000E+00 0.5021E+03 0.7681E-06 0.8056E+01 0.1351E+06 0.2662E+02  7.650 0.0000 0.2000E-04 0.1000E+01
2240 0.4135E+00 0.4972E+03 0.7367E-06 0.8047E+01 0.1344E+06 0.2671E+02  7.638 0.0000 0.2000E-04 0.1000E+01
2245 0.4276E+00 0.4923E+03 0.7065E-06 0.8038E+01 0.1337E+06 0.2679E+02  7.626 0.0000 0.2000E-04 0.1000E+01
2250 0.4421E+00 0.4874E+03 0.6774E-06 0.8029E+01 0.1330E+06 0.2688E+02  7.613 0.0000 0.2000E-04 0.1000E+01
2253 0.4500E+00 0.4848E+03 0.6626E-06 0.8024E+01 0.1327E+06 0.2692E+02  7.607 0.0000 0.2000E-04 0.1000E+01
2255 0.4561E+00 0.4829E+03 0.6516E-06 0.8020E+01 0.1324E+06 0.2696E+02  7.602 0.0000 0.2000E-04 0.1000E+01
2260 0.4717E+00 0.4781E+03 0.6247E-06 0.8012E+01 0.1317E+06 0.2704E+02  7.590 0.0000 0.2000E-04 0.1000E+01
2265 0.4879E+00 0.4734E+03 0.5989E-06 0.8003E+01 0.1310E+06 0.2713E+02  7.577 0.0000 0.2000E-04 0.1000E+01
2269 0.5000E+00 0.4699E+03 0.5809E-06 0.7997E+01 0.1305E+06 0.2719E+02  7.569 0.0000 0.2000E-04 0.1000E+01
2270 0.5034E+00 0.4690E+03 0.5760E-06 0.7995E+01 0.1304E+06 0.2721E+02  7.566 0.0000 0.2000E-04 0.1000E+01
2275 0.5208E+00 0.4643E+03 0.5521E-06 0.7986E+01 0.1297E+06 0.2729E+02  7.554 0.0000 0.2000E-04 0.1000E+01
2280 0.5388E+00 0.4597E+03 0.5292E-06 0.7978E+01 0.1290E+06 0.2737E+02  7.542 0.0000 0.2000E-04 0.1000E+01
2284 0.5500E+00 0.4569E+03 0.5159E-06 0.7973E+01 0.1286E+06 0.2742E+02  7.534 0.0000 0.2000E-04 0.1000E+01
2285 0.5524E+00 0.4569E+03 0.5161E-06 0.7972E+01 0.1286E+06 0.2743E+02  7.534 0.0000 0.2000E-04 0.1000E+01
2290 0.5716E+00 0.4520E+03 0.4932E-06 0.7964E+01 0.1279E+06 0.2751E+02  7.521 0.0000 0.2000E-04 0.1000E+01
2295 0.5915E+00 0.4475E+03 0.4727E-06 0.7955E+01 0.1272E+06 0.2760E+02  7.509 0.0000 0.2000E-04 0.1000E+01
2298 0.6000E+00 0.4457E+03 0.4645E-06 0.7952E+01 0.1269E+06 0.2763E+02  7.504 0.0000 0.2000E-04 0.1000E+01
2300 0.6083E+00 0.4439E+03 0.4567E-06 0.7949E+01 0.1267E+06 0.2766E+02  7.499 0.0000 0.2000E-04 0.1000E+01
2305 0.6296E+00 0.4394E+03 0.4379E-06 0.7940E+01 0.1260E+06 0.2774E+02  7.487 0.0000 0.2000E-04 0.1000E+01
2310 0.6500E+00 0.4354E+03 0.4211E-06 0.7933E+01 0.1254E+06 0.2782E+02  7.475 0.0000 0.2000E-04 0.1000E+01
2310 0.6500E+00 0.4354E+03 0.4211E-06 0.7933E+01 0.1254E+06 0.2782E+02  7.475 0.0000 0.2000E-04 0.1000E+01
2315 0.6728E+00 0.4311E+03 0.4038E-06 0.7925E+01 0.1247E+06 0.2790E+02  7.463 0.0000 0.2000E-04 0.1000E+01
2320 0.6965E+00 0.4268E+03 0.3872E-06 0.7917E+01 0.1240E+06 0.2798E+02  7.451 0.0000 0.2000E-04 0.1000E+01
2321 0.7000E+00 0.4262E+03 0.3849E-06 0.7915E+01 0.1239E+06 0.2800E+02  7.449 0.0000 0.2000E-04 0.1000E+01
2325 0.7197E+00 0.4228E+03 0.3722E-06 0.7909E+01 0.1234E+06 0.2806E+02  7.439 0.0000 0.2000E-04 0.1000E+01
2330 0.7450E+00 0.4186E+03 0.3570E-06 0.7901E+01 0.1227E+06 0.2814E+02  7.427 0.0000 0.2000E-04 0.1000E+01
2331 0.7500E+00 0.4178E+03 0.3542E-06 0.7899E+01 0.1226E+06 0.2816E+02  7.425 0.0000 0.2000E-04 0.1000E+01
2335 0.7711E+00 0.4145E+03 0.3425E-06 0.7893E+01 0.1221E+06 0.2822E+02  7.415 0.0000 0.2000E-04 0.1000E+01
2340 0.7984E+00 0.4104E+03 0.3285E-06 0.7885E+01 0.1214E+06 0.2830E+02  7.403 0.0000 0.2000E-04 0.1000E+01
2341 0.8000E+00 0.4102E+03 0.3278E-06 0.7885E+01 0.1214E+06 0.2831E+02  7.402 0.0000 0.2000E-04 0.1000E+01
2345 0.8225E+00 0.4069E+03 0.3170E-06 0.7878E+01 0.1209E+06 0.2837E+02  7.393 0.0000 0.2000E-04 0.1000E+01
2350 0.8500E+00 0.4031E+03 0.3048E-06 0.7871E+01 0.1203E+06 0.2844E+02  7.381 0.0000 0.2000E-04 0.1000E+01
2350 0.8500E+00 0.4031E+03 0.3048E-06 0.7871E+01 0.1203E+06 0.2844E+02  7.381 0.0000 0.2000E-04 0.1000E+01
2355 0.8801E+00 0.3992E+03 0.2924E-06 0.7863E+01 0.1196E+06 0.2852E+02  7.369 0.0000 0.2000E-04 0.1000E+01
2359 0.9000E+00 0.3967E+03 0.2847E-06 0.7858E+01 0.1192E+06 0.2857E+02  7.361 0.0000 0.2000E-04 0.1000E+01
2360 0.9063E+00 0.3959E+03 0.2824E-06 0.7857E+01 0.1191E+06 0.2859E+02  7.359 0.0000 0.2000E-04 0.1000E+01
2365 0.9385E+00 0.3920E+03 0.2709E-06 0.7849E+01 0.1184E+06 0.2867E+02  7.346 0.0000 0.2000E-04 0.1000E+01
2367 0.9500E+00 0.3906E+03 0.2670E-06 0.7847E+01 0.1182E+06 0.2870E+02  7.342 0.0000 0.2000E-04 0.1000E+01
2370 0.9701E+00 0.3883E+03 0.2604E-06 0.7842E+01 0.1178E+06 0.2874E+02  7.335 0.0000 0.2000E-04 0.1000E+01
2375 0.1000E+01 0.3850E+03 0.2511E-06 0.7836E+01 0.1173E+06 0.2881E+02  7.324 0.0000 0.2000E-04 0.1000E+01
2375 0.1000E+01 0.3850E+03 0.2511E-06 0.7836E+01 0.1173E+06 0.2881E+02  7.324 0.0000 0.2000E-04 0.1000E+01
2380 0.1036E+01 0.3812E+03 0.2409E-06 0.7828E+01 0.1166E+06 0.2889E+02  7.312 0.0000 0.2000E-04 0.1000E+01
2385 0.1072E+01 0.3774E+03 0.2311E-06 0.7821E+01 0.1160E+06 0.2897E+02  7.300 0.0000 0.2000E-04 0.1000E+01
2390 0.1111E+01 0.3737E+03 0.2217E-06 0.7813E+01 0.1153E+06 0.2904E+02  7.288 0.0000 0.2000E-04 0.1000E+01
2395 0.1150E+01 0.3700E+03 0.2127E-06 0.7806E+01 0.1147E+06 0.2912E+02  7.276 0.0000 0.2000E-04 0.1000E+01
2400 0.1191E+01 0.3663E+03 0.2040E-06 0.7799E+01 0.1141E+06 0.2920E+02  7.264 0.0000 0.2000E-04 0.1000E+01
2405 0.1234E+01 0.3627E+03 0.1957E-06 0.7791E+01 0.1135E+06 0.2927E+02  7.252 0.0000 0.2000E-04 0.1000E+01
2410 0.1278E+01 0.3591E+03 0.1877E-06 0.7784E+01 0.1128E+06 0.2935E+02  7.239 0.0000 0.2000E-04 0.1000E+01
2415 0.1324E+01 0.3556E+03 0.1801E-06 0.7777E+01 0.1122E+06 0.2942E+02  7.227 0.0000 0.2000E-04 0.1000E+01
2420 0.1371E+01 0.3520E+03 0.1727E-06 0.7770E+01 0.1116E+06 0.2950E+02  7.215 0.0000 0.2000E-04 0.1000E+01
2425 0.1420E+01 0.3485E+03 0.1656E-06 0.7763E+01 0.1110E+06 0.2957E+02  7.203 0.0000 0.2000E-04 0.1000E+01
2430 0.1471E+01 0.3451E+03 0.1589E-06 0.7756E+01 0.1104E+06 0.2965E+02  7.191 0.0000 0.2000E-04 0.1000E+01
2433 0.1500E+01 0.3432E+03 0.1552E-06 0.7752E+01 0.1100E+06 0.2969E+02  7.184 0.0000 0.2000E-04 0.1000E+01
2435 0.1521E+01 0.3418E+03 0.1526E-06 0.7749E+01 0.1098E+06 0.2972E+02  7.179 0.0000 0.2000E-04 0.1000E+01
2440 0.1576E+01 0.3384E+03 0.1464E-06 0.7743E+01 0.1092E+06 0.2979E+02  7.167 0.0000 0.2000E-04 0.1000E+01
2445 0.1632E+01 0.3350E+03 0.1404E-06 0.7736E+01 0.1086E+06 0.2986E+02  7.155 0.0000 0.2000E-04 0.1000E+01
2450 0.1691E+01 0.3316E+03 0.1346E-06 0.7729E+01 0.1080E+06 0.2994E+02  7.143 0.0000 0.2000E-04 0.1000E+01
2455 0.1751E+01 0.3283E+03 0.1291E-06 0.7722E+01 0.1074E+06 0.3001E+02  7.131 0.0000 0.2000E-04 0.1000E+01
2460 0.1814E+01 0.3251E+03 0.1238E-06 0.7716E+01 0.1068E+06 0.3008E+02  7.119 0.0000 0.2000E-04 0.1000E+01
2465 0.1879E+01 0.3218E+03 0.1187E-06 0.7709E+01 0.1062E+06 0.3015E+02  7.107 0.0000 0.2000E-04 0.1000E+01
2470 0.1946E+01 0.3186E+03 0.1138E-06 0.7702E+01 0.1056E+06 0.3023E+02  7.095 0.0000 0.2000E-04 0.1000E+01
2474 0.2000E+01 0.3161E+03 0.1102E-06 0.7697E+01 0.1051E+06 0.3028E+02  7.086 0.0000 0.2000E-04 0.1000E+01
2475 0.2014E+01 0.3155E+03 0.1093E-06 0.7696E+01 0.1050E+06 0.3030E+02  7.084 0.0000 0.2000E-04 0.1000E+01
2480 0.2086E+01 0.3123E+03 0.1048E-06 0.7689E+01 0.1044E+06 0.3037E+02  7.072 0.0000 0.2000E-04 0.1000E+01
2485 0.2161E+01 0.3092E+03 0.1005E-06 0.7683E+01 0.1038E+06 0.3044E+02  7.060 0.0000 0.2000E-04 0.1000E+01
2490 0.2239E+01 0.3061E+03 0.9639E-07 0.7677E+01 0.1033E+06 0.3051E+02  7.048 0.0000 0.2000E-04 0.1000E+01
2495 0.2319E+01 0.3031E+03 0.9244E-07 0.7670E+01 0.1027E+06 0.3058E+02  7.036 0.0000 0.2000E-04 0.1000E+01
2500 0.2402E+01 0.3000E+03 0.8865E-07 0.7664E+01 0.1021E+06 0.3065E+02  7.024 0.0000 0.2000E-04 0.1000E+01
2505 0.2488E+01 0.2970E+03 0.8502E-07 0.7658E+01 0.1015E+06 0.3072E+02  7.012 0.0000 0.2000E-04 0.1000E+01
2506 0.2500E+01 0.2966E+03 0.8455E-07 0.7657E+01 0.1014E+06 0.3073E+02  7.010 0.0000 0.2000E-04 0.1000E+01
2510 0.2571E+01 0.2943E+03 0.8175E-07 0.7652E+01 0.1010E+06 0.3078E+02  7.001 0.0000 0.2000E-04 0.1000E+01
2515 0.2664E+01 0.2913E+03 0.7841E-07 0.7646E+01 0.1004E+06 0.3085E+02  6.989 0.0000 0.2000E-04 0.1000E+01
2520 0.2759E+01 0.2884E+03 0.7521E-07 0.7640E+01 0.9986E+05 0.3092E+02  6.977 0.0000 0.2000E-04 0.1000E+01
2525 0.2858E+01 0.2855E+03 0.7214E-07 0.7634E+01 0.9929E+05 0.3099E+02  6.965 0.0000 0.2000E-04 0.1000E+01
2530 0.2960E+01 0.2827E+03 0.6920E-07 0.7627E+01 0.9873E+05 0.3105E+02  6.953 0.0000 0.2000E-04 0.1000E+01
2532 0.3000E+01 0.2816E+03 0.6812E-07 0.7625E+01 0.9852E+05 0.3108E+02  6.949 0.0000 0.2000E-04 0.1000E+01
2535 0.3064E+01 0.2799E+03 0.6645E-07 0.7622E+01 0.9818E+05 0.3112E+02  6.942 0.0000 0.2000E-04 0.1000E+01
2540 0.3174E+01 0.2772E+03 0.6375E-07 0.7616E+01 0.9762E+05 0.3119E+02  6.930 0.0000 0.2000E-04 0.1000E+01
2545 0.3287E+01 0.2744E+03 0.6116E-07 0.7610E+01 0.9707E+05 0.3125E+02  6.918 0.0000 0.2000E-04 0.1000E+01
2550 0.3406E+01 0.2717E+03 0.5866E-07 0.7604E+01 0.9651E+05 0.3132E+02  6.906 0.0000 0.2000E-04 0.1000E+01
2554 0.3500E+01 0.2696E+03 0.5680E-07 0.7599E+01 0.9609E+05 0.3137E+02  6.897 0.0000 0.2000E-04 0.1000E+01
2555 0.3525E+01 0.2690E+03 0.5632E-07 0.7598E+01 0.9597E+05 0.3139E+02  6.895 0.0000 0.2000E-04 0.1000E+01
2560 0.3655E+01 0.2663E+03 0.5399E-07 0.7592E+01 0.9541E+05 0.3145E+02  6.882 0.0000 0.2000E-04 0.1000E+01
2565 0.3789E+01 0.2636E+03 0.5174E-07 0.7586E+01 0.9485E+05 0.3152E+02  6.870 0.0000 0.2000E-04 0.1000E+01
2570 0.3928E+01 0.2609E+03 0.4960E-07 0.7581E+01 0.9430E+05 0.3159E+02  6.858 0.0000 0.2000E-04 0.1000E+01
2573 0.4000E+01 0.2596E+03 0.4856E-07 0.7578E+01 0.9402E+05 0.3162E+02  6.852 0.0000 0.2000E-04 0.1000E+01
2575 0.4058E+01 0.2585E+03 0.4774E-07 0.7575E+01 0.9380E+05 0.3165E+02  6.847 0.0000 0.2000E-04 0.1000E+01
2580 0.4207E+01 0.2559E+03 0.4578E-07 0.7570E+01 0.9324E+05 0.3171E+02  6.835 0.0000 0.2000E-04 0.1000E+01
2585 0.4361E+01 0.2534E+03 0.4390E-07 0.7564E+01 0.9269E+05 0.3178E+02  6.823 0.0000 0.2000E-04 0.1000E+01
2590 0.4500E+01 0.2511E+03 0.4233E-07 0.7559E+01 0.9221E+05 0.3184E+02  6.813 0.0000 0.2000E-04 0.1000E+01
2590 0.4500E+01 0.2511E+03 0.4233E-07 0.7559E+01 0.9221E+05 0.3184E+02  6.813 0.0000 0.2000E-04 0.1000E+01
2595 0.4665E+01 0.2486E+03 0.4061E-07 0.7553E+01 0.9166E+05 0.3190E+02  6.801 0.0000 0.2000E-04 0.1000E+01
2600 0.4836E+01 0.2462E+03 0.3895E-07 0.7548E+01 0.9112E+05 0.3197E+02  6.789 0.0000 0.2000E-04 0.1000E+01
2605 0.5000E+01 0.2439E+03 0.3748E-07 0.7543E+01 0.9061E+05 0.3203E+02  6.777 0.0000 0.2000E-04 0.1000E+01
2605 0.5000E+01 0.2439E+03 0.3748E-07 0.7543E+01 0.9061E+05 0.3203E+02  6.777 0.0000 0.2000E-04 0.1000E+01
2610 0.5178E+01 0.2415E+03 0.3600E-07 0.7537E+01 0.9009E+05 0.3209E+02  6.766 0.0000 0.2000E-04 0.1000E+01
2615 0.5360E+01 0.2392E+03 0.3460E-07 0.7532E+01 0.8957E+05 0.3215E+02  6.754 0.0000 0.2000E-04 0.1000E+01
2619 0.5500E+01 0.2375E+03 0.3360E-07 0.7528E+01 0.8918E+05 0.3220E+02  6.745 0.0000 0.2000E-04 0.1000E+01
2620 0.5538E+01 0.2371E+03 0.3334E-07 0.7527E+01 0.8908E+05 0.3221E+02  6.743 0.0000 0.2000E-04 0.1000E+01
2625 0.5731E+01 0.2349E+03 0.3206E-07 0.7522E+01 0.8857E+05 0.3227E+02  6.732 0.0000 0.2000E-04 0.1000E+01
2630 0.5930E+01 0.2327E+03 0.3084E-07 0.7517E+01 0.8806E+05 0.3233E+02  6.720 0.0000 0.2000E-04 0.1000E+01
2632 0.6000E+01 0.2319E+03 0.3044E-07 0.7515E+01 0.8789E+05 0.3235E+02  6.716 0.0000 0.2000E-04 0.1000E+01
2635 0.6124E+01 0.2306E+03 0.2974E-07 0.7512E+01 0.8759E+05 0.3239E+02  6.709 0.0000 0.2000E-04 0.1000E+01
2640 0.6336E+01 0.2285E+03 0.2863E-07 0.7507E+01 0.8708E+05 0.3245E+02  6.698 0.0000 0.2000E-04 0.1000E+01
2644 0.6500E+01 0.2269E+03 0.2781E-07 0.7503E+01 0.8671E+05 0.3249E+02  6.689 0.0000 0.2000E-04 0.1000E+01
2645 0.6544E+01 0.2265E+03 0.2761E-07 0.7502E+01 0.8661E+05 0.3251E+02  6.687 0.0000 0.2000E-04 0.1000E+01
2650 0.6769E+01 0.2245E+03 0.2659E-07 0.7497E+01 0.8611E+05 0.3256E+02  6.675 0.0000 0.2000E-04 0.1000E+01
2655 0.7000E+01 0.2225E+03 0.2561E-07 0.7492E+01 0.8562E+05 0.3262E+02  6.664 0.0000 0.2000E-04 0.1000E+01
2655 0.7000E+01 0.2225E+03 0.2561E-07 0.7492E+01 0.8562E+05 0.3262E+02  6.664 0.0000 0.2000E-04 0.1000E+01
2660 0.7239E+01 0.2205E+03 0.2468E-07 0.7488E+01 0.8513E+05 0.3268E+02  6.653 0.0000 0.2000E-04 0.1000E+01
2665 0.7485E+01 0.2186E+03 0.2380E-07 0.7483E+01 0.8464E+05 0.3274E+02  6.641 0.0000 0.2000E-04 0.1000E+01
2666 0.7500E+01 0.2185E+03 0.2375E-07 0.7482E+01 0.8461E+05 0.3274E+02  6.640 0.0000 0.2000E-04 0.1000E+01
2670 0.7702E+01 0.2169E+03 0.2306E-07 0.7479E+01 0.8422E+05 0.3279E+02  6.631 0.0000 0.2000E-04 0.1000E+01
2675 0.7963E+01 0.2150E+03 0.2224E-07 0.7474E+01 0.8374E+05 0.3285E+02  6.620 0.0000 0.2000E-04 0.1000E+01
2676 0.8000E+01 0.2148E+03 0.2213E-07 0.7473E+01 0.8367E+05 0.3285E+02  6.618 0.0000 0.2000E-04 0.1000E+01
2680 0.8214E+01 0.2133E+03 0.2150E-07 0.7469E+01 0.8328E+05 0.3290E+02  6.609 0.0000 0.2000E-04 0.1000E+01
2685 0.8489E+01 0.2115E+03 0.2075E-07 0.7465E+01 0.8281E+05 0.3296E+02  6.598 0.0000 0.2000E-04 0.1000E+01
2686 0.8500E+01 0.2114E+03 0.2072E-07 0.7465E+01 0.8279E+05 0.3296E+02  6.598 0.0000 0.2000E-04 0.1000E+01
2690 0.8726E+01 0.2099E+03 0.2014E-07 0.7461E+01 0.8241E+05 0.3300E+02  6.588 0.0000 0.2000E-04 0.1000E+01
2695 0.9000E+01 0.2083E+03 0.1948E-07 0.7457E+01 0.8196E+05 0.3306E+02  6.578 0.0000 0.2000E-04 0.1000E+01
2695 0.9000E+01 0.2083E+03 0.1948E-07 0.7457E+01 0.8196E+05 0.3306E+02  6.578 0.0000 0.2000E-04 0.1000E+01
2700 0.9297E+01 0.2065E+03 0.1881E-07 0.7452E+01 0.8149E+05 0.3311E+02  6.566 0.0000 0.2000E-04 0.1000E+01
2704 0.9500E+01 0.2054E+03 0.1838E-07 0.7449E+01 0.8118E+05 0.3315E+02  6.559 0.0000 0.2000E-04 0.1000E+01
2705 0.9561E+01 0.2050E+03 0.1825E-07 0.7448E+01 0.8109E+05 0.3316E+02  6.557 0.0000 0.2000E-04 0.1000E+01
2710 0.9875E+01 0.2033E+03 0.1764E-07 0.7444E+01 0.8063E+05 0.3322E+02  6.545 0.0000 0.2000E-04 0.1000E+01
2712 0.1000E+02 0.2027E+03 0.1740E-07 0.7442E+01 0.8045E+05 0.3324E+02  6.541 0.0000 0.2000E-04 0.1000E+01
