 $INPUT
 IMODEL	=             1
 N	=           120
 MINSTP	=             0
 VEOS	=  1.000000000000000
 ILOOP	=             1
 STATIC	=   F
 FRACT	=  2.5000000000000001E-03
 SHINE	=  0.3000000000000000
 SHAVE	=  9.9999999999999995E-08
 POUT	=  5000000.000000000
 AMETH	=             2
 CMETH	=             1
 NOBOND	=             1
 TBEG	=  5.0000000000000004E-06
 TIMEF	=  10.00000000000000
 DTIMEO	=  5.0000000000000003E-02
 STEPO	=  0.5000000000000000
 LCORR	=   T
 LSTART	=   F
 MAXSTP	=          5000
 SPK	=  11.06000000000000
 STARL	=  0.0000000000000000E+00
 DIST	=  5.200000000000000
 ALB	=  0.3500000000000000
 TEFFS	=  5770.000000000000
 LCONV	=   T
 LTRANS	=   T
 LPOUT	=   F
 LFILL	=   F
 LCONT	=   T
 LBURN	=   T
 MAG	=  'O '
 GAM	=  '7X'
 MASS	=  1.196458000000000
 YHEA	=  0.2500000000000000
 YDI	=  2.0000000000000002E-05
 HB	=  1.000000000000000
 $end

 Gam,Mass,Yhe,Ydi,Dist,starl,alb=  7X   1.196   0.250 0.200E-04 0.520E+01 0.000E+00 0.350E+00
  I  Time(Gyrs) Teff        Lumin      Rad(Gcm)  Tc         Rhoc       S      Ratio  Yd         Yl


   6 0.0000E+00 0.1141E+03 0.8011E-06 0.1592E+03 0.1262E+05 0.1634E-01 11.059 0.0000 0.2000E-04 0.1000E+01
  10 0.2069E-05 0.1155E+03 0.8356E-06 0.1588E+03 0.1263E+05 0.1639E-01 11.059 0.0000 0.2000E-04 0.1000E+01
  15 0.4674E-05 0.1175E+03 0.8897E-06 0.1582E+03 0.1265E+05 0.1646E-01 11.059 0.0000 0.2000E-04 0.1000E+01
  20 0.2121E-04 0.1345E+03 0.1437E-05 0.1534E+03 0.1282E+05 0.1706E-01 11.055 0.0000 0.2000E-04 0.1000E+01
  25 0.3311E-04 0.1289E+03 0.1234E-05 0.1545E+03 0.1278E+05 0.1692E-01 11.056 0.0000 0.2000E-04 0.1000E+01
  30 0.4519E-04 0.1472E+03 0.1968E-05 0.1493E+03 0.1297E+05 0.1760E-01 11.052 0.0000 0.2000E-04 0.1000E+01
  35 0.5338E-04 0.1633E+03 0.2809E-05 0.1452E+03 0.1312E+05 0.1818E-01 11.048 0.0000 0.2000E-04 0.1000E+01
  40 0.5465E-04 0.1669E+03 0.3026E-05 0.1446E+03 0.1315E+05 0.1827E-01 11.047 0.0000 0.2000E-04 0.1000E+01
  45 0.5601E-04 0.1698E+03 0.3202E-05 0.1438E+03 0.1318E+05 0.1840E-01 11.046 0.0000 0.2000E-04 0.1000E+01
  50 0.6145E-04 0.1818E+03 0.4028E-05 0.1407E+03 0.1330E+05 0.1888E-01 11.043 0.0000 0.2000E-04 0.1000E+01
  55 0.6258E-04 0.1840E+03 0.4193E-05 0.1401E+03 0.1333E+05 0.1898E-01 11.042 0.0000 0.2000E-04 0.1000E+01
  60 0.6383E-04 0.1868E+03 0.4407E-05 0.1394E+03 0.1336E+05 0.1909E-01 11.042 0.0000 0.2000E-04 0.1000E+01
  65 0.6494E-04 0.1893E+03 0.4598E-05 0.1387E+03 0.1338E+05 0.1919E-01 11.041 0.0000 0.2000E-04 0.1000E+01
  70 0.6599E-04 0.1917E+03 0.4796E-05 0.1381E+03 0.1341E+05 0.1930E-01 11.040 0.0000 0.2000E-04 0.1000E+01
  75 0.6704E-04 0.1941E+03 0.4997E-05 0.1375E+03 0.1344E+05 0.1940E-01 11.039 0.0000 0.2000E-04 0.1000E+01
  80 0.6813E-04 0.1967E+03 0.5217E-05 0.1368E+03 0.1347E+05 0.1952E-01 11.039 0.0000 0.2000E-04 0.1000E+01
  85 0.6917E-04 0.1993E+03 0.5445E-05 0.1361E+03 0.1349E+05 0.1963E-01 11.038 0.0000 0.2000E-04 0.1000E+01
  90 0.7017E-04 0.2019E+03 0.5674E-05 0.1355E+03 0.1352E+05 0.1975E-01 11.037 0.0000 0.2000E-04 0.1000E+01
  95 0.7110E-04 0.2045E+03 0.5917E-05 0.1347E+03 0.1356E+05 0.1989E-01 11.036 0.0000 0.2000E-04 0.1000E+01
 100 0.7336E-04 0.2112E+03 0.6564E-05 0.1331E+03 0.1363E+05 0.2018E-01 11.034 0.0000 0.2000E-04 0.1000E+01
 105 0.7431E-04 0.2140E+03 0.6840E-05 0.1324E+03 0.1366E+05 0.2031E-01 11.033 0.0000 0.2000E-04 0.1000E+01
 110 0.7529E-04 0.2168E+03 0.7130E-05 0.1316E+03 0.1369E+05 0.2044E-01 11.032 0.0000 0.2000E-04 0.1000E+01
 115 0.7623E-04 0.2196E+03 0.7430E-05 0.1309E+03 0.1372E+05 0.2058E-01 11.031 0.0000 0.2000E-04 0.1000E+01
 120 0.7716E-04 0.2225E+03 0.7742E-05 0.1302E+03 0.1376E+05 0.2072E-01 11.030 0.0000 0.2000E-04 0.1000E+01
 125 0.7811E-04 0.2256E+03 0.8086E-05 0.1294E+03 0.1379E+05 0.2087E-01 11.029 0.0000 0.2000E-04 0.1000E+01
 130 0.7897E-04 0.2284E+03 0.8393E-05 0.1287E+03 0.1383E+05 0.2101E-01 11.028 0.0000 0.2000E-04 0.1000E+01
 135 0.7989E-04 0.2314E+03 0.8746E-05 0.1280E+03 0.1386E+05 0.2116E-01 11.027 0.0000 0.2000E-04 0.1000E+01
 140 0.8080E-04 0.2345E+03 0.9109E-05 0.1272E+03 0.1390E+05 0.2131E-01 11.025 0.0000 0.2000E-04 0.1000E+01
 145 0.8165E-04 0.2375E+03 0.9480E-05 0.1265E+03 0.1393E+05 0.2147E-01 11.024 0.0000 0.2000E-04 0.1000E+01
 150 0.8253E-04 0.2407E+03 0.9881E-05 0.1257E+03 0.1397E+05 0.2164E-01 11.023 0.0000 0.2000E-04 0.1000E+01
 155 0.8336E-04 0.2437E+03 0.1026E-04 0.1249E+03 0.1401E+05 0.2179E-01 11.022 0.0000 0.2000E-04 0.1000E+01
 160 0.8424E-04 0.2470E+03 0.1068E-04 0.1242E+03 0.1405E+05 0.2197E-01 11.021 0.0000 0.2000E-04 0.1000E+01
 165 0.8509E-04 0.2502E+03 0.1111E-04 0.1234E+03 0.1408E+05 0.2214E-01 11.019 0.0000 0.2000E-04 0.1000E+01
 170 0.8587E-04 0.2535E+03 0.1156E-04 0.1226E+03 0.1412E+05 0.2232E-01 11.018 0.0000 0.2000E-04 0.1000E+01
 175 0.8670E-04 0.2562E+03 0.1192E-04 0.1219E+03 0.1416E+05 0.2248E-01 11.017 0.0000 0.2000E-04 0.1000E+01
 180 0.8863E-04 0.2648E+03 0.1315E-04 0.1199E+03 0.1426E+05 0.2295E-01 11.013 0.0000 0.2000E-04 0.1000E+01
 185 0.8945E-04 0.2683E+03 0.1368E-04 0.1190E+03 0.1431E+05 0.2316E-01 11.012 0.0000 0.2000E-04 0.1000E+01
 190 0.9023E-04 0.2717E+03 0.1418E-04 0.1182E+03 0.1435E+05 0.2335E-01 11.010 0.0000 0.2000E-04 0.1000E+01
 195 0.9094E-04 0.2719E+03 0.1421E-04 0.1182E+03 0.1435E+05 0.2337E-01 11.010 0.0000 0.2000E-04 0.1000E+01
 200 0.9173E-04 0.2754E+03 0.1475E-04 0.1173E+03 0.1440E+05 0.2358E-01 11.008 0.0000 0.2000E-04 0.1000E+01
 205 0.9252E-04 0.2790E+03 0.1532E-04 0.1165E+03 0.1444E+05 0.2380E-01 11.007 0.0000 0.2000E-04 0.1000E+01
 210 0.9329E-04 0.2830E+03 0.1595E-04 0.1156E+03 0.1449E+05 0.2403E-01 11.005 0.0000 0.2000E-04 0.1000E+01
 215 0.9400E-04 0.2862E+03 0.1649E-04 0.1148E+03 0.1453E+05 0.2424E-01 11.003 0.0000 0.2000E-04 0.1000E+01
 220 0.9475E-04 0.2899E+03 0.1710E-04 0.1140E+03 0.1458E+05 0.2447E-01 11.002 0.0000 0.2000E-04 0.1000E+01
 225 0.9550E-04 0.2937E+03 0.1774E-04 0.1131E+03 0.1463E+05 0.2471E-01 11.000 0.0000 0.2000E-04 0.1000E+01
 230 0.9624E-04 0.2975E+03 0.1839E-04 0.1123E+03 0.1468E+05 0.2495E-01 10.998 0.0000 0.2000E-04 0.1000E+01
 235 0.9699E-04 0.3012E+03 0.1904E-04 0.1114E+03 0.1473E+05 0.2520E-01 10.996 0.0000 0.2000E-04 0.1000E+01
 240 0.9775E-04 0.3053E+03 0.1976E-04 0.1105E+03 0.1478E+05 0.2546E-01 10.994 0.0000 0.2000E-04 0.1000E+01
 245 0.9850E-04 0.3093E+03 0.2047E-04 0.1096E+03 0.1483E+05 0.2573E-01 10.992 0.0000 0.2000E-04 0.1000E+01
 250 0.9924E-04 0.3133E+03 0.2121E-04 0.1087E+03 0.1489E+05 0.2601E-01 10.990 0.0000 0.2000E-04 0.1000E+01
 255 0.9996E-04 0.3173E+03 0.2195E-04 0.1078E+03 0.1494E+05 0.2629E-01 10.988 0.0000 0.2000E-04 0.1000E+01
 260 0.1007E-03 0.3214E+03 0.2271E-04 0.1069E+03 0.1499E+05 0.2658E-01 10.986 0.0000 0.2000E-04 0.1000E+01
 265 0.1014E-03 0.3257E+03 0.2355E-04 0.1060E+03 0.1505E+05 0.2689E-01 10.984 0.0000 0.2000E-04 0.1000E+01
 270 0.1021E-03 0.3296E+03 0.2430E-04 0.1052E+03 0.1511E+05 0.2718E-01 10.981 0.0000 0.2000E-04 0.1000E+01
 275 0.1029E-03 0.3346E+03 0.2530E-04 0.1041E+03 0.1517E+05 0.2755E-01 10.979 0.0000 0.2000E-04 0.1000E+01
 280 0.1036E-03 0.3388E+03 0.2613E-04 0.1032E+03 0.1523E+05 0.2786E-01 10.976 0.0000 0.2000E-04 0.1000E+01
 285 0.1043E-03 0.3432E+03 0.2702E-04 0.1023E+03 0.1529E+05 0.2820E-01 10.974 0.0000 0.2000E-04 0.1000E+01
 290 0.1050E-03 0.3476E+03 0.2793E-04 0.1013E+03 0.1536E+05 0.2855E-01 10.971 0.0000 0.2000E-04 0.1000E+01
 295 0.1058E-03 0.3522E+03 0.2887E-04 0.1004E+03 0.1542E+05 0.2892E-01 10.969 0.0000 0.2000E-04 0.1000E+01
 300 0.1065E-03 0.3567E+03 0.2981E-04 0.9945E+02 0.1548E+05 0.2929E-01 10.966 0.0000 0.2000E-04 0.1000E+01
 305 0.1072E-03 0.3613E+03 0.3079E-04 0.9850E+02 0.1555E+05 0.2967E-01 10.963 0.0000 0.2000E-04 0.1000E+01
 310 0.1079E-03 0.3659E+03 0.3178E-04 0.9758E+02 0.1561E+05 0.3006E-01 10.961 0.0000 0.2000E-04 0.1000E+01
 315 0.1086E-03 0.3707E+03 0.3283E-04 0.9663E+02 0.1568E+05 0.3046E-01 10.958 0.0000 0.2000E-04 0.1000E+01
 320 0.1092E-03 0.3752E+03 0.3381E-04 0.9572E+02 0.1575E+05 0.3086E-01 10.955 0.0000 0.2000E-04 0.1000E+01
 325 0.1099E-03 0.3799E+03 0.3486E-04 0.9477E+02 0.1582E+05 0.3129E-01 10.952 0.0000 0.2000E-04 0.1000E+01
 330 0.1106E-03 0.3847E+03 0.3593E-04 0.9383E+02 0.1589E+05 0.3173E-01 10.949 0.0000 0.2000E-04 0.1000E+01
 335 0.1113E-03 0.3897E+03 0.3703E-04 0.9286E+02 0.1596E+05 0.3219E-01 10.946 0.0000 0.2000E-04 0.1000E+01
 340 0.1120E-03 0.3946E+03 0.3815E-04 0.9190E+02 0.1604E+05 0.3266E-01 10.942 0.0000 0.2000E-04 0.1000E+01
 345 0.1126E-03 0.3996E+03 0.3929E-04 0.9095E+02 0.1611E+05 0.3314E-01 10.939 0.0000 0.2000E-04 0.1000E+01
 350 0.1133E-03 0.4047E+03 0.4046E-04 0.8999E+02 0.1619E+05 0.3365E-01 10.936 0.0000 0.2000E-04 0.1000E+01
 355 0.1140E-03 0.4098E+03 0.4164E-04 0.8903E+02 0.1627E+05 0.3417E-01 10.932 0.0000 0.2000E-04 0.1000E+01
 360 0.1147E-03 0.4151E+03 0.4285E-04 0.8805E+02 0.1635E+05 0.3471E-01 10.928 0.0000 0.2000E-04 0.1000E+01
 365 0.1154E-03 0.4202E+03 0.4403E-04 0.8709E+02 0.1643E+05 0.3527E-01 10.925 0.0000 0.2000E-04 0.1000E+01
 370 0.1161E-03 0.4256E+03 0.4530E-04 0.8611E+02 0.1651E+05 0.3585E-01 10.921 0.0000 0.2000E-04 0.1000E+01
 375 0.1167E-03 0.4309E+03 0.4658E-04 0.8517E+02 0.1659E+05 0.3642E-01 10.917 0.0000 0.2000E-04 0.1000E+01
 380 0.1174E-03 0.4363E+03 0.4788E-04 0.8421E+02 0.1667E+05 0.3703E-01 10.913 0.0000 0.2000E-04 0.1000E+01
 385 0.1181E-03 0.4419E+03 0.4921E-04 0.8324E+02 0.1676E+05 0.3767E-01 10.909 0.0000 0.2000E-04 0.1000E+01
 390 0.1188E-03 0.4475E+03 0.5055E-04 0.8226E+02 0.1685E+05 0.3833E-01 10.905 0.0000 0.2000E-04 0.1000E+01
 395 0.1195E-03 0.4532E+03 0.5192E-04 0.8128E+02 0.1694E+05 0.3902E-01 10.901 0.0000 0.2000E-04 0.1000E+01
 400 0.1202E-03 0.4590E+03 0.5331E-04 0.8032E+02 0.1703E+05 0.3972E-01 10.897 0.0000 0.2000E-04 0.1000E+01
 405 0.1209E-03 0.4648E+03 0.5472E-04 0.7935E+02 0.1712E+05 0.4045E-01 10.892 0.0000 0.2000E-04 0.1000E+01
 410 0.1216E-03 0.4707E+03 0.5616E-04 0.7836E+02 0.1722E+05 0.4123E-01 10.887 0.0000 0.2000E-04 0.1000E+01
 415 0.1224E-03 0.4768E+03 0.5760E-04 0.7736E+02 0.1731E+05 0.4204E-01 10.883 0.0000 0.2000E-04 0.1000E+01
 420 0.1231E-03 0.4831E+03 0.5917E-04 0.7636E+02 0.1741E+05 0.4289E-01 10.878 0.0000 0.2000E-04 0.1000E+01
 425 0.1238E-03 0.4892E+03 0.6066E-04 0.7540E+02 0.1751E+05 0.4372E-01 10.873 0.0000 0.2000E-04 0.1000E+01
 430 0.1246E-03 0.4954E+03 0.6216E-04 0.7445E+02 0.1761E+05 0.4460E-01 10.868 0.0000 0.2000E-04 0.1000E+01
 435 0.1253E-03 0.5016E+03 0.6367E-04 0.7348E+02 0.1771E+05 0.4551E-01 10.863 0.0000 0.2000E-04 0.1000E+01
 440 0.1260E-03 0.5080E+03 0.6524E-04 0.7252E+02 0.1782E+05 0.4645E-01 10.858 0.0000 0.2000E-04 0.1000E+01
 445 0.1267E-03 0.5144E+03 0.6682E-04 0.7157E+02 0.1792E+05 0.4742E-01 10.852 0.0000 0.2000E-04 0.1000E+01
 450 0.1275E-03 0.5210E+03 0.6840E-04 0.7062E+02 0.1803E+05 0.4844E-01 10.847 0.0000 0.2000E-04 0.1000E+01
 455 0.1282E-03 0.5275E+03 0.6997E-04 0.6966E+02 0.1814E+05 0.4950E-01 10.841 0.0000 0.2000E-04 0.1000E+01
 460 0.1289E-03 0.5342E+03 0.7161E-04 0.6872E+02 0.1825E+05 0.5058E-01 10.836 0.0000 0.2000E-04 0.1000E+01
 465 0.1297E-03 0.5409E+03 0.7323E-04 0.6778E+02 0.1836E+05 0.5171E-01 10.830 0.0000 0.2000E-04 0.1000E+01
 470 0.1304E-03 0.5478E+03 0.7487E-04 0.6683E+02 0.1847E+05 0.5292E-01 10.824 0.0000 0.2000E-04 0.1000E+01
 475 0.1312E-03 0.5547E+03 0.7653E-04 0.6588E+02 0.1859E+05 0.5415E-01 10.818 0.0000 0.2000E-04 0.1000E+01
 480 0.1319E-03 0.5616E+03 0.7819E-04 0.6495E+02 0.1871E+05 0.5542E-01 10.811 0.0000 0.2000E-04 0.1000E+01
 485 0.1327E-03 0.5687E+03 0.7983E-04 0.6401E+02 0.1883E+05 0.5678E-01 10.805 0.0000 0.2000E-04 0.1000E+01
 490 0.1335E-03 0.5759E+03 0.8147E-04 0.6307E+02 0.1895E+05 0.5820E-01 10.798 0.0000 0.2000E-04 0.1000E+01
 495 0.1343E-03 0.5831E+03 0.8311E-04 0.6213E+02 0.1908E+05 0.5968E-01 10.792 0.0000 0.2000E-04 0.1000E+01
 500 0.1351E-03 0.5904E+03 0.8471E-04 0.6118E+02 0.1921E+05 0.6125E-01 10.784 0.0000 0.2000E-04 0.1000E+01
 505 0.1359E-03 0.5978E+03 0.8630E-04 0.6023E+02 0.1934E+05 0.6289E-01 10.777 0.0000 0.2000E-04 0.1000E+01
 510 0.1367E-03 0.6053E+03 0.8786E-04 0.5928E+02 0.1947E+05 0.6462E-01 10.770 0.0000 0.2000E-04 0.1000E+01
 515 0.1376E-03 0.6128E+03 0.8936E-04 0.5832E+02 0.1961E+05 0.6648E-01 10.762 0.0000 0.2000E-04 0.1000E+01
 520 0.1385E-03 0.6205E+03 0.9084E-04 0.5736E+02 0.1975E+05 0.6842E-01 10.754 0.0000 0.2000E-04 0.1000E+01
 525 0.1394E-03 0.6283E+03 0.9225E-04 0.5638E+02 0.1989E+05 0.7052E-01 10.746 0.0000 0.2000E-04 0.1000E+01
 530 0.1403E-03 0.6362E+03 0.9359E-04 0.5539E+02 0.2004E+05 0.7276E-01 10.737 0.0000 0.2000E-04 0.1000E+01
 535 0.1413E-03 0.6441E+03 0.9482E-04 0.5439E+02 0.2020E+05 0.7514E-01 10.728 0.0000 0.2000E-04 0.1000E+01
 540 0.1424E-03 0.6521E+03 0.9594E-04 0.5337E+02 0.2036E+05 0.7772E-01 10.718 0.0000 0.2000E-04 0.1000E+01
 545 0.1435E-03 0.6603E+03 0.9692E-04 0.5233E+02 0.2053E+05 0.8053E-01 10.708 0.0000 0.2000E-04 0.1000E+01
 550 0.1446E-03 0.6685E+03 0.9772E-04 0.5126E+02 0.2070E+05 0.8360E-01 10.698 0.0000 0.2000E-04 0.1000E+01
 555 0.1458E-03 0.6765E+03 0.9832E-04 0.5021E+02 0.2088E+05 0.8681E-01 10.687 0.0000 0.2000E-04 0.1000E+01
 560 0.1470E-03 0.6840E+03 0.9866E-04 0.4920E+02 0.2105E+05 0.9023E-01 10.676 0.0000 0.2000E-04 0.1000E+01
 565 0.1482E-03 0.6912E+03 0.9880E-04 0.4821E+02 0.2122E+05 0.9378E-01 10.665 0.0000 0.2000E-04 0.1000E+01
 570 0.1494E-03 0.6979E+03 0.9868E-04 0.4726E+02 0.2139E+05 0.9754E-01 10.654 0.0000 0.2000E-04 0.1000E+01
 575 0.1507E-03 0.7044E+03 0.9836E-04 0.4632E+02 0.2156E+05 0.1017E+00 10.643 0.0000 0.2000E-04 0.1000E+01
 580 0.1519E-03 0.7099E+03 0.9792E-04 0.4545E+02 0.2171E+05 0.1058E+00 10.633 0.0000 0.2000E-04 0.1000E+01
 585 0.1532E-03 0.7160E+03 0.9723E-04 0.4457E+02 0.2188E+05 0.1106E+00 10.622 0.0000 0.2000E-04 0.1000E+01
 590 0.1545E-03 0.7216E+03 0.9644E-04 0.4370E+02 0.2204E+05 0.1159E+00 10.611 0.0000 0.2000E-04 0.1000E+01
 595 0.1558E-03 0.7265E+03 0.9560E-04 0.4293E+02 0.2219E+05 0.1212E+00 10.601 0.0000 0.2000E-04 0.1000E+01
 600 0.1571E-03 0.7319E+03 0.9463E-04 0.4208E+02 0.2237E+05 0.1278E+00 10.590 0.0000 0.2000E-04 0.1000E+01
 605 0.1585E-03 0.7374E+03 0.9360E-04 0.4123E+02 0.2256E+05 0.1353E+00 10.579 0.0000 0.2000E-04 0.1000E+01
 610 0.1599E-03 0.7431E+03 0.9256E-04 0.4037E+02 0.2277E+05 0.1437E+00 10.568 0.0000 0.2000E-04 0.1000E+01
 615 0.1613E-03 0.7492E+03 0.9153E-04 0.3949E+02 0.2301E+05 0.1536E+00 10.557 0.0000 0.2000E-04 0.1000E+01
 620 0.1628E-03 0.7560E+03 0.9052E-04 0.3857E+02 0.2330E+05 0.1652E+00 10.546 0.0000 0.2000E-04 0.1000E+01
 625 0.1643E-03 0.7638E+03 0.8958E-04 0.3760E+02 0.2367E+05 0.1787E+00 10.535 0.0000 0.2000E-04 0.1000E+01
 630 0.1658E-03 0.7727E+03 0.8873E-04 0.3656E+02 0.2413E+05 0.1944E+00 10.525 0.0000 0.2000E-04 0.1000E+01
 635 0.1674E-03 0.7824E+03 0.8796E-04 0.3550E+02 0.2470E+05 0.2115E+00 10.514 0.0000 0.2000E-04 0.1000E+01
 640 0.1689E-03 0.7921E+03 0.8725E-04 0.3450E+02 0.2532E+05 0.2286E+00 10.504 0.0000 0.2000E-04 0.1000E+01
 645 0.1704E-03 0.8021E+03 0.8645E-04 0.3349E+02 0.2602E+05 0.2462E+00 10.494 0.0000 0.2000E-04 0.1000E+01
 650 0.1722E-03 0.8115E+03 0.8543E-04 0.3252E+02 0.2672E+05 0.2633E+00 10.483 0.0000 0.2000E-04 0.1000E+01
 655 0.1740E-03 0.8198E+03 0.8424E-04 0.3164E+02 0.2738E+05 0.2792E+00 10.472 0.0000 0.2000E-04 0.1000E+01
 660 0.1758E-03 0.8271E+03 0.8296E-04 0.3085E+02 0.2795E+05 0.2939E+00 10.462 0.0000 0.2000E-04 0.1000E+01
 665 0.1777E-03 0.8334E+03 0.8158E-04 0.3014E+02 0.2846E+05 0.3074E+00 10.451 0.0000 0.2000E-04 0.1000E+01
 670 0.1797E-03 0.8388E+03 0.8016E-04 0.2948E+02 0.2892E+05 0.3199E+00 10.440 0.0000 0.2000E-04 0.1000E+01
 675 0.1818E-03 0.8436E+03 0.7870E-04 0.2888E+02 0.2933E+05 0.3317E+00 10.429 0.0000 0.2000E-04 0.1000E+01
 680 0.1839E-03 0.8478E+03 0.7723E-04 0.2833E+02 0.2970E+05 0.3428E+00 10.418 0.0000 0.2000E-04 0.1000E+01
 685 0.1861E-03 0.8515E+03 0.7574E-04 0.2781E+02 0.3004E+05 0.3533E+00 10.407 0.0000 0.2000E-04 0.1000E+01
 690 0.1883E-03 0.8548E+03 0.7426E-04 0.2733E+02 0.3034E+05 0.3634E+00 10.396 0.0000 0.2000E-04 0.1000E+01
 695 0.1906E-03 0.8577E+03 0.7279E-04 0.2687E+02 0.3062E+05 0.3733E+00 10.386 0.0000 0.2000E-04 0.1000E+01
 700 0.1930E-03 0.8602E+03 0.7131E-04 0.2644E+02 0.3088E+05 0.3827E+00 10.375 0.0000 0.2000E-04 0.1000E+01
 705 0.1954E-03 0.8625E+03 0.6986E-04 0.2603E+02 0.3111E+05 0.3920E+00 10.364 0.0000 0.2000E-04 0.1000E+01
 710 0.1979E-03 0.8645E+03 0.6841E-04 0.2564E+02 0.3134E+05 0.4011E+00 10.353 0.0000 0.2000E-04 0.1000E+01
 715 0.2005E-03 0.8662E+03 0.6698E-04 0.2527E+02 0.3154E+05 0.4100E+00 10.342 0.0000 0.2000E-04 0.1000E+01
 720 0.2032E-03 0.8677E+03 0.6556E-04 0.2492E+02 0.3174E+05 0.4186E+00 10.331 0.0000 0.2000E-04 0.1000E+01
 725 0.2060E-03 0.8689E+03 0.6416E-04 0.2458E+02 0.3191E+05 0.4272E+00 10.320 0.0000 0.2000E-04 0.1000E+01
 730 0.2088E-03 0.8700E+03 0.6278E-04 0.2426E+02 0.3208E+05 0.4355E+00 10.309 0.0000 0.2000E-04 0.1000E+01
 735 0.2117E-03 0.8708E+03 0.6142E-04 0.2395E+02 0.3224E+05 0.4436E+00 10.298 0.0000 0.2000E-04 0.1000E+01
 740 0.2147E-03 0.8713E+03 0.6007E-04 0.2365E+02 0.3239E+05 0.4516E+00 10.287 0.0000 0.2000E-04 0.1000E+01
 745 0.2177E-03 0.8718E+03 0.5874E-04 0.2337E+02 0.3253E+05 0.4596E+00 10.277 0.0000 0.2000E-04 0.1000E+01
 750 0.2209E-03 0.8720E+03 0.5742E-04 0.2309E+02 0.3265E+05 0.4674E+00 10.266 0.0000 0.2000E-04 0.1000E+01
 755 0.2241E-03 0.8720E+03 0.5612E-04 0.2283E+02 0.3278E+05 0.4751E+00 10.255 0.0000 0.2000E-04 0.1000E+01
 760 0.2274E-03 0.8719E+03 0.5483E-04 0.2257E+02 0.3290E+05 0.4827E+00 10.244 0.0000 0.2000E-04 0.1000E+01
 765 0.2308E-03 0.8715E+03 0.5356E-04 0.2233E+02 0.3301E+05 0.4901E+00 10.233 0.0000 0.2000E-04 0.1000E+01
 770 0.2343E-03 0.8710E+03 0.5230E-04 0.2209E+02 0.3312E+05 0.4975E+00 10.222 0.0000 0.2000E-04 0.1000E+01
 775 0.2379E-03 0.8704E+03 0.5106E-04 0.2186E+02 0.3322E+05 0.5048E+00 10.211 0.0000 0.2000E-04 0.1000E+01
 780 0.2416E-03 0.8696E+03 0.4983E-04 0.2163E+02 0.3331E+05 0.5122E+00 10.201 0.0000 0.2000E-04 0.1000E+01
 785 0.2454E-03 0.8686E+03 0.4862E-04 0.2141E+02 0.3340E+05 0.5194E+00 10.190 0.0000 0.2000E-04 0.1000E+01
 790 0.2494E-03 0.8676E+03 0.4743E-04 0.2120E+02 0.3349E+05 0.5265E+00 10.179 0.0000 0.2000E-04 0.1000E+01
 795 0.2534E-03 0.8664E+03 0.4626E-04 0.2100E+02 0.3358E+05 0.5335E+00 10.168 0.0000 0.2000E-04 0.1000E+01
 800 0.2575E-03 0.8651E+03 0.4510E-04 0.2080E+02 0.3366E+05 0.5405E+00 10.157 0.0000 0.2000E-04 0.1000E+01
 805 0.2618E-03 0.8636E+03 0.4396E-04 0.2060E+02 0.3374E+05 0.5475E+00 10.146 0.0000 0.2000E-04 0.1000E+01
 810 0.2662E-03 0.8619E+03 0.4281E-04 0.2041E+02 0.3380E+05 0.5545E+00 10.135 0.0000 0.2000E-04 0.1000E+01
 815 0.2707E-03 0.8600E+03 0.4169E-04 0.2023E+02 0.3387E+05 0.5614E+00 10.124 0.0000 0.2000E-04 0.1000E+01
 820 0.2753E-03 0.8581E+03 0.4059E-04 0.2005E+02 0.3394E+05 0.5682E+00 10.113 0.0000 0.2000E-04 0.1000E+01
 825 0.2801E-03 0.8562E+03 0.3951E-04 0.1987E+02 0.3401E+05 0.5749E+00 10.103 0.0000 0.2000E-04 0.1000E+01
 830 0.2850E-03 0.8541E+03 0.3846E-04 0.1970E+02 0.3407E+05 0.5817E+00 10.092 0.0000 0.2000E-04 0.1000E+01
 835 0.2901E-03 0.8520E+03 0.3744E-04 0.1953E+02 0.3413E+05 0.5884E+00 10.081 0.0000 0.2000E-04 0.1000E+01
 840 0.2953E-03 0.8499E+03 0.3644E-04 0.1936E+02 0.3419E+05 0.5951E+00 10.070 0.0000 0.2000E-04 0.1000E+01
 845 0.3007E-03 0.8477E+03 0.3548E-04 0.1920E+02 0.3425E+05 0.6017E+00 10.059 0.0000 0.2000E-04 0.1000E+01
 850 0.3063E-03 0.8455E+03 0.3453E-04 0.1905E+02 0.3429E+05 0.6084E+00 10.048 0.0000 0.2000E-04 0.1000E+01
 855 0.3120E-03 0.8433E+03 0.3362E-04 0.1889E+02 0.3434E+05 0.6150E+00 10.037 0.0000 0.2000E-04 0.1000E+01
 860 0.3178E-03 0.8410E+03 0.3273E-04 0.1874E+02 0.3439E+05 0.6215E+00 10.026 0.0000 0.2000E-04 0.1000E+01
 865 0.3239E-03 0.8386E+03 0.3186E-04 0.1860E+02 0.3443E+05 0.6280E+00 10.015 0.0000 0.2000E-04 0.1000E+01
 870 0.3301E-03 0.8363E+03 0.3102E-04 0.1845E+02 0.3447E+05 0.6345E+00 10.004 0.0000 0.2000E-04 0.1000E+01
 875 0.3365E-03 0.8339E+03 0.3019E-04 0.1831E+02 0.3451E+05 0.6409E+00  9.993 0.0000 0.2000E-04 0.1000E+01
 880 0.3430E-03 0.8314E+03 0.2940E-04 0.1817E+02 0.3455E+05 0.6473E+00  9.983 0.0000 0.2000E-04 0.1000E+01
 885 0.3498E-03 0.8290E+03 0.2862E-04 0.1804E+02 0.3458E+05 0.6537E+00  9.972 0.0000 0.2000E-04 0.1000E+01
 890 0.3567E-03 0.8265E+03 0.2786E-04 0.1791E+02 0.3461E+05 0.6601E+00  9.961 0.0000 0.2000E-04 0.1000E+01
 895 0.3639E-03 0.8240E+03 0.2713E-04 0.1778E+02 0.3464E+05 0.6665E+00  9.950 0.0000 0.2000E-04 0.1000E+01
 900 0.3712E-03 0.8214E+03 0.2642E-04 0.1765E+02 0.3467E+05 0.6727E+00  9.939 0.0000 0.2000E-04 0.1000E+01
 905 0.3788E-03 0.8188E+03 0.2572E-04 0.1753E+02 0.3469E+05 0.6790E+00  9.928 0.0000 0.2000E-04 0.1000E+01
 910 0.3865E-03 0.8162E+03 0.2505E-04 0.1741E+02 0.3471E+05 0.6851E+00  9.917 0.0000 0.2000E-04 0.1000E+01
 915 0.3945E-03 0.8136E+03 0.2439E-04 0.1729E+02 0.3473E+05 0.6913E+00  9.906 0.0000 0.2000E-04 0.1000E+01
 920 0.4026E-03 0.8110E+03 0.2376E-04 0.1717E+02 0.3474E+05 0.6975E+00  9.895 0.0000 0.2000E-04 0.1000E+01
 925 0.4110E-03 0.8083E+03 0.2314E-04 0.1706E+02 0.3476E+05 0.7035E+00  9.884 0.0000 0.2000E-04 0.1000E+01
 930 0.4197E-03 0.8056E+03 0.2253E-04 0.1695E+02 0.3477E+05 0.7096E+00  9.873 0.0000 0.2000E-04 0.1000E+01
 935 0.4285E-03 0.8028E+03 0.2193E-04 0.1684E+02 0.3478E+05 0.7157E+00  9.862 0.0000 0.2000E-04 0.1000E+01
 940 0.4377E-03 0.8000E+03 0.2135E-04 0.1673E+02 0.3479E+05 0.7218E+00  9.852 0.0000 0.2000E-04 0.1000E+01
 945 0.4471E-03 0.7972E+03 0.2079E-04 0.1662E+02 0.3479E+05 0.7278E+00  9.841 0.0000 0.2000E-04 0.1000E+01
 950 0.4567E-03 0.7945E+03 0.2025E-04 0.1652E+02 0.3480E+05 0.7337E+00  9.830 0.0000 0.2000E-04 0.1000E+01
 955 0.4666E-03 0.7917E+03 0.1973E-04 0.1642E+02 0.3480E+05 0.7396E+00  9.819 0.0000 0.2000E-04 0.1000E+01
 960 0.4767E-03 0.7890E+03 0.1923E-04 0.1632E+02 0.3479E+05 0.7455E+00  9.808 0.0000 0.2000E-04 0.1000E+01
 965 0.4871E-03 0.7863E+03 0.1874E-04 0.1622E+02 0.3479E+05 0.7514E+00  9.797 0.0000 0.2000E-04 0.1000E+01
 970 0.4978E-03 0.7836E+03 0.1826E-04 0.1613E+02 0.3479E+05 0.7573E+00  9.786 0.0000 0.2000E-04 0.1000E+01
 975 0.5087E-03 0.7809E+03 0.1780E-04 0.1603E+02 0.3478E+05 0.7631E+00  9.775 0.0000 0.2000E-04 0.1000E+01
 980 0.5200E-03 0.7783E+03 0.1736E-04 0.1594E+02 0.3477E+05 0.7689E+00  9.764 0.0000 0.2000E-04 0.1000E+01
 985 0.5315E-03 0.7756E+03 0.1693E-04 0.1585E+02 0.3476E+05 0.7747E+00  9.753 0.0000 0.2000E-04 0.1000E+01
 990 0.5433E-03 0.7730E+03 0.1651E-04 0.1576E+02 0.3475E+05 0.7805E+00  9.742 0.0000 0.2000E-04 0.1000E+01
 995 0.5554E-03 0.7704E+03 0.1611E-04 0.1567E+02 0.3474E+05 0.7863E+00  9.731 0.0000 0.2000E-04 0.1000E+01
1000 0.5678E-03 0.7677E+03 0.1571E-04 0.1558E+02 0.3473E+05 0.7920E+00  9.720 0.0000 0.2000E-04 0.1000E+01
1005 0.5805E-03 0.7651E+03 0.1532E-04 0.1550E+02 0.3472E+05 0.7977E+00  9.710 0.0000 0.2000E-04 0.1000E+01
1010 0.5935E-03 0.7624E+03 0.1495E-04 0.1541E+02 0.3470E+05 0.8035E+00  9.699 0.0000 0.2000E-04 0.1000E+01
1015 0.6068E-03 0.7598E+03 0.1458E-04 0.1533E+02 0.3468E+05 0.8092E+00  9.688 0.0000 0.2000E-04 0.1000E+01
1020 0.6205E-03 0.7570E+03 0.1422E-04 0.1525E+02 0.3466E+05 0.8148E+00  9.677 0.0000 0.2000E-04 0.1000E+01
1025 0.6346E-03 0.7543E+03 0.1386E-04 0.1516E+02 0.3464E+05 0.8205E+00  9.666 0.0000 0.2000E-04 0.1000E+01
1030 0.6490E-03 0.7514E+03 0.1351E-04 0.1508E+02 0.3462E+05 0.8261E+00  9.655 0.0000 0.2000E-04 0.1000E+01
1035 0.6637E-03 0.7485E+03 0.1316E-04 0.1500E+02 0.3459E+05 0.8318E+00  9.644 0.0000 0.2000E-04 0.1000E+01
1040 0.6788E-03 0.7455E+03 0.1282E-04 0.1493E+02 0.3457E+05 0.8374E+00  9.633 0.0000 0.2000E-04 0.1000E+01
1045 0.6944E-03 0.7425E+03 0.1248E-04 0.1485E+02 0.3454E+05 0.8430E+00  9.622 0.0000 0.2000E-04 0.1000E+01
1050 0.7103E-03 0.7395E+03 0.1216E-04 0.1478E+02 0.3452E+05 0.8486E+00  9.611 0.0000 0.2000E-04 0.1000E+01
1055 0.7267E-03 0.7364E+03 0.1184E-04 0.1470E+02 0.3449E+05 0.8541E+00  9.600 0.0000 0.2000E-04 0.1000E+01
1060 0.7435E-03 0.7333E+03 0.1152E-04 0.1463E+02 0.3446E+05 0.8597E+00  9.590 0.0000 0.2000E-04 0.1000E+01
1065 0.7608E-03 0.7301E+03 0.1121E-04 0.1455E+02 0.3443E+05 0.8652E+00  9.579 0.0000 0.2000E-04 0.1000E+01
1070 0.7785E-03 0.7270E+03 0.1091E-04 0.1448E+02 0.3440E+05 0.8707E+00  9.568 0.0000 0.2000E-04 0.1000E+01
1075 0.7967E-03 0.7238E+03 0.1062E-04 0.1441E+02 0.3437E+05 0.8762E+00  9.557 0.0000 0.2000E-04 0.1000E+01
1080 0.8153E-03 0.7205E+03 0.1033E-04 0.1434E+02 0.3433E+05 0.8817E+00  9.546 0.0000 0.2000E-04 0.1000E+01
1085 0.8345E-03 0.7173E+03 0.1005E-04 0.1428E+02 0.3429E+05 0.8872E+00  9.535 0.0000 0.2000E-04 0.1000E+01
1090 0.8542E-03 0.7140E+03 0.9770E-05 0.1421E+02 0.3425E+05 0.8926E+00  9.524 0.0000 0.2000E-04 0.1000E+01
1095 0.8744E-03 0.7106E+03 0.9500E-05 0.1414E+02 0.3421E+05 0.8981E+00  9.513 0.0000 0.2000E-04 0.1000E+01
1100 0.8952E-03 0.7073E+03 0.9235E-05 0.1408E+02 0.3417E+05 0.9035E+00  9.502 0.0000 0.2000E-04 0.1000E+01
1105 0.9166E-03 0.7039E+03 0.8978E-05 0.1401E+02 0.3413E+05 0.9089E+00  9.491 0.0000 0.2000E-04 0.1000E+01
1110 0.9385E-03 0.7005E+03 0.8725E-05 0.1395E+02 0.3409E+05 0.9143E+00  9.481 0.0000 0.2000E-04 0.1000E+01
1115 0.9611E-03 0.6970E+03 0.8473E-05 0.1389E+02 0.3404E+05 0.9197E+00  9.470 0.0000 0.2000E-04 0.1000E+01
1120 0.9844E-03 0.6934E+03 0.8228E-05 0.1382E+02 0.3400E+05 0.9251E+00  9.459 0.0000 0.2000E-04 0.1000E+01
1125 0.1008E-02 0.6899E+03 0.7992E-05 0.1376E+02 0.3395E+05 0.9304E+00  9.448 0.0000 0.2000E-04 0.1000E+01
1130 0.1033E-02 0.6864E+03 0.7764E-05 0.1370E+02 0.3390E+05 0.9358E+00  9.437 0.0000 0.2000E-04 0.1000E+01
1135 0.1058E-02 0.6830E+03 0.7545E-05 0.1364E+02 0.3385E+05 0.9413E+00  9.426 0.0000 0.2000E-04 0.1000E+01
1140 0.1084E-02 0.6796E+03 0.7333E-05 0.1359E+02 0.3380E+05 0.9465E+00  9.415 0.0000 0.2000E-04 0.1000E+01
1145 0.1111E-02 0.6763E+03 0.7128E-05 0.1353E+02 0.3375E+05 0.9518E+00  9.404 0.0000 0.2000E-04 0.1000E+01
1150 0.1138E-02 0.6730E+03 0.6930E-05 0.1347E+02 0.3370E+05 0.9570E+00  9.393 0.0000 0.2000E-04 0.1000E+01
1155 0.1166E-02 0.6697E+03 0.6739E-05 0.1341E+02 0.3365E+05 0.9622E+00  9.383 0.0000 0.2000E-04 0.1000E+01
1160 0.1195E-02 0.6664E+03 0.6553E-05 0.1336E+02 0.3359E+05 0.9674E+00  9.372 0.0000 0.2000E-04 0.1000E+01
1165 0.1225E-02 0.6631E+03 0.6372E-05 0.1330E+02 0.3354E+05 0.9726E+00  9.361 0.0000 0.2000E-04 0.1000E+01
1170 0.1255E-02 0.6599E+03 0.6197E-05 0.1325E+02 0.3348E+05 0.9778E+00  9.350 0.0000 0.2000E-04 0.1000E+01
1175 0.1287E-02 0.6566E+03 0.6026E-05 0.1319E+02 0.3343E+05 0.9829E+00  9.339 0.0000 0.2000E-04 0.1000E+01
1180 0.1319E-02 0.6533E+03 0.5859E-05 0.1314E+02 0.3337E+05 0.9880E+00  9.328 0.0000 0.2000E-04 0.1000E+01
1185 0.1352E-02 0.6500E+03 0.5694E-05 0.1309E+02 0.3331E+05 0.9930E+00  9.317 0.0000 0.2000E-04 0.1000E+01
1190 0.1386E-02 0.6466E+03 0.5532E-05 0.1304E+02 0.3325E+05 0.9981E+00  9.306 0.0000 0.2000E-04 0.1000E+01
1195 0.1421E-02 0.6432E+03 0.5375E-05 0.1298E+02 0.3319E+05 0.1003E+01  9.295 0.0000 0.2000E-04 0.1000E+01
1200 0.1457E-02 0.6398E+03 0.5221E-05 0.1293E+02 0.3313E+05 0.1008E+01  9.285 0.0000 0.2000E-04 0.1000E+01
1205 0.1494E-02 0.6364E+03 0.5072E-05 0.1288E+02 0.3307E+05 0.1013E+01  9.274 0.0000 0.2000E-04 0.1000E+01
1210 0.1531E-02 0.6331E+03 0.4927E-05 0.1283E+02 0.3301E+05 0.1018E+01  9.263 0.0000 0.2000E-04 0.1000E+01
1215 0.1570E-02 0.6297E+03 0.4785E-05 0.1278E+02 0.3295E+05 0.1023E+01  9.252 0.0000 0.2000E-04 0.1000E+01
1220 0.1611E-02 0.6262E+03 0.4645E-05 0.1273E+02 0.3289E+05 0.1028E+01  9.241 0.0000 0.2000E-04 0.1000E+01
1225 0.1653E-02 0.6228E+03 0.4508E-05 0.1269E+02 0.3283E+05 0.1033E+01  9.230 0.0000 0.2000E-04 0.1000E+01
1230 0.1696E-02 0.6193E+03 0.4375E-05 0.1264E+02 0.3276E+05 0.1038E+01  9.219 0.0000 0.2000E-04 0.1000E+01
1235 0.1740E-02 0.6158E+03 0.4245E-05 0.1259E+02 0.3270E+05 0.1043E+01  9.208 0.0000 0.2000E-04 0.1000E+01
1240 0.1786E-02 0.6123E+03 0.4118E-05 0.1254E+02 0.3263E+05 0.1048E+01  9.197 0.0000 0.2000E-04 0.1000E+01
1245 0.1833E-02 0.6088E+03 0.3995E-05 0.1250E+02 0.3256E+05 0.1053E+01  9.186 0.0000 0.2000E-04 0.1000E+01
1250 0.1881E-02 0.6052E+03 0.3873E-05 0.1245E+02 0.3250E+05 0.1057E+01  9.175 0.0000 0.2000E-04 0.1000E+01
1255 0.1930E-02 0.6016E+03 0.3754E-05 0.1240E+02 0.3243E+05 0.1062E+01  9.163 0.0000 0.2000E-04 0.1000E+01
1260 0.1982E-02 0.5980E+03 0.3639E-05 0.1236E+02 0.3236E+05 0.1067E+01  9.152 0.0000 0.2000E-04 0.1000E+01
1265 0.2034E-02 0.5944E+03 0.3526E-05 0.1231E+02 0.3229E+05 0.1071E+01  9.141 0.0000 0.2000E-04 0.1000E+01
1270 0.2088E-02 0.5909E+03 0.3417E-05 0.1227E+02 0.3222E+05 0.1076E+01  9.130 0.0000 0.2000E-04 0.1000E+01
1275 0.2144E-02 0.5873E+03 0.3312E-05 0.1223E+02 0.3215E+05 0.1080E+01  9.119 0.0000 0.2000E-04 0.1000E+01
1280 0.2201E-02 0.5837E+03 0.3209E-05 0.1218E+02 0.3208E+05 0.1085E+01  9.108 0.0000 0.2000E-04 0.1000E+01
1285 0.2260E-02 0.5801E+03 0.3109E-05 0.1214E+02 0.3201E+05 0.1089E+01  9.097 0.0000 0.2000E-04 0.1000E+01
1290 0.2321E-02 0.5765E+03 0.3012E-05 0.1210E+02 0.3194E+05 0.1094E+01  9.086 0.0000 0.2000E-04 0.1000E+01
1295 0.2384E-02 0.5730E+03 0.2918E-05 0.1206E+02 0.3187E+05 0.1098E+01  9.075 0.0000 0.2000E-04 0.1000E+01
1300 0.2448E-02 0.5694E+03 0.2827E-05 0.1202E+02 0.3180E+05 0.1103E+01  9.064 0.0000 0.2000E-04 0.1000E+01
1305 0.2514E-02 0.5659E+03 0.2739E-05 0.1197E+02 0.3173E+05 0.1107E+01  9.053 0.0000 0.2000E-04 0.1000E+01
1310 0.2583E-02 0.5624E+03 0.2653E-05 0.1193E+02 0.3165E+05 0.1112E+01  9.042 0.0000 0.2000E-04 0.1000E+01
1315 0.2653E-02 0.5589E+03 0.2570E-05 0.1189E+02 0.3158E+05 0.1116E+01  9.031 0.0000 0.2000E-04 0.1000E+01
1320 0.2725E-02 0.5554E+03 0.2490E-05 0.1185E+02 0.3150E+05 0.1120E+01  9.021 0.0000 0.2000E-04 0.1000E+01
1325 0.2800E-02 0.5519E+03 0.2413E-05 0.1182E+02 0.3143E+05 0.1125E+01  9.010 0.0000 0.2000E-04 0.1000E+01
1330 0.2876E-02 0.5485E+03 0.2338E-05 0.1178E+02 0.3135E+05 0.1129E+01  8.999 0.0000 0.2000E-04 0.1000E+01
1335 0.2955E-02 0.5451E+03 0.2266E-05 0.1174E+02 0.3127E+05 0.1133E+01  8.988 0.0000 0.2000E-04 0.1000E+01
1338 0.3000E-02 0.5433E+03 0.2228E-05 0.1172E+02 0.3123E+05 0.1135E+01  8.982 0.0000 0.2000E-04 0.1000E+01
1340 0.3033E-02 0.5419E+03 0.2200E-05 0.1170E+02 0.3120E+05 0.1137E+01  8.977 0.0000 0.2000E-04 0.1000E+01
1345 0.3116E-02 0.5386E+03 0.2134E-05 0.1167E+02 0.3112E+05 0.1141E+01  8.966 0.0000 0.2000E-04 0.1000E+01
1350 0.3202E-02 0.5354E+03 0.2069E-05 0.1163E+02 0.3104E+05 0.1145E+01  8.955 0.0000 0.2000E-04 0.1000E+01
1355 0.3290E-02 0.5321E+03 0.2006E-05 0.1159E+02 0.3096E+05 0.1149E+01  8.944 0.0000 0.2000E-04 0.1000E+01
1360 0.3381E-02 0.5289E+03 0.1946E-05 0.1156E+02 0.3088E+05 0.1153E+01  8.933 0.0000 0.2000E-04 0.1000E+01
1365 0.3475E-02 0.5257E+03 0.1887E-05 0.1152E+02 0.3080E+05 0.1157E+01  8.922 0.0000 0.2000E-04 0.1000E+01
1370 0.3571E-02 0.5225E+03 0.1830E-05 0.1148E+02 0.3072E+05 0.1161E+01  8.912 0.0000 0.2000E-04 0.1000E+01
1375 0.3670E-02 0.5193E+03 0.1775E-05 0.1145E+02 0.3064E+05 0.1165E+01  8.901 0.0000 0.2000E-04 0.1000E+01
1380 0.3771E-02 0.5161E+03 0.1721E-05 0.1141E+02 0.3055E+05 0.1169E+01  8.890 0.0000 0.2000E-04 0.1000E+01
1385 0.3876E-02 0.5130E+03 0.1670E-05 0.1138E+02 0.3047E+05 0.1173E+01  8.879 0.0000 0.2000E-04 0.1000E+01
1390 0.3983E-02 0.5098E+03 0.1620E-05 0.1134E+02 0.3039E+05 0.1177E+01  8.868 0.0000 0.2000E-04 0.1000E+01
1395 0.4094E-02 0.5067E+03 0.1571E-05 0.1131E+02 0.3031E+05 0.1181E+01  8.857 0.0000 0.2000E-04 0.1000E+01
1400 0.4209E-02 0.5036E+03 0.1523E-05 0.1128E+02 0.3022E+05 0.1185E+01  8.846 0.0000 0.2000E-04 0.1000E+01
1405 0.4328E-02 0.5004E+03 0.1477E-05 0.1124E+02 0.3014E+05 0.1188E+01  8.835 0.0000 0.2000E-04 0.1000E+01
1410 0.4450E-02 0.4973E+03 0.1431E-05 0.1121E+02 0.3006E+05 0.1192E+01  8.824 0.0000 0.2000E-04 0.1000E+01
1415 0.4575E-02 0.4942E+03 0.1388E-05 0.1118E+02 0.2998E+05 0.1195E+01  8.813 0.0000 0.2000E-04 0.1000E+01
1420 0.4704E-02 0.4911E+03 0.1345E-05 0.1114E+02 0.2989E+05 0.1199E+01  8.801 0.0000 0.2000E-04 0.1000E+01
1425 0.4836E-02 0.4880E+03 0.1304E-05 0.1111E+02 0.2981E+05 0.1202E+01  8.790 0.0000 0.2000E-04 0.1000E+01
1430 0.4973E-02 0.4849E+03 0.1264E-05 0.1108E+02 0.2973E+05 0.1206E+01  8.779 0.0000 0.2000E-04 0.1000E+01
1435 0.5113E-02 0.4819E+03 0.1226E-05 0.1105E+02 0.2965E+05 0.1209E+01  8.768 0.0000 0.2000E-04 0.1000E+01
1440 0.5257E-02 0.4788E+03 0.1188E-05 0.1102E+02 0.2956E+05 0.1212E+01  8.757 0.0000 0.2000E-04 0.1000E+01
1445 0.5406E-02 0.4758E+03 0.1151E-05 0.1098E+02 0.2948E+05 0.1216E+01  8.746 0.0000 0.2000E-04 0.1000E+01
1450 0.5558E-02 0.4727E+03 0.1116E-05 0.1095E+02 0.2940E+05 0.1219E+01  8.735 0.0000 0.2000E-04 0.1000E+01
1455 0.5715E-02 0.4697E+03 0.1082E-05 0.1092E+02 0.2931E+05 0.1223E+01  8.724 0.0000 0.2000E-04 0.1000E+01
1460 0.5877E-02 0.4667E+03 0.1048E-05 0.1089E+02 0.2922E+05 0.1226E+01  8.713 0.0000 0.2000E-04 0.1000E+01
1465 0.6043E-02 0.4637E+03 0.1016E-05 0.1086E+02 0.2913E+05 0.1229E+01  8.702 0.0000 0.2000E-04 0.1000E+01
1470 0.6213E-02 0.4607E+03 0.9843E-06 0.1083E+02 0.2904E+05 0.1233E+01  8.691 0.0000 0.2000E-04 0.1000E+01
1475 0.6388E-02 0.4577E+03 0.9538E-06 0.1080E+02 0.2896E+05 0.1236E+01  8.680 0.0000 0.2000E-04 0.1000E+01
1480 0.6567E-02 0.4548E+03 0.9245E-06 0.1077E+02 0.2887E+05 0.1239E+01  8.669 0.0000 0.2000E-04 0.1000E+01
1485 0.6751E-02 0.4518E+03 0.8962E-06 0.1075E+02 0.2878E+05 0.1242E+01  8.658 0.0000 0.2000E-04 0.1000E+01
1490 0.6940E-02 0.4489E+03 0.8686E-06 0.1072E+02 0.2869E+05 0.1246E+01  8.647 0.0000 0.2000E-04 0.1000E+01
1495 0.7134E-02 0.4460E+03 0.8418E-06 0.1069E+02 0.2861E+05 0.1249E+01  8.637 0.0000 0.2000E-04 0.1000E+01
1500 0.7335E-02 0.4431E+03 0.8159E-06 0.1066E+02 0.2852E+05 0.1252E+01  8.626 0.0000 0.2000E-04 0.1000E+01
1505 0.7541E-02 0.4402E+03 0.7907E-06 0.1063E+02 0.2843E+05 0.1255E+01  8.615 0.0000 0.2000E-04 0.1000E+01
1510 0.7753E-02 0.4373E+03 0.7662E-06 0.1060E+02 0.2834E+05 0.1259E+01  8.604 0.0000 0.2000E-04 0.1000E+01
1515 0.7971E-02 0.4345E+03 0.7425E-06 0.1058E+02 0.2825E+05 0.1262E+01  8.593 0.0000 0.2000E-04 0.1000E+01
1520 0.8195E-02 0.4316E+03 0.7193E-06 0.1055E+02 0.2816E+05 0.1265E+01  8.582 0.0000 0.2000E-04 0.1000E+01
1525 0.8427E-02 0.4287E+03 0.6969E-06 0.1052E+02 0.2807E+05 0.1268E+01  8.571 0.0000 0.2000E-04 0.1000E+01
1530 0.8665E-02 0.4259E+03 0.6751E-06 0.1050E+02 0.2797E+05 0.1272E+01  8.560 0.0000 0.2000E-04 0.1000E+01
1535 0.8910E-02 0.4231E+03 0.6540E-06 0.1047E+02 0.2788E+05 0.1275E+01  8.549 0.0000 0.2000E-04 0.1000E+01
1540 0.9163E-02 0.4202E+03 0.6335E-06 0.1044E+02 0.2779E+05 0.1278E+01  8.539 0.0000 0.2000E-04 0.1000E+01
1545 0.9423E-02 0.4174E+03 0.6136E-06 0.1042E+02 0.2770E+05 0.1281E+01  8.528 0.0000 0.2000E-04 0.1000E+01
1550 0.9690E-02 0.4146E+03 0.5943E-06 0.1039E+02 0.2761E+05 0.1284E+01  8.517 0.0000 0.2000E-04 0.1000E+01
1555 0.9966E-02 0.4118E+03 0.5755E-06 0.1036E+02 0.2751E+05 0.1287E+01  8.506 0.0000 0.2000E-04 0.1000E+01
1560 0.1025E-01 0.4090E+03 0.5574E-06 0.1034E+02 0.2742E+05 0.1290E+01  8.495 0.0000 0.2000E-04 0.1000E+01
1565 0.1054E-01 0.4063E+03 0.5397E-06 0.1031E+02 0.2733E+05 0.1293E+01  8.484 0.0000 0.2000E-04 0.1000E+01
1570 0.1084E-01 0.4035E+03 0.5226E-06 0.1029E+02 0.2723E+05 0.1296E+01  8.473 0.0000 0.2000E-04 0.1000E+01
1575 0.1115E-01 0.4007E+03 0.5059E-06 0.1026E+02 0.2714E+05 0.1299E+01  8.462 0.0000 0.2000E-04 0.1000E+01
1580 0.1147E-01 0.3980E+03 0.4898E-06 0.1024E+02 0.2705E+05 0.1303E+01  8.451 0.0000 0.2000E-04 0.1000E+01
1585 0.1180E-01 0.3953E+03 0.4742E-06 0.1021E+02 0.2696E+05 0.1306E+01  8.440 0.0000 0.2000E-04 0.1000E+01
1590 0.1214E-01 0.3925E+03 0.4591E-06 0.1019E+02 0.2686E+05 0.1309E+01  8.430 0.0000 0.2000E-04 0.1000E+01
1595 0.1248E-01 0.3898E+03 0.4444E-06 0.1016E+02 0.2677E+05 0.1312E+01  8.419 0.0000 0.2000E-04 0.1000E+01
1600 0.1284E-01 0.3871E+03 0.4302E-06 0.1014E+02 0.2667E+05 0.1315E+01  8.408 0.0000 0.2000E-04 0.1000E+01
1605 0.1321E-01 0.3845E+03 0.4164E-06 0.1012E+02 0.2658E+05 0.1318E+01  8.397 0.0000 0.2000E-04 0.1000E+01
1610 0.1359E-01 0.3818E+03 0.4030E-06 0.1009E+02 0.2649E+05 0.1322E+01  8.386 0.0000 0.2000E-04 0.1000E+01
1615 0.1398E-01 0.3791E+03 0.3901E-06 0.1007E+02 0.2639E+05 0.1325E+01  8.375 0.0000 0.2000E-04 0.1000E+01
1620 0.1438E-01 0.3765E+03 0.3775E-06 0.1004E+02 0.2630E+05 0.1328E+01  8.364 0.0000 0.2000E-04 0.1000E+01
1625 0.1479E-01 0.3739E+03 0.3653E-06 0.1002E+02 0.2620E+05 0.1332E+01  8.353 0.0000 0.2000E-04 0.1000E+01
1630 0.1522E-01 0.3712E+03 0.3535E-06 0.9997E+01 0.2611E+05 0.1335E+01  8.343 0.0000 0.2000E-04 0.1000E+01
1635 0.1566E-01 0.3686E+03 0.3421E-06 0.9974E+01 0.2601E+05 0.1338E+01  8.332 0.0000 0.2000E-04 0.1000E+01
1640 0.1612E-01 0.3660E+03 0.3310E-06 0.9951E+01 0.2592E+05 0.1341E+01  8.321 0.0000 0.2000E-04 0.1000E+01
1645 0.1658E-01 0.3634E+03 0.3202E-06 0.9928E+01 0.2582E+05 0.1345E+01  8.310 0.0000 0.2000E-04 0.1000E+01
1650 0.1706E-01 0.3608E+03 0.3098E-06 0.9905E+01 0.2572E+05 0.1348E+01  8.299 0.0000 0.2000E-04 0.1000E+01
1655 0.1756E-01 0.3583E+03 0.2997E-06 0.9882E+01 0.2561E+05 0.1352E+01  8.288 0.0000 0.2000E-04 0.1000E+01
1660 0.1807E-01 0.3557E+03 0.2899E-06 0.9860E+01 0.2550E+05 0.1356E+01  8.277 0.0000 0.2000E-04 0.1000E+01
1665 0.1860E-01 0.3532E+03 0.2804E-06 0.9837E+01 0.2540E+05 0.1359E+01  8.266 0.0000 0.2000E-04 0.1000E+01
1670 0.1914E-01 0.3506E+03 0.2712E-06 0.9815E+01 0.2530E+05 0.1363E+01  8.256 0.0000 0.2000E-04 0.1000E+01
1675 0.1970E-01 0.3481E+03 0.2623E-06 0.9793E+01 0.2520E+05 0.1366E+01  8.245 0.0000 0.2000E-04 0.1000E+01
1680 0.2028E-01 0.3456E+03 0.2536E-06 0.9771E+01 0.2509E+05 0.1370E+01  8.234 0.0000 0.2000E-04 0.1000E+01
1685 0.2087E-01 0.3431E+03 0.2453E-06 0.9749E+01 0.2499E+05 0.1374E+01  8.223 0.0000 0.2000E-04 0.1000E+01
1690 0.2148E-01 0.3406E+03 0.2372E-06 0.9728E+01 0.2489E+05 0.1377E+01  8.212 0.0000 0.2000E-04 0.1000E+01
1695 0.2212E-01 0.3381E+03 0.2294E-06 0.9706E+01 0.2479E+05 0.1381E+01  8.201 0.0000 0.2000E-04 0.1000E+01
1700 0.2277E-01 0.3357E+03 0.2218E-06 0.9685E+01 0.2470E+05 0.1384E+01  8.190 0.0000 0.2000E-04 0.1000E+01
1705 0.2344E-01 0.3332E+03 0.2144E-06 0.9664E+01 0.2460E+05 0.1388E+01  8.179 0.0000 0.2000E-04 0.1000E+01
1710 0.2413E-01 0.3309E+03 0.2075E-06 0.9643E+01 0.2450E+05 0.1392E+01  8.169 0.0000 0.2000E-04 0.1000E+01
1715 0.2484E-01 0.3287E+03 0.2012E-06 0.9622E+01 0.2441E+05 0.1395E+01  8.158 0.0000 0.2000E-04 0.1000E+01
1720 0.2557E-01 0.3265E+03 0.1951E-06 0.9601E+01 0.2431E+05 0.1399E+01  8.147 0.0000 0.2000E-04 0.1000E+01
1725 0.2632E-01 0.3243E+03 0.1892E-06 0.9581E+01 0.2422E+05 0.1402E+01  8.136 0.0000 0.2000E-04 0.1000E+01
1730 0.2709E-01 0.3222E+03 0.1834E-06 0.9561E+01 0.2412E+05 0.1406E+01  8.125 0.0000 0.2000E-04 0.1000E+01
1735 0.2789E-01 0.3200E+03 0.1777E-06 0.9540E+01 0.2403E+05 0.1410E+01  8.114 0.0000 0.2000E-04 0.1000E+01
1740 0.2870E-01 0.3179E+03 0.1723E-06 0.9520E+01 0.2394E+05 0.1413E+01  8.104 0.0000 0.2000E-04 0.1000E+01
1745 0.2954E-01 0.3157E+03 0.1670E-06 0.9500E+01 0.2384E+05 0.1417E+01  8.093 0.0000 0.2000E-04 0.1000E+01
1750 0.3041E-01 0.3136E+03 0.1618E-06 0.9480E+01 0.2374E+05 0.1421E+01  8.082 0.0000 0.2000E-04 0.1000E+01
1755 0.3130E-01 0.3115E+03 0.1568E-06 0.9461E+01 0.2364E+05 0.1425E+01  8.071 0.0000 0.2000E-04 0.1000E+01
1760 0.3221E-01 0.3093E+03 0.1520E-06 0.9441E+01 0.2354E+05 0.1429E+01  8.060 0.0000 0.2000E-04 0.1000E+01
1765 0.3315E-01 0.3072E+03 0.1473E-06 0.9421E+01 0.2345E+05 0.1432E+01  8.049 0.0000 0.2000E-04 0.1000E+01
1770 0.3412E-01 0.3052E+03 0.1428E-06 0.9402E+01 0.2335E+05 0.1436E+01  8.039 0.0000 0.2000E-04 0.1000E+01
1775 0.3511E-01 0.3031E+03 0.1384E-06 0.9383E+01 0.2326E+05 0.1440E+01  8.028 0.0000 0.2000E-04 0.1000E+01
1780 0.3613E-01 0.3010E+03 0.1341E-06 0.9364E+01 0.2316E+05 0.1444E+01  8.017 0.0000 0.2000E-04 0.1000E+01
1785 0.3718E-01 0.2990E+03 0.1300E-06 0.9345E+01 0.2307E+05 0.1447E+01  8.006 0.0000 0.2000E-04 0.1000E+01
1790 0.3826E-01 0.2970E+03 0.1260E-06 0.9326E+01 0.2298E+05 0.1451E+01  7.995 0.0000 0.2000E-04 0.1000E+01
1795 0.3937E-01 0.2950E+03 0.1222E-06 0.9308E+01 0.2289E+05 0.1455E+01  7.984 0.0000 0.2000E-04 0.1000E+01
1800 0.4051E-01 0.2930E+03 0.1184E-06 0.9289E+01 0.2280E+05 0.1459E+01  7.973 0.0000 0.2000E-04 0.1000E+01
1805 0.4168E-01 0.2910E+03 0.1148E-06 0.9271E+01 0.2272E+05 0.1462E+01  7.963 0.0000 0.2000E-04 0.1000E+01
1810 0.4288E-01 0.2890E+03 0.1113E-06 0.9253E+01 0.2263E+05 0.1466E+01  7.952 0.0000 0.2000E-04 0.1000E+01
1815 0.4412E-01 0.2871E+03 0.1079E-06 0.9235E+01 0.2254E+05 0.1470E+01  7.941 0.0000 0.2000E-04 0.1000E+01
1820 0.4539E-01 0.2851E+03 0.1046E-06 0.9217E+01 0.2246E+05 0.1473E+01  7.930 0.0000 0.2000E-04 0.1000E+01
1825 0.4670E-01 0.2832E+03 0.1014E-06 0.9199E+01 0.2237E+05 0.1477E+01  7.919 0.0000 0.2000E-04 0.1000E+01
1830 0.4804E-01 0.2813E+03 0.9832E-07 0.9181E+01 0.2229E+05 0.1480E+01  7.908 0.0000 0.2000E-04 0.1000E+01
1835 0.4942E-01 0.2794E+03 0.9532E-07 0.9164E+01 0.2221E+05 0.1484E+01  7.898 0.0000 0.2000E-04 0.1000E+01
1838 0.5000E-01 0.2786E+03 0.9413E-07 0.9157E+01 0.2217E+05 0.1485E+01  7.893 0.0000 0.2000E-04 0.1000E+01
1840 0.5057E-01 0.2779E+03 0.9298E-07 0.9150E+01 0.2214E+05 0.1487E+01  7.889 0.0000 0.2000E-04 0.1000E+01
1845 0.5202E-01 0.2760E+03 0.9015E-07 0.9133E+01 0.2206E+05 0.1490E+01  7.878 0.0000 0.2000E-04 0.1000E+01
1850 0.5351E-01 0.2741E+03 0.8740E-07 0.9116E+01 0.2198E+05 0.1494E+01  7.867 0.0000 0.2000E-04 0.1000E+01
1855 0.5504E-01 0.2723E+03 0.8473E-07 0.9098E+01 0.2191E+05 0.1497E+01  7.856 0.0000 0.2000E-04 0.1000E+01
1860 0.5662E-01 0.2704E+03 0.8214E-07 0.9082E+01 0.2183E+05 0.1501E+01  7.845 0.0000 0.2000E-04 0.1000E+01
1865 0.5824E-01 0.2686E+03 0.7963E-07 0.9065E+01 0.2176E+05 0.1504E+01  7.834 0.0000 0.2000E-04 0.1000E+01
1870 0.5990E-01 0.2667E+03 0.7719E-07 0.9048E+01 0.2168E+05 0.1508E+01  7.824 0.0000 0.2000E-04 0.1000E+01
1875 0.6161E-01 0.2649E+03 0.7483E-07 0.9032E+01 0.2160E+05 0.1511E+01  7.813 0.0000 0.2000E-04 0.1000E+01
1880 0.6337E-01 0.2631E+03 0.7253E-07 0.9015E+01 0.2153E+05 0.1515E+01  7.802 0.0000 0.2000E-04 0.1000E+01
1885 0.6518E-01 0.2613E+03 0.7031E-07 0.8999E+01 0.2145E+05 0.1518E+01  7.791 0.0000 0.2000E-04 0.1000E+01
1890 0.6703E-01 0.2595E+03 0.6815E-07 0.8983E+01 0.2138E+05 0.1522E+01  7.780 0.0000 0.2000E-04 0.1000E+01
1895 0.6894E-01 0.2577E+03 0.6606E-07 0.8967E+01 0.2130E+05 0.1525E+01  7.769 0.0000 0.2000E-04 0.1000E+01
1898 0.7000E-01 0.2568E+03 0.6495E-07 0.8958E+01 0.2126E+05 0.1527E+01  7.763 0.0000 0.2000E-04 0.1000E+01
1900 0.7079E-01 0.2560E+03 0.6414E-07 0.8951E+01 0.2123E+05 0.1529E+01  7.759 0.0000 0.2000E-04 0.1000E+01
1905 0.7280E-01 0.2543E+03 0.6217E-07 0.8936E+01 0.2115E+05 0.1532E+01  7.748 0.0000 0.2000E-04 0.1000E+01
1910 0.7486E-01 0.2525E+03 0.6025E-07 0.8920E+01 0.2108E+05 0.1536E+01  7.737 0.0000 0.2000E-04 0.1000E+01
1915 0.7698E-01 0.2508E+03 0.5840E-07 0.8904E+01 0.2100E+05 0.1539E+01  7.726 0.0000 0.2000E-04 0.1000E+01
1920 0.7917E-01 0.2490E+03 0.5661E-07 0.8889E+01 0.2093E+05 0.1543E+01  7.716 0.0000 0.2000E-04 0.1000E+01
1925 0.8141E-01 0.2473E+03 0.5487E-07 0.8873E+01 0.2085E+05 0.1546E+01  7.705 0.0000 0.2000E-04 0.1000E+01
1930 0.8371E-01 0.2456E+03 0.5319E-07 0.8858E+01 0.2078E+05 0.1550E+01  7.694 0.0000 0.2000E-04 0.1000E+01
1935 0.8608E-01 0.2439E+03 0.5155E-07 0.8843E+01 0.2070E+05 0.1553E+01  7.683 0.0000 0.2000E-04 0.1000E+01
1940 0.8851E-01 0.2422E+03 0.4997E-07 0.8828E+01 0.2063E+05 0.1556E+01  7.672 0.0000 0.2000E-04 0.1000E+01
1945 0.9101E-01 0.2406E+03 0.4844E-07 0.8813E+01 0.2055E+05 0.1560E+01  7.661 0.0000 0.2000E-04 0.1000E+01
1950 0.9358E-01 0.2389E+03 0.4695E-07 0.8798E+01 0.2048E+05 0.1563E+01  7.650 0.0000 0.2000E-04 0.1000E+01
1955 0.9622E-01 0.2372E+03 0.4551E-07 0.8783E+01 0.2040E+05 0.1567E+01  7.640 0.0000 0.2000E-04 0.1000E+01
1960 0.9893E-01 0.2356E+03 0.4413E-07 0.8768E+01 0.2033E+05 0.1570E+01  7.629 0.0000 0.2000E-04 0.1000E+01
1962 0.1000E+00 0.2350E+03 0.4360E-07 0.8763E+01 0.2031E+05 0.1571E+01  7.625 0.0000 0.2000E-04 0.1000E+01
1965 0.1017E+00 0.2340E+03 0.4280E-07 0.8754E+01 0.2027E+05 0.1573E+01  7.618 0.0000 0.2000E-04 0.1000E+01
1970 0.1045E+00 0.2324E+03 0.4150E-07 0.8739E+01 0.2020E+05 0.1577E+01  7.607 0.0000 0.2000E-04 0.1000E+01
1975 0.1075E+00 0.2308E+03 0.4024E-07 0.8725E+01 0.2013E+05 0.1580E+01  7.596 0.0000 0.2000E-04 0.1000E+01
1980 0.1105E+00 0.2292E+03 0.3903E-07 0.8711E+01 0.2006E+05 0.1584E+01  7.585 0.0000 0.2000E-04 0.1000E+01
1985 0.1136E+00 0.2277E+03 0.3785E-07 0.8696E+01 0.1999E+05 0.1587E+01  7.574 0.0000 0.2000E-04 0.1000E+01
1990 0.1168E+00 0.2261E+03 0.3672E-07 0.8682E+01 0.1992E+05 0.1590E+01  7.564 0.0000 0.2000E-04 0.1000E+01
1995 0.1200E+00 0.2246E+03 0.3562E-07 0.8668E+01 0.1985E+05 0.1594E+01  7.553 0.0000 0.2000E-04 0.1000E+01
2000 0.1234E+00 0.2231E+03 0.3456E-07 0.8654E+01 0.1978E+05 0.1597E+01  7.542 0.0000 0.2000E-04 0.1000E+01
2005 0.1268E+00 0.2216E+03 0.3354E-07 0.8640E+01 0.1970E+05 0.1600E+01  7.531 0.0000 0.2000E-04 0.1000E+01
2010 0.1304E+00 0.2201E+03 0.3255E-07 0.8626E+01 0.1963E+05 0.1604E+01  7.520 0.0000 0.2000E-04 0.1000E+01
2015 0.1340E+00 0.2187E+03 0.3159E-07 0.8613E+01 0.1956E+05 0.1607E+01  7.509 0.0000 0.2000E-04 0.1000E+01
2020 0.1377E+00 0.2172E+03 0.3067E-07 0.8599E+01 0.1949E+05 0.1611E+01  7.498 0.0000 0.2000E-04 0.1000E+01
2025 0.1415E+00 0.2158E+03 0.2978E-07 0.8585E+01 0.1942E+05 0.1614E+01  7.488 0.0000 0.2000E-04 0.1000E+01
2030 0.1454E+00 0.2144E+03 0.2893E-07 0.8572E+01 0.1934E+05 0.1618E+01  7.477 0.0000 0.2000E-04 0.1000E+01
2035 0.1494E+00 0.2130E+03 0.2810E-07 0.8558E+01 0.1927E+05 0.1621E+01  7.466 0.0000 0.2000E-04 0.1000E+01
2036 0.1500E+00 0.2128E+03 0.2797E-07 0.8556E+01 0.1926E+05 0.1622E+01  7.464 0.0000 0.2000E-04 0.1000E+01
2040 0.1533E+00 0.2117E+03 0.2733E-07 0.8546E+01 0.1920E+05 0.1624E+01  7.455 0.0000 0.2000E-04 0.1000E+01
2045 0.1575E+00 0.2104E+03 0.2656E-07 0.8532E+01 0.1913E+05 0.1628E+01  7.445 0.0000 0.2000E-04 0.1000E+01
2050 0.1618E+00 0.2091E+03 0.2582E-07 0.8519E+01 0.1905E+05 0.1631E+01  7.434 0.0000 0.2000E-04 0.1000E+01
2055 0.1662E+00 0.2078E+03 0.2510E-07 0.8506E+01 0.1898E+05 0.1635E+01  7.423 0.0000 0.2000E-04 0.1000E+01
2060 0.1707E+00 0.2065E+03 0.2441E-07 0.8493E+01 0.1890E+05 0.1638E+01  7.412 0.0000 0.2000E-04 0.1000E+01
2065 0.1753E+00 0.2052E+03 0.2374E-07 0.8480E+01 0.1882E+05 0.1642E+01  7.401 0.0000 0.2000E-04 0.1000E+01
2070 0.1800E+00 0.2039E+03 0.2309E-07 0.8467E+01 0.1875E+05 0.1645E+01  7.390 0.0000 0.2000E-04 0.1000E+01
2075 0.1848E+00 0.2027E+03 0.2247E-07 0.8454E+01 0.1867E+05 0.1649E+01  7.379 0.0000 0.2000E-04 0.1000E+01
2080 0.1898E+00 0.2015E+03 0.2187E-07 0.8441E+01 0.1859E+05 0.1652E+01  7.368 0.0000 0.2000E-04 0.1000E+01
2085 0.1949E+00 0.2003E+03 0.2131E-07 0.8428E+01 0.1852E+05 0.1656E+01  7.358 0.0000 0.2000E-04 0.1000E+01
2090 0.2000E+00 0.1992E+03 0.2079E-07 0.8416E+01 0.1844E+05 0.1659E+01  7.347 0.0000 0.2000E-04 0.1000E+01
2090 0.2000E+00 0.1992E+03 0.2079E-07 0.8416E+01 0.1844E+05 0.1659E+01  7.347 0.0000 0.2000E-04 0.1000E+01
2095 0.2053E+00 0.1981E+03 0.2027E-07 0.8403E+01 0.1836E+05 0.1663E+01  7.336 0.0000 0.2000E-04 0.1000E+01
2100 0.2107E+00 0.1971E+03 0.1977E-07 0.8390E+01 0.1828E+05 0.1667E+01  7.325 0.0000 0.2000E-04 0.1000E+01
2105 0.2162E+00 0.1960E+03 0.1929E-07 0.8378E+01 0.1820E+05 0.1670E+01  7.314 0.0000 0.2000E-04 0.1000E+01
2110 0.2218E+00 0.1949E+03 0.1881E-07 0.8365E+01 0.1813E+05 0.1674E+01  7.303 0.0000 0.2000E-04 0.1000E+01
2115 0.2275E+00 0.1937E+03 0.1827E-07 0.8352E+01 0.1804E+05 0.1678E+01  7.290 0.0000 0.2000E-04 0.1000E+01
2120 0.2333E+00 0.1927E+03 0.1787E-07 0.8340E+01 0.1796E+05 0.1681E+01  7.281 0.0000 0.2000E-04 0.1000E+01
2125 0.2393E+00 0.1917E+03 0.1743E-07 0.8327E+01 0.1788E+05 0.1685E+01  7.270 0.0000 0.2000E-04 0.1000E+01
2130 0.2454E+00 0.1907E+03 0.1701E-07 0.8315E+01 0.1780E+05 0.1689E+01  7.259 0.0000 0.2000E-04 0.1000E+01
2134 0.2500E+00 0.1899E+03 0.1671E-07 0.8306E+01 0.1774E+05 0.1691E+01  7.251 0.0000 0.2000E-04 0.1000E+01
2135 0.2512E+00 0.1897E+03 0.1663E-07 0.8304E+01 0.1773E+05 0.1692E+01  7.249 0.0000 0.2000E-04 0.1000E+01
2140 0.2576E+00 0.1887E+03 0.1622E-07 0.8292E+01 0.1765E+05 0.1696E+01  7.238 0.0000 0.2000E-04 0.1000E+01
2145 0.2640E+00 0.1877E+03 0.1583E-07 0.8280E+01 0.1757E+05 0.1699E+01  7.227 0.0000 0.2000E-04 0.1000E+01
2150 0.2706E+00 0.1867E+03 0.1545E-07 0.8268E+01 0.1749E+05 0.1703E+01  7.216 0.0000 0.2000E-04 0.1000E+01
2155 0.2773E+00 0.1857E+03 0.1508E-07 0.8256E+01 0.1741E+05 0.1707E+01  7.205 0.0000 0.2000E-04 0.1000E+01
2160 0.2841E+00 0.1847E+03 0.1472E-07 0.8244E+01 0.1732E+05 0.1710E+01  7.194 0.0000 0.2000E-04 0.1000E+01
2165 0.2911E+00 0.1837E+03 0.1437E-07 0.8232E+01 0.1723E+05 0.1714E+01  7.184 0.0000 0.2000E-04 0.1000E+01
2170 0.2982E+00 0.1827E+03 0.1402E-07 0.8220E+01 0.1714E+05 0.1718E+01  7.173 0.0000 0.2000E-04 0.1000E+01
2172 0.3000E+00 0.1825E+03 0.1394E-07 0.8218E+01 0.1712E+05 0.1719E+01  7.170 0.0000 0.2000E-04 0.1000E+01
2175 0.3044E+00 0.1819E+03 0.1373E-07 0.8211E+01 0.1707E+05 0.1721E+01  7.163 0.0000 0.2000E-04 0.1000E+01
2180 0.3117E+00 0.1809E+03 0.1340E-07 0.8199E+01 0.1698E+05 0.1725E+01  7.153 0.0000 0.2000E-04 0.1000E+01
2185 0.3193E+00 0.1799E+03 0.1308E-07 0.8187E+01 0.1689E+05 0.1728E+01  7.142 0.0000 0.2000E-04 0.1000E+01
2190 0.3270E+00 0.1790E+03 0.1277E-07 0.8176E+01 0.1681E+05 0.1732E+01  7.131 0.0000 0.2000E-04 0.1000E+01
2195 0.3348E+00 0.1780E+03 0.1246E-07 0.8164E+01 0.1672E+05 0.1736E+01  7.120 0.0000 0.2000E-04 0.1000E+01
2200 0.3428E+00 0.1770E+03 0.1216E-07 0.8153E+01 0.1664E+05 0.1740E+01  7.109 0.0000 0.2000E-04 0.1000E+01
2205 0.3500E+00 0.1762E+03 0.1191E-07 0.8143E+01 0.1657E+05 0.1743E+01  7.100 0.0000 0.2000E-04 0.1000E+01
2205 0.3500E+00 0.1762E+03 0.1191E-07 0.8143E+01 0.1657E+05 0.1743E+01  7.100 0.0000 0.2000E-04 0.1000E+01
2210 0.3583E+00 0.1753E+03 0.1162E-07 0.8132E+01 0.1649E+05 0.1747E+01  7.089 0.0000 0.2000E-04 0.1000E+01
2215 0.3668E+00 0.1743E+03 0.1134E-07 0.8121E+01 0.1641E+05 0.1750E+01  7.078 0.0000 0.2000E-04 0.1000E+01
2220 0.3754E+00 0.1734E+03 0.1107E-07 0.8109E+01 0.1632E+05 0.1754E+01  7.067 0.0000 0.2000E-04 0.1000E+01
2225 0.3843E+00 0.1725E+03 0.1080E-07 0.8098E+01 0.1624E+05 0.1758E+01  7.056 0.0000 0.2000E-04 0.1000E+01
2230 0.3933E+00 0.1715E+03 0.1055E-07 0.8087E+01 0.1616E+05 0.1761E+01  7.045 0.0000 0.2000E-04 0.1000E+01
2234 0.4000E+00 0.1709E+03 0.1036E-07 0.8079E+01 0.1610E+05 0.1764E+01  7.037 0.0000 0.2000E-04 0.1000E+01
2235 0.4018E+00 0.1707E+03 0.1031E-07 0.8077E+01 0.1609E+05 0.1765E+01  7.035 0.0000 0.2000E-04 0.1000E+01
2240 0.4112E+00 0.1698E+03 0.1006E-07 0.8066E+01 0.1601E+05 0.1768E+01  7.024 0.0000 0.2000E-04 0.1000E+01
2245 0.4207E+00 0.1689E+03 0.9823E-08 0.8055E+01 0.1593E+05 0.1772E+01  7.013 0.0000 0.2000E-04 0.1000E+01
2250 0.4304E+00 0.1679E+03 0.9588E-08 0.8044E+01 0.1585E+05 0.1775E+01  7.002 0.0000 0.2000E-04 0.1000E+01
2255 0.4403E+00 0.1670E+03 0.9359E-08 0.8033E+01 0.1577E+05 0.1779E+01  6.991 0.0000 0.2000E-04 0.1000E+01
2260 0.4500E+00 0.1662E+03 0.9145E-08 0.8023E+01 0.1569E+05 0.1782E+01  6.981 0.0000 0.2000E-04 0.1000E+01
2260 0.4500E+00 0.1662E+03 0.9145E-08 0.8023E+01 0.1569E+05 0.1782E+01  6.981 0.0000 0.2000E-04 0.1000E+01
2265 0.4603E+00 0.1653E+03 0.8926E-08 0.8012E+01 0.1561E+05 0.1786E+01  6.970 0.0000 0.2000E-04 0.1000E+01
2270 0.4708E+00 0.1644E+03 0.8713E-08 0.8002E+01 0.1553E+05 0.1790E+01  6.959 0.0000 0.2000E-04 0.1000E+01
2275 0.4814E+00 0.1635E+03 0.8506E-08 0.7991E+01 0.1546E+05 0.1793E+01  6.948 0.0000 0.2000E-04 0.1000E+01
2280 0.4923E+00 0.1627E+03 0.8303E-08 0.7981E+01 0.1538E+05 0.1797E+01  6.938 0.0000 0.2000E-04 0.1000E+01
2284 0.5000E+00 0.1620E+03 0.8165E-08 0.7974E+01 0.1533E+05 0.1799E+01  6.930 0.0000 0.2000E-04 0.1000E+01
2285 0.5022E+00 0.1619E+03 0.8125E-08 0.7971E+01 0.1531E+05 0.1800E+01  6.928 0.0000 0.2000E-04 0.1000E+01
2290 0.5135E+00 0.1610E+03 0.7931E-08 0.7961E+01 0.1524E+05 0.1803E+01  6.917 0.0000 0.2000E-04 0.1000E+01
2295 0.5251E+00 0.1601E+03 0.7740E-08 0.7951E+01 0.1517E+05 0.1807E+01  6.906 0.0000 0.2000E-04 0.1000E+01
2300 0.5368E+00 0.1593E+03 0.7555E-08 0.7941E+01 0.1509E+05 0.1810E+01  6.895 0.0000 0.2000E-04 0.1000E+01
2305 0.5488E+00 0.1584E+03 0.7373E-08 0.7930E+01 0.1502E+05 0.1814E+01  6.884 0.0000 0.2000E-04 0.1000E+01
2306 0.5500E+00 0.1583E+03 0.7355E-08 0.7929E+01 0.1501E+05 0.1814E+01  6.883 0.0000 0.2000E-04 0.1000E+01
2310 0.5598E+00 0.1576E+03 0.7213E-08 0.7921E+01 0.1496E+05 0.1817E+01  6.875 0.0000 0.2000E-04 0.1000E+01
2315 0.5722E+00 0.1568E+03 0.7039E-08 0.7911E+01 0.1489E+05 0.1820E+01  6.864 0.0000 0.2000E-04 0.1000E+01
2320 0.5849E+00 0.1559E+03 0.6869E-08 0.7901E+01 0.1481E+05 0.1823E+01  6.853 0.0000 0.2000E-04 0.1000E+01
2325 0.5979E+00 0.1551E+03 0.6703E-08 0.7891E+01 0.1474E+05 0.1827E+01  6.842 0.0000 0.2000E-04 0.1000E+01
2326 0.6000E+00 0.1549E+03 0.6676E-08 0.7890E+01 0.1473E+05 0.1827E+01  6.840 0.0000 0.2000E-04 0.1000E+01
2330 0.6106E+00 0.1542E+03 0.6547E-08 0.7882E+01 0.1468E+05 0.1830E+01  6.832 0.0000 0.2000E-04 0.1000E+01
2335 0.6240E+00 0.1534E+03 0.6388E-08 0.7872E+01 0.1461E+05 0.1833E+01  6.821 0.0000 0.2000E-04 0.1000E+01
2340 0.6378E+00 0.1525E+03 0.6234E-08 0.7862E+01 0.1455E+05 0.1836E+01  6.810 0.0000 0.2000E-04 0.1000E+01
2345 0.6500E+00 0.1518E+03 0.6101E-08 0.7854E+01 0.1449E+05 0.1839E+01  6.800 0.0000 0.2000E-04 0.1000E+01
2345 0.6500E+00 0.1518E+03 0.6101E-08 0.7854E+01 0.1449E+05 0.1839E+01  6.800 0.0000 0.2000E-04 0.1000E+01
2350 0.6643E+00 0.1510E+03 0.5954E-08 0.7844E+01 0.1443E+05 0.1842E+01  6.789 0.0000 0.2000E-04 0.1000E+01
2355 0.6788E+00 0.1501E+03 0.5809E-08 0.7835E+01 0.1436E+05 0.1846E+01  6.779 0.0000 0.2000E-04 0.1000E+01
2360 0.6937E+00 0.1493E+03 0.5668E-08 0.7825E+01 0.1430E+05 0.1849E+01  6.768 0.0000 0.2000E-04 0.1000E+01
2363 0.7000E+00 0.1490E+03 0.5610E-08 0.7821E+01 0.1427E+05 0.1850E+01  6.763 0.0000 0.2000E-04 0.1000E+01
2365 0.7061E+00 0.1486E+03 0.5554E-08 0.7817E+01 0.1424E+05 0.1852E+01  6.759 0.0000 0.2000E-04 0.1000E+01
2370 0.7215E+00 0.1478E+03 0.5419E-08 0.7808E+01 0.1418E+05 0.1855E+01  6.748 0.0000 0.2000E-04 0.1000E+01
2375 0.7372E+00 0.1470E+03 0.5287E-08 0.7799E+01 0.1411E+05 0.1858E+01  6.737 0.0000 0.2000E-04 0.1000E+01
2379 0.7500E+00 0.1463E+03 0.5184E-08 0.7791E+01 0.1406E+05 0.1861E+01  6.728 0.0000 0.2000E-04 0.1000E+01
2380 0.7532E+00 0.1462E+03 0.5159E-08 0.7789E+01 0.1405E+05 0.1861E+01  6.726 0.0000 0.2000E-04 0.1000E+01
2385 0.7696E+00 0.1454E+03 0.5033E-08 0.7780E+01 0.1398E+05 0.1865E+01  6.715 0.0000 0.2000E-04 0.1000E+01
2390 0.7863E+00 0.1446E+03 0.4910E-08 0.7771E+01 0.1392E+05 0.1868E+01  6.704 0.0000 0.2000E-04 0.1000E+01
2395 0.8000E+00 0.1439E+03 0.4813E-08 0.7764E+01 0.1387E+05 0.1870E+01  6.695 0.0000 0.2000E-04 0.1000E+01
2395 0.8000E+00 0.1439E+03 0.4813E-08 0.7764E+01 0.1387E+05 0.1870E+01  6.695 0.0000 0.2000E-04 0.1000E+01
2400 0.8173E+00 0.1431E+03 0.4696E-08 0.7755E+01 0.1380E+05 0.1874E+01  6.684 0.0000 0.2000E-04 0.1000E+01
2405 0.8349E+00 0.1423E+03 0.4582E-08 0.7746E+01 0.1374E+05 0.1877E+01  6.674 0.0000 0.2000E-04 0.1000E+01
2410 0.8500E+00 0.1416E+03 0.4489E-08 0.7738E+01 0.1368E+05 0.1880E+01  6.664 0.0000 0.2000E-04 0.1000E+01
2410 0.8500E+00 0.1416E+03 0.4489E-08 0.7738E+01 0.1368E+05 0.1880E+01  6.664 0.0000 0.2000E-04 0.1000E+01
2415 0.8682E+00 0.1409E+03 0.4380E-08 0.7729E+01 0.1362E+05 0.1883E+01  6.653 0.0000 0.2000E-04 0.1000E+01
2420 0.8868E+00 0.1401E+03 0.4274E-08 0.7720E+01 0.1356E+05 0.1886E+01  6.643 0.0000 0.2000E-04 0.1000E+01
2424 0.9000E+00 0.1395E+03 0.4202E-08 0.7714E+01 0.1351E+05 0.1889E+01  6.635 0.0000 0.2000E-04 0.1000E+01
2425 0.9038E+00 0.1394E+03 0.4181E-08 0.7713E+01 0.1350E+05 0.1889E+01  6.633 0.0000 0.2000E-04 0.1000E+01
2430 0.9231E+00 0.1386E+03 0.4080E-08 0.7704E+01 0.1344E+05 0.1892E+01  6.622 0.0000 0.2000E-04 0.1000E+01
2435 0.9427E+00 0.1378E+03 0.3982E-08 0.7695E+01 0.1338E+05 0.1896E+01  6.611 0.0000 0.2000E-04 0.1000E+01
2437 0.9500E+00 0.1376E+03 0.3947E-08 0.7692E+01 0.1336E+05 0.1897E+01  6.607 0.0000 0.2000E-04 0.1000E+01
2440 0.9621E+00 0.1371E+03 0.3889E-08 0.7687E+01 0.1332E+05 0.1899E+01  6.601 0.0000 0.2000E-04 0.1000E+01
2445 0.9825E+00 0.1364E+03 0.3796E-08 0.7679E+01 0.1326E+05 0.1902E+01  6.590 0.0000 0.2000E-04 0.1000E+01
2450 0.1000E+01 0.1357E+03 0.3719E-08 0.7672E+01 0.1321E+05 0.1905E+01  6.581 0.0000 0.2000E-04 0.1000E+01
2450 0.1000E+01 0.1357E+03 0.3719E-08 0.7672E+01 0.1321E+05 0.1905E+01  6.581 0.0000 0.2000E-04 0.1000E+01
2455 0.1021E+01 0.1350E+03 0.3629E-08 0.7663E+01 0.1314E+05 0.1908E+01  6.570 0.0000 0.2000E-04 0.1000E+01
2460 0.1043E+01 0.1342E+03 0.3542E-08 0.7655E+01 0.1308E+05 0.1911E+01  6.559 0.0000 0.2000E-04 0.1000E+01
2465 0.1065E+01 0.1335E+03 0.3457E-08 0.7647E+01 0.1302E+05 0.1914E+01  6.548 0.0000 0.2000E-04 0.1000E+01
2470 0.1087E+01 0.1327E+03 0.3374E-08 0.7639E+01 0.1296E+05 0.1918E+01  6.537 0.0000 0.2000E-04 0.1000E+01
2475 0.1110E+01 0.1320E+03 0.3294E-08 0.7630E+01 0.1290E+05 0.1921E+01  6.526 0.0000 0.2000E-04 0.1000E+01
2480 0.1133E+01 0.1313E+03 0.3215E-08 0.7622E+01 0.1284E+05 0.1924E+01  6.515 0.0000 0.2000E-04 0.1000E+01
2485 0.1157E+01 0.1306E+03 0.3138E-08 0.7614E+01 0.1277E+05 0.1928E+01  6.504 0.0000 0.2000E-04 0.1000E+01
2490 0.1181E+01 0.1298E+03 0.3062E-08 0.7606E+01 0.1271E+05 0.1931E+01  6.494 0.0000 0.2000E-04 0.1000E+01
2495 0.1206E+01 0.1291E+03 0.2989E-08 0.7598E+01 0.1265E+05 0.1934E+01  6.483 0.0000 0.2000E-04 0.1000E+01
2500 0.1231E+01 0.1284E+03 0.2917E-08 0.7591E+01 0.1259E+05 0.1938E+01  6.472 0.0000 0.2000E-04 0.1000E+01
2505 0.1257E+01 0.1277E+03 0.2847E-08 0.7583E+01 0.1253E+05 0.1941E+01  6.461 0.0000 0.2000E-04 0.1000E+01
2510 0.1283E+01 0.1270E+03 0.2779E-08 0.7575E+01 0.1246E+05 0.1945E+01  6.450 0.0000 0.2000E-04 0.1000E+01
2515 0.1310E+01 0.1263E+03 0.2713E-08 0.7567E+01 0.1240E+05 0.1948E+01  6.439 0.0000 0.2000E-04 0.1000E+01
2520 0.1337E+01 0.1256E+03 0.2648E-08 0.7560E+01 0.1234E+05 0.1952E+01  6.428 0.0000 0.2000E-04 0.1000E+01
2525 0.1365E+01 0.1249E+03 0.2586E-08 0.7552E+01 0.1227E+05 0.1955E+01  6.417 0.0000 0.2000E-04 0.1000E+01
2530 0.1393E+01 0.1242E+03 0.2524E-08 0.7545E+01 0.1221E+05 0.1959E+01  6.406 0.0000 0.2000E-04 0.1000E+01
2535 0.1422E+01 0.1235E+03 0.2464E-08 0.7537E+01 0.1215E+05 0.1963E+01  6.395 0.0000 0.2000E-04 0.1000E+01
2540 0.1451E+01 0.1229E+03 0.2406E-08 0.7530E+01 0.1209E+05 0.1966E+01  6.385 0.0000 0.2000E-04 0.1000E+01
2545 0.1481E+01 0.1222E+03 0.2349E-08 0.7522E+01 0.1202E+05 0.1970E+01  6.374 0.0000 0.2000E-04 0.1000E+01
2549 0.1500E+01 0.1218E+03 0.2314E-08 0.7518E+01 0.1199E+05 0.1972E+01  6.367 0.0000 0.2000E-04 0.1000E+01
2550 0.1506E+01 0.1216E+03 0.2303E-08 0.7516E+01 0.1197E+05 0.1973E+01  6.365 0.0000 0.2000E-04 0.1000E+01
2555 0.1537E+01 0.1210E+03 0.2249E-08 0.7509E+01 0.1191E+05 0.1976E+01  6.354 0.0000 0.2000E-04 0.1000E+01
2560 0.1569E+01 0.1203E+03 0.2195E-08 0.7502E+01 0.1185E+05 0.1980E+01  6.343 0.0000 0.2000E-04 0.1000E+01
2565 0.1601E+01 0.1196E+03 0.2143E-08 0.7495E+01 0.1179E+05 0.1984E+01  6.332 0.0000 0.2000E-04 0.1000E+01
2570 0.1633E+01 0.1190E+03 0.2093E-08 0.7488E+01 0.1173E+05 0.1987E+01  6.321 0.0000 0.2000E-04 0.1000E+01
2575 0.1667E+01 0.1183E+03 0.2044E-08 0.7481E+01 0.1166E+05 0.1991E+01  6.310 0.0000 0.2000E-04 0.1000E+01
2580 0.1700E+01 0.1177E+03 0.1996E-08 0.7474E+01 0.1160E+05 0.1994E+01  6.299 0.0000 0.2000E-04 0.1000E+01
2585 0.1735E+01 0.1170E+03 0.1949E-08 0.7467E+01 0.1154E+05 0.1998E+01  6.289 0.0000 0.2000E-04 0.1000E+01
2590 0.1770E+01 0.1164E+03 0.1903E-08 0.7460E+01 0.1148E+05 0.2002E+01  6.278 0.0000 0.2000E-04 0.1000E+01
2595 0.1806E+01 0.1158E+03 0.1859E-08 0.7453E+01 0.1142E+05 0.2006E+01  6.267 0.0000 0.2000E-04 0.1000E+01
2600 0.1843E+01 0.1151E+03 0.1815E-08 0.7446E+01 0.1135E+05 0.2009E+01  6.256 0.0000 0.2000E-04 0.1000E+01
2605 0.1880E+01 0.1145E+03 0.1773E-08 0.7439E+01 0.1129E+05 0.2013E+01  6.245 0.0000 0.2000E-04 0.1000E+01
2610 0.1918E+01 0.1139E+03 0.1731E-08 0.7433E+01 0.1123E+05 0.2017E+01  6.234 0.0000 0.2000E-04 0.1000E+01
2615 0.1956E+01 0.1133E+03 0.1691E-08 0.7426E+01 0.1117E+05 0.2021E+01  6.223 0.0000 0.2000E-04 0.1000E+01
2620 0.1996E+01 0.1127E+03 0.1652E-08 0.7420E+01 0.1111E+05 0.2024E+01  6.212 0.0000 0.2000E-04 0.1000E+01
2621 0.2000E+01 0.1126E+03 0.1647E-08 0.7419E+01 0.1110E+05 0.2025E+01  6.211 0.0000 0.2000E-04 0.1000E+01
2625 0.2032E+01 0.1121E+03 0.1617E-08 0.7414E+01 0.1105E+05 0.2028E+01  6.203 0.0000 0.2000E-04 0.1000E+01
2630 0.2073E+01 0.1115E+03 0.1579E-08 0.7407E+01 0.1099E+05 0.2032E+01  6.192 0.0000 0.2000E-04 0.1000E+01
2635 0.2114E+01 0.1109E+03 0.1542E-08 0.7401E+01 0.1093E+05 0.2035E+01  6.181 0.0000 0.2000E-04 0.1000E+01
2640 0.2157E+01 0.1103E+03 0.1507E-08 0.7394E+01 0.1087E+05 0.2039E+01  6.170 0.0000 0.2000E-04 0.1000E+01
2645 0.2200E+01 0.1097E+03 0.1472E-08 0.7388E+01 0.1081E+05 0.2043E+01  6.159 0.0000 0.2000E-04 0.1000E+01
2650 0.2244E+01 0.1091E+03 0.1437E-08 0.7381E+01 0.1075E+05 0.2046E+01  6.148 0.0000 0.2000E-04 0.1000E+01
2655 0.2288E+01 0.1085E+03 0.1404E-08 0.7375E+01 0.1070E+05 0.2050E+01  6.137 0.0000 0.2000E-04 0.1000E+01
2660 0.2334E+01 0.1079E+03 0.1371E-08 0.7369E+01 0.1064E+05 0.2054E+01  6.126 0.0000 0.2000E-04 0.1000E+01
2665 0.2380E+01 0.1073E+03 0.1340E-08 0.7362E+01 0.1058E+05 0.2057E+01  6.115 0.0000 0.2000E-04 0.1000E+01
2670 0.2428E+01 0.1067E+03 0.1309E-08 0.7356E+01 0.1052E+05 0.2061E+01  6.104 0.0000 0.2000E-04 0.1000E+01
2675 0.2476E+01 0.1062E+03 0.1278E-08 0.7350E+01 0.1046E+05 0.2065E+01  6.093 0.0000 0.2000E-04 0.1000E+01
2678 0.2500E+01 0.1059E+03 0.1264E-08 0.7347E+01 0.1043E+05 0.2067E+01  6.088 0.0000 0.2000E-04 0.1000E+01
2680 0.2520E+01 0.1057E+03 0.1252E-08 0.7345E+01 0.1041E+05 0.2068E+01  6.084 0.0000 0.2000E-04 0.1000E+01
2685 0.2570E+01 0.1051E+03 0.1223E-08 0.7338E+01 0.1035E+05 0.2072E+01  6.073 0.0000 0.2000E-04 0.1000E+01
2690 0.2620E+01 0.1045E+03 0.1195E-08 0.7332E+01 0.1029E+05 0.2076E+01  6.062 0.0000 0.2000E-04 0.1000E+01
2695 0.2672E+01 0.1040E+03 0.1168E-08 0.7326E+01 0.1024E+05 0.2079E+01  6.051 0.0000 0.2000E-04 0.1000E+01
2700 0.2725E+01 0.1034E+03 0.1141E-08 0.7320E+01 0.1018E+05 0.2083E+01  6.040 0.0000 0.2000E-04 0.1000E+01
2705 0.2778E+01 0.1028E+03 0.1115E-08 0.7314E+01 0.1012E+05 0.2087E+01  6.029 0.0000 0.2000E-04 0.1000E+01
2710 0.2833E+01 0.1023E+03 0.1089E-08 0.7309E+01 0.1007E+05 0.2090E+01  6.018 0.0000 0.2000E-04 0.1000E+01
2715 0.2888E+01 0.1017E+03 0.1064E-08 0.7303E+01 0.1001E+05 0.2094E+01  6.007 0.0000 0.2000E-04 0.1000E+01
2720 0.2945E+01 0.1012E+03 0.1040E-08 0.7297E+01 0.9959E+04 0.2097E+01  5.997 0.0000 0.2000E-04 0.1000E+01
2725 0.3000E+01 0.1013E+03 0.1042E-08 0.7291E+01 0.9905E+04 0.2101E+01  5.986 0.0000 0.2000E-04 0.1000E+01
2725 0.3000E+01 0.1013E+03 0.1042E-08 0.7291E+01 0.9905E+04 0.2101E+01  5.986 0.0000 0.2000E-04 0.1000E+01
2730 0.3057E+01 0.1008E+03 0.1021E-08 0.7285E+01 0.9851E+04 0.2105E+01  5.975 0.0000 0.2000E-04 0.1000E+01
2735 0.3115E+01 0.1003E+03 0.9980E-09 0.7280E+01 0.9798E+04 0.2108E+01  5.964 0.0000 0.2000E-04 0.1000E+01
2740 0.3174E+01 0.9975E+02 0.9755E-09 0.7274E+01 0.9744E+04 0.2112E+01  5.953 0.0000 0.2000E-04 0.1000E+01
2745 0.3234E+01 0.9922E+02 0.9538E-09 0.7268E+01 0.9690E+04 0.2115E+01  5.943 0.0000 0.2000E-04 0.1000E+01
2750 0.3295E+01 0.9870E+02 0.9323E-09 0.7263E+01 0.9637E+04 0.2119E+01  5.932 0.0000 0.2000E-04 0.1000E+01
2755 0.3357E+01 0.9819E+02 0.9119E-09 0.7257E+01 0.9585E+04 0.2122E+01  5.921 0.0000 0.2000E-04 0.1000E+01
2760 0.3420E+01 0.9767E+02 0.8913E-09 0.7252E+01 0.9532E+04 0.2126E+01  5.910 0.0000 0.2000E-04 0.1000E+01
2765 0.3484E+01 0.9715E+02 0.8713E-09 0.7246E+01 0.9480E+04 0.2129E+01  5.899 0.0000 0.2000E-04 0.1000E+01
2767 0.3500E+01 0.9703E+02 0.8665E-09 0.7245E+01 0.9468E+04 0.2130E+01  5.896 0.0000 0.2000E-04 0.1000E+01
2770 0.3539E+01 0.9672E+02 0.8548E-09 0.7242E+01 0.9437E+04 0.2132E+01  5.890 0.0000 0.2000E-04 0.1000E+01
2775 0.3606E+01 0.9621E+02 0.8357E-09 0.7236E+01 0.9386E+04 0.2136E+01  5.879 0.0000 0.2000E-04 0.1000E+01
2780 0.3673E+01 0.9570E+02 0.8170E-09 0.7231E+01 0.9335E+04 0.2139E+01  5.868 0.0000 0.2000E-04 0.1000E+01
2785 0.3742E+01 0.9520E+02 0.7987E-09 0.7226E+01 0.9284E+04 0.2143E+01  5.857 0.0000 0.2000E-04 0.1000E+01
2790 0.3812E+01 0.9470E+02 0.7809E-09 0.7220E+01 0.9234E+04 0.2146E+01  5.846 0.0000 0.2000E-04 0.1000E+01
2795 0.3884E+01 0.9420E+02 0.7635E-09 0.7215E+01 0.9183E+04 0.2150E+01  5.835 0.0000 0.2000E-04 0.1000E+01
2800 0.3956E+01 0.9371E+02 0.7466E-09 0.7210E+01 0.9134E+04 0.2153E+01  5.825 0.0000 0.2000E-04 0.1000E+01
2803 0.4000E+01 0.9342E+02 0.7367E-09 0.7207E+01 0.9105E+04 0.2155E+01  5.818 0.0000 0.2000E-04 0.1000E+01
2805 0.4030E+01 0.9322E+02 0.7301E-09 0.7205E+01 0.9085E+04 0.2156E+01  5.814 0.0000 0.2000E-04 0.1000E+01
2810 0.4105E+01 0.9274E+02 0.7139E-09 0.7199E+01 0.9036E+04 0.2160E+01  5.803 0.0000 0.2000E-04 0.1000E+01
2815 0.4182E+01 0.9225E+02 0.6981E-09 0.7194E+01 0.8987E+04 0.2163E+01  5.792 0.0000 0.2000E-04 0.1000E+01
2820 0.4260E+01 0.9177E+02 0.6826E-09 0.7189E+01 0.8939E+04 0.2167E+01  5.781 0.0000 0.2000E-04 0.1000E+01
2825 0.4339E+01 0.9129E+02 0.6675E-09 0.7184E+01 0.8891E+04 0.2170E+01  5.770 0.0000 0.2000E-04 0.1000E+01
2830 0.4420E+01 0.9081E+02 0.6527E-09 0.7179E+01 0.8843E+04 0.2173E+01  5.759 0.0000 0.2000E-04 0.1000E+01
2835 0.4500E+01 0.9035E+02 0.6387E-09 0.7174E+01 0.8797E+04 0.2177E+01  5.748 0.0000 0.2000E-04 0.1000E+01
2835 0.4500E+01 0.9035E+02 0.6387E-09 0.7174E+01 0.8797E+04 0.2177E+01  5.748 0.0000 0.2000E-04 0.1000E+01
2840 0.4583E+01 0.8988E+02 0.6246E-09 0.7169E+01 0.8750E+04 0.2180E+01  5.738 0.0000 0.2000E-04 0.1000E+01
2845 0.4668E+01 0.8941E+02 0.6108E-09 0.7164E+01 0.8703E+04 0.2183E+01  5.727 0.0000 0.2000E-04 0.1000E+01
2850 0.4754E+01 0.8894E+02 0.5973E-09 0.7159E+01 0.8657E+04 0.2186E+01  5.716 0.0000 0.2000E-04 0.1000E+01
2855 0.4842E+01 0.8848E+02 0.5842E-09 0.7154E+01 0.8610E+04 0.2190E+01  5.705 0.0000 0.2000E-04 0.1000E+01
2860 0.4931E+01 0.8802E+02 0.5714E-09 0.7149E+01 0.8564E+04 0.2193E+01  5.694 0.0000 0.2000E-04 0.1000E+01
2864 0.5000E+01 0.8767E+02 0.5619E-09 0.7146E+01 0.8530E+04 0.2195E+01  5.686 0.0000 0.2000E-04 0.1000E+01
2865 0.5018E+01 0.8758E+02 0.5594E-09 0.7145E+01 0.8520E+04 0.2196E+01  5.683 0.0000 0.2000E-04 0.1000E+01
2870 0.5110E+01 0.8713E+02 0.5472E-09 0.7140E+01 0.8475E+04 0.2199E+01  5.673 0.0000 0.2000E-04 0.1000E+01
2875 0.5204E+01 0.8668E+02 0.5353E-09 0.7135E+01 0.8430E+04 0.2202E+01  5.662 0.0000 0.2000E-04 0.1000E+01
2880 0.5299E+01 0.8624E+02 0.5237E-09 0.7130E+01 0.8385E+04 0.2205E+01  5.651 0.0000 0.2000E-04 0.1000E+01
2885 0.5395E+01 0.8579E+02 0.5124E-09 0.7126E+01 0.8340E+04 0.2208E+01  5.640 0.0000 0.2000E-04 0.1000E+01
2890 0.5492E+01 0.8536E+02 0.5014E-09 0.7121E+01 0.8297E+04 0.2211E+01  5.629 0.0000 0.2000E-04 0.1000E+01
2891 0.5500E+01 0.8533E+02 0.5006E-09 0.7121E+01 0.8293E+04 0.2212E+01  5.628 0.0000 0.2000E-04 0.1000E+01
2895 0.5578E+01 0.8498E+02 0.4921E-09 0.7117E+01 0.8259E+04 0.2214E+01  5.620 0.0000 0.2000E-04 0.1000E+01
2900 0.5677E+01 0.8456E+02 0.4817E-09 0.7113E+01 0.8217E+04 0.2217E+01  5.609 0.0000 0.2000E-04 0.1000E+01
2905 0.5776E+01 0.8414E+02 0.4717E-09 0.7108E+01 0.8175E+04 0.2220E+01  5.599 0.0000 0.2000E-04 0.1000E+01
2910 0.5876E+01 0.8373E+02 0.4620E-09 0.7104E+01 0.8134E+04 0.2223E+01  5.588 0.0000 0.2000E-04 0.1000E+01
2915 0.5977E+01 0.8333E+02 0.4525E-09 0.7100E+01 0.8093E+04 0.2226E+01  5.578 0.0000 0.2000E-04 0.1000E+01
2917 0.6000E+01 0.8323E+02 0.4504E-09 0.7099E+01 0.8084E+04 0.2226E+01  5.576 0.0000 0.2000E-04 0.1000E+01
