 $INPUT
 IMODEL	=             1
 N	=           120
 MINSTP	=             0
 VEOS	=  1.000000000000000
 ILOOP	=             1
 STATIC	=   F
 FRACT	=  2.5000000000000001E-03
 SHINE	=  0.3000000000000000
 SHAVE	=  9.9999999999999995E-08
 POUT	=  5000000.000000000
 AMETH	=             2
 CMETH	=             1
 NOBOND	=             1
 TBEG	=  5.0000000000000004E-06
 TIMEF	=  10.00000000000000
 DTIMEO	=  5.0000000000000003E-02
 STEPO	=  0.5000000000000000
 LCORR	=   T
 LSTART	=   F
 MAXSTP	=          5000
 SPK	=  15.00000000000000
 STARL	=  0.0000000000000000E+00
 DIST	=  5.200000000000000
 ALB	=  0.3500000000000000
 TEFFS	=  5770.000000000000
 LCONV	=   T
 LTRANS	=   T
 LPOUT	=   F
 LFILL	=   F
 LCONT	=   T
 LBURN	=   T
 MAG	=  'O '
 GAM	=  '7X'
 MASS	=  28.48710000000000
 YHEA	=  0.2500000000000000
 YDI	=  2.0000000000000002E-05
 HB	=  1.000000000000000
 $end
 
 
 Gam,Mass,Yhe,Ydi,Dist,starl,alb=  7X  28.487   0.250 0.200E-04 0.520E+01 0.000E+00 0.350E+00
  I  Time(Gyrs) Teff        Lumin      Rad(Gcm)  Tc         Rhoc       S      Ratio  Yd         Yl


   5 0.9089E-06 0.2444E+04 0.2997E-01 0.6715E+02 0.1643E+06 0.2124E+00 14.987 0.0000 0.2000E-04 0.1000E+01
  10 0.2073E-05 0.2447E+04 0.2947E-01 0.6643E+02 0.1655E+06 0.2173E+00 14.968 0.0000 0.2000E-04 0.1000E+01
  15 0.3268E-05 0.2450E+04 0.2898E-01 0.6572E+02 0.1667E+06 0.2223E+00 14.949 0.0000 0.2000E-04 0.1000E+01
  20 0.4496E-05 0.2453E+04 0.2850E-01 0.6502E+02 0.1678E+06 0.2274E+00 14.930 0.0000 0.2000E-04 0.1000E+01
  23 0.0000E+00 0.2454E+04 0.2831E-01 0.6474E+02 0.1683E+06 0.2295E+00 14.923 0.0000 0.2000E-04 0.1000E+01
  25 0.5126E-06 0.2457E+04 0.2784E-01 0.6405E+02 0.1695E+06 0.2347E+00 14.904 0.0000 0.2000E-04 0.1000E+01
  30 0.1824E-05 0.2460E+04 0.2737E-01 0.6337E+02 0.1706E+06 0.2401E+00 14.884 0.0000 0.2000E-04 0.1000E+01
  35 0.3171E-05 0.2462E+04 0.2692E-01 0.6270E+02 0.1718E+06 0.2456E+00 14.865 0.0000 0.2000E-04 0.1000E+01
  40 0.4554E-05 0.2465E+04 0.2647E-01 0.6204E+02 0.1730E+06 0.2512E+00 14.846 0.0000 0.2000E-04 0.1000E+01
  45 0.5975E-05 0.2468E+04 0.2603E-01 0.6139E+02 0.1742E+06 0.2569E+00 14.827 0.0000 0.2000E-04 0.1000E+01
  50 0.7434E-05 0.2470E+04 0.2559E-01 0.6075E+02 0.1754E+06 0.2628E+00 14.807 0.0000 0.2000E-04 0.1000E+01
  55 0.8933E-05 0.2473E+04 0.2516E-01 0.6011E+02 0.1766E+06 0.2688E+00 14.788 0.0000 0.2000E-04 0.1000E+01
  60 0.1047E-04 0.2475E+04 0.2474E-01 0.5949E+02 0.1777E+06 0.2749E+00 14.769 0.0000 0.2000E-04 0.1000E+01
  65 0.1205E-04 0.2478E+04 0.2433E-01 0.5887E+02 0.1789E+06 0.2811E+00 14.749 0.0000 0.2000E-04 0.1000E+01
  70 0.1367E-04 0.2480E+04 0.2392E-01 0.5826E+02 0.1802E+06 0.2875E+00 14.730 0.0000 0.2000E-04 0.1000E+01
  75 0.1534E-04 0.2483E+04 0.2352E-01 0.5766E+02 0.1814E+06 0.2940E+00 14.710 0.0000 0.2000E-04 0.1000E+01
  80 0.1705E-04 0.2485E+04 0.2313E-01 0.5706E+02 0.1826E+06 0.3006E+00 14.690 0.0000 0.2000E-04 0.1000E+01
  85 0.1881E-04 0.2487E+04 0.2274E-01 0.5648E+02 0.1838E+06 0.3074E+00 14.671 0.0000 0.2000E-04 0.1000E+01
  90 0.2061E-04 0.2490E+04 0.2236E-01 0.5590E+02 0.1850E+06 0.3144E+00 14.651 0.0000 0.2000E-04 0.1000E+01
  95 0.2246E-04 0.2492E+04 0.2199E-01 0.5533E+02 0.1863E+06 0.3215E+00 14.631 0.0000 0.2000E-04 0.1000E+01
 100 0.2436E-04 0.2494E+04 0.2162E-01 0.5477E+02 0.1875E+06 0.3287E+00 14.611 0.0000 0.2000E-04 0.1000E+01
 105 0.2630E-04 0.2496E+04 0.2126E-01 0.5421E+02 0.1887E+06 0.3361E+00 14.591 0.0000 0.2000E-04 0.1000E+01
 110 0.2830E-04 0.2499E+04 0.2091E-01 0.5367E+02 0.1900E+06 0.3436E+00 14.572 0.0000 0.2000E-04 0.1000E+01
 115 0.3034E-04 0.2501E+04 0.2056E-01 0.5313E+02 0.1912E+06 0.3513E+00 14.552 0.0000 0.2000E-04 0.1000E+01
 120 0.3243E-04 0.2503E+04 0.2022E-01 0.5260E+02 0.1925E+06 0.3591E+00 14.532 0.0000 0.2000E-04 0.1000E+01
 125 0.3457E-04 0.2505E+04 0.1988E-01 0.5207E+02 0.1937E+06 0.3671E+00 14.512 0.0000 0.2000E-04 0.1000E+01
 130 0.3677E-04 0.2507E+04 0.1956E-01 0.5156E+02 0.1950E+06 0.3753E+00 14.492 0.0000 0.2000E-04 0.1000E+01
 135 0.3902E-04 0.2509E+04 0.1923E-01 0.5105E+02 0.1963E+06 0.3836E+00 14.472 0.0000 0.2000E-04 0.1000E+01
 140 0.4133E-04 0.2511E+04 0.1891E-01 0.5055E+02 0.1975E+06 0.3921E+00 14.452 0.0000 0.2000E-04 0.1000E+01
 145 0.4370E-04 0.2513E+04 0.1860E-01 0.5005E+02 0.1988E+06 0.4008E+00 14.432 0.0000 0.2000E-04 0.1000E+01
 150 0.4612E-04 0.2515E+04 0.1829E-01 0.4956E+02 0.2001E+06 0.4097E+00 14.412 0.0000 0.2000E-04 0.1000E+01
 155 0.4860E-04 0.2517E+04 0.1799E-01 0.4908E+02 0.2014E+06 0.4187E+00 14.392 0.0000 0.2000E-04 0.1000E+01
 160 0.5114E-04 0.2518E+04 0.1770E-01 0.4860E+02 0.2026E+06 0.4280E+00 14.371 0.0000 0.2000E-04 0.1000E+01
 165 0.5375E-04 0.2520E+04 0.1741E-01 0.4813E+02 0.2039E+06 0.4374E+00 14.351 0.0000 0.2000E-04 0.1000E+01
 170 0.5641E-04 0.2522E+04 0.1712E-01 0.4767E+02 0.2052E+06 0.4471E+00 14.331 0.0000 0.2000E-04 0.1000E+01
 175 0.5914E-04 0.2524E+04 0.1684E-01 0.4721E+02 0.2066E+06 0.4569E+00 14.311 0.0000 0.2000E-04 0.1000E+01
 180 0.6194E-04 0.2525E+04 0.1655E-01 0.4676E+02 0.2079E+06 0.4670E+00 14.291 0.0000 0.2000E-04 0.1000E+01
 185 0.6481E-04 0.2526E+04 0.1627E-01 0.4632E+02 0.2092E+06 0.4773E+00 14.271 0.0000 0.2000E-04 0.1000E+01
 190 0.6775E-04 0.2527E+04 0.1599E-01 0.4588E+02 0.2106E+06 0.4878E+00 14.250 0.0000 0.2000E-04 0.1000E+01
 195 0.7076E-04 0.2529E+04 0.1572E-01 0.4544E+02 0.2119E+06 0.4986E+00 14.230 0.0000 0.2000E-04 0.1000E+01
 200 0.7384E-04 0.2530E+04 0.1546E-01 0.4502E+02 0.2133E+06 0.5095E+00 14.210 0.0000 0.2000E-04 0.1000E+01
 205 0.7699E-04 0.2531E+04 0.1520E-01 0.4459E+02 0.2146E+06 0.5207E+00 14.189 0.0000 0.2000E-04 0.1000E+01
 210 0.8022E-04 0.2532E+04 0.1495E-01 0.4418E+02 0.2160E+06 0.5321E+00 14.169 0.0000 0.2000E-04 0.1000E+01
 215 0.8352E-04 0.2534E+04 0.1470E-01 0.4377E+02 0.2173E+06 0.5438E+00 14.149 0.0000 0.2000E-04 0.1000E+01
 220 0.8691E-04 0.2535E+04 0.1446E-01 0.4336E+02 0.2187E+06 0.5557E+00 14.129 0.0000 0.2000E-04 0.1000E+01
 225 0.9038E-04 0.2536E+04 0.1422E-01 0.4296E+02 0.2201E+06 0.5679E+00 14.108 0.0000 0.2000E-04 0.1000E+01
 230 0.9393E-04 0.2537E+04 0.1398E-01 0.4256E+02 0.2215E+06 0.5803E+00 14.088 0.0000 0.2000E-04 0.1000E+01
 235 0.9756E-04 0.2538E+04 0.1375E-01 0.4217E+02 0.2229E+06 0.5930E+00 14.067 0.0000 0.2000E-04 0.1000E+01
 240 0.1013E-03 0.2540E+04 0.1352E-01 0.4178E+02 0.2243E+06 0.6060E+00 14.047 0.0000 0.2000E-04 0.1000E+01
 245 0.1051E-03 0.2541E+04 0.1330E-01 0.4140E+02 0.2257E+06 0.6192E+00 14.027 0.0000 0.2000E-04 0.1000E+01
 250 0.1090E-03 0.2542E+04 0.1308E-01 0.4102E+02 0.2272E+06 0.6328E+00 14.006 0.0000 0.2000E-04 0.1000E+01
 255 0.1130E-03 0.2543E+04 0.1286E-01 0.4065E+02 0.2286E+06 0.6466E+00 13.986 0.0000 0.2000E-04 0.1000E+01
 260 0.1171E-03 0.2544E+04 0.1265E-01 0.4028E+02 0.2301E+06 0.6607E+00 13.965 0.0000 0.2000E-04 0.1000E+01
 265 0.1213E-03 0.2545E+04 0.1243E-01 0.3991E+02 0.2315E+06 0.6754E+00 13.944 0.0000 0.2000E-04 0.1000E+01
 270 0.1256E-03 0.2545E+04 0.1223E-01 0.3954E+02 0.2330E+06 0.6902E+00 13.924 0.0000 0.2000E-04 0.1000E+01
 275 0.1301E-03 0.2547E+04 0.1203E-01 0.3919E+02 0.2345E+06 0.7053E+00 13.903 0.0000 0.2000E-04 0.1000E+01
 280 0.1346E-03 0.2548E+04 0.1183E-01 0.3883E+02 0.2360E+06 0.7210E+00 13.882 0.0000 0.2000E-04 0.1000E+01
 285 0.1393E-03 0.2549E+04 0.1163E-01 0.3848E+02 0.2375E+06 0.7369E+00 13.861 0.0000 0.2000E-04 0.1000E+01
 290 0.1440E-03 0.2550E+04 0.1145E-01 0.3813E+02 0.2390E+06 0.7530E+00 13.840 0.0000 0.2000E-04 0.1000E+01
 295 0.1489E-03 0.2551E+04 0.1126E-01 0.3778E+02 0.2405E+06 0.7696E+00 13.820 0.0000 0.2000E-04 0.1000E+01
 300 0.1539E-03 0.2552E+04 0.1108E-01 0.3744E+02 0.2421E+06 0.7866E+00 13.799 0.0000 0.2000E-04 0.1000E+01
 305 0.1590E-03 0.2553E+04 0.1090E-01 0.3711E+02 0.2436E+06 0.8039E+00 13.778 0.0000 0.2000E-04 0.1000E+01
 310 0.1643E-03 0.2555E+04 0.1072E-01 0.3677E+02 0.2452E+06 0.8216E+00 13.757 0.0000 0.2000E-04 0.1000E+01
 315 0.1697E-03 0.2556E+04 0.1055E-01 0.3645E+02 0.2467E+06 0.8397E+00 13.736 0.0000 0.2000E-04 0.1000E+01
 320 0.1752E-03 0.2557E+04 0.1039E-01 0.3612E+02 0.2483E+06 0.8582E+00 13.715 0.0000 0.2000E-04 0.1000E+01
 325 0.1809E-03 0.2558E+04 0.1022E-01 0.3580E+02 0.2498E+06 0.8772E+00 13.694 0.0000 0.2000E-04 0.1000E+01
 330 0.1867E-03 0.2560E+04 0.1006E-01 0.3548E+02 0.2514E+06 0.8966E+00 13.672 0.0000 0.2000E-04 0.1000E+01
 335 0.1926E-03 0.2561E+04 0.9902E-02 0.3516E+02 0.2530E+06 0.9164E+00 13.651 0.0000 0.2000E-04 0.1000E+01
 340 0.1987E-03 0.2562E+04 0.9746E-02 0.3485E+02 0.2546E+06 0.9367E+00 13.630 0.0000 0.2000E-04 0.1000E+01
 345 0.2049E-03 0.2563E+04 0.9593E-02 0.3454E+02 0.2562E+06 0.9574E+00 13.609 0.0000 0.2000E-04 0.1000E+01
 350 0.2113E-03 0.2565E+04 0.9442E-02 0.3423E+02 0.2578E+06 0.9787E+00 13.587 0.0000 0.2000E-04 0.1000E+01
 355 0.2179E-03 0.2566E+04 0.9294E-02 0.3393E+02 0.2594E+06 0.1000E+01 13.566 0.0000 0.2000E-04 0.1000E+01
 360 0.2246E-03 0.2568E+04 0.9150E-02 0.3362E+02 0.2611E+06 0.1023E+01 13.544 0.0000 0.2000E-04 0.1000E+01
 365 0.2315E-03 0.2569E+04 0.9009E-02 0.3332E+02 0.2627E+06 0.1046E+01 13.523 0.0000 0.2000E-04 0.1000E+01
 370 0.2386E-03 0.2570E+04 0.8871E-02 0.3303E+02 0.2643E+06 0.1069E+01 13.501 0.0000 0.2000E-04 0.1000E+01
 375 0.2458E-03 0.2572E+04 0.8733E-02 0.3274E+02 0.2660E+06 0.1093E+01 13.480 0.0000 0.2000E-04 0.1000E+01
 380 0.2532E-03 0.2573E+04 0.8600E-02 0.3245E+02 0.2676E+06 0.1117E+01 13.458 0.0000 0.2000E-04 0.1000E+01
 385 0.2608E-03 0.2575E+04 0.8466E-02 0.3216E+02 0.2693E+06 0.1142E+01 13.436 0.0000 0.2000E-04 0.1000E+01
 390 0.2685E-03 0.2576E+04 0.8335E-02 0.3188E+02 0.2709E+06 0.1167E+01 13.415 0.0000 0.2000E-04 0.1000E+01
 395 0.2765E-03 0.2578E+04 0.8205E-02 0.3159E+02 0.2726E+06 0.1194E+01 13.393 0.0000 0.2000E-04 0.1000E+01
 400 0.2847E-03 0.2579E+04 0.8077E-02 0.3131E+02 0.2742E+06 0.1220E+01 13.371 0.0000 0.2000E-04 0.1000E+01
 405 0.2930E-03 0.2580E+04 0.7951E-02 0.3104E+02 0.2759E+06 0.1248E+01 13.349 0.0000 0.2000E-04 0.1000E+01
 410 0.3016E-03 0.2581E+04 0.7826E-02 0.3076E+02 0.2776E+06 0.1276E+01 13.327 0.0000 0.2000E-04 0.1000E+01
 415 0.3104E-03 0.2583E+04 0.7702E-02 0.3049E+02 0.2793E+06 0.1304E+01 13.305 0.0000 0.2000E-04 0.1000E+01
 420 0.3194E-03 0.2584E+04 0.7580E-02 0.3022E+02 0.2809E+06 0.1334E+01 13.283 0.0000 0.2000E-04 0.1000E+01
 425 0.3286E-03 0.2585E+04 0.7458E-02 0.2995E+02 0.2826E+06 0.1364E+01 13.260 0.0000 0.2000E-04 0.1000E+01
 430 0.3380E-03 0.2586E+04 0.7338E-02 0.2969E+02 0.2843E+06 0.1394E+01 13.238 0.0000 0.2000E-04 0.1000E+01
 435 0.3477E-03 0.2586E+04 0.7219E-02 0.2943E+02 0.2860E+06 0.1425E+01 13.216 0.0000 0.2000E-04 0.1000E+01
 440 0.3577E-03 0.2587E+04 0.7101E-02 0.2917E+02 0.2877E+06 0.1457E+01 13.193 0.0000 0.2000E-04 0.1000E+01
 445 0.3679E-03 0.2588E+04 0.6984E-02 0.2891E+02 0.2894E+06 0.1490E+01 13.171 0.0000 0.2000E-04 0.1000E+01
 450 0.3784E-03 0.2589E+04 0.6869E-02 0.2866E+02 0.2911E+06 0.1524E+01 13.148 0.0000 0.2000E-04 0.1000E+01
 455 0.3891E-03 0.2589E+04 0.6756E-02 0.2841E+02 0.2928E+06 0.1558E+01 13.126 0.0000 0.2000E-04 0.1000E+01
 460 0.4001E-03 0.2590E+04 0.6643E-02 0.2816E+02 0.2945E+06 0.1593E+01 13.103 0.0000 0.2000E-04 0.1000E+01
 465 0.4114E-03 0.2590E+04 0.6532E-02 0.2791E+02 0.2962E+06 0.1629E+01 13.080 0.0000 0.2000E-04 0.1000E+01
 470 0.4230E-03 0.2591E+04 0.6423E-02 0.2767E+02 0.2980E+06 0.1666E+01 13.057 0.0000 0.2000E-04 0.1000E+01
 475 0.4348E-03 0.2591E+04 0.6314E-02 0.2742E+02 0.2997E+06 0.1703E+01 13.035 0.0000 0.2000E-04 0.1000E+01
 480 0.4470E-03 0.2592E+04 0.6209E-02 0.2718E+02 0.3014E+06 0.1742E+01 13.012 0.0000 0.2000E-04 0.1000E+01
 485 0.4595E-03 0.2592E+04 0.6105E-02 0.2695E+02 0.3031E+06 0.1781E+01 12.989 0.0000 0.2000E-04 0.1000E+01
 490 0.4722E-03 0.2592E+04 0.6002E-02 0.2671E+02 0.3049E+06 0.1821E+01 12.966 0.0000 0.2000E-04 0.1000E+01
 495 0.4854E-03 0.2593E+04 0.5901E-02 0.2648E+02 0.3066E+06 0.1862E+01 12.943 0.0000 0.2000E-04 0.1000E+01
 500 0.4988E-03 0.2593E+04 0.5802E-02 0.2625E+02 0.3084E+06 0.1904E+01 12.920 0.0000 0.2000E-04 0.1000E+01
 505 0.5126E-03 0.2593E+04 0.5704E-02 0.2602E+02 0.3101E+06 0.1948E+01 12.896 0.0000 0.2000E-04 0.1000E+01
 510 0.5267E-03 0.2594E+04 0.5607E-02 0.2579E+02 0.3119E+06 0.1992E+01 12.873 0.0000 0.2000E-04 0.1000E+01
 515 0.5412E-03 0.2594E+04 0.5512E-02 0.2557E+02 0.3136E+06 0.2037E+01 12.850 0.0000 0.2000E-04 0.1000E+01
 520 0.5560E-03 0.2594E+04 0.5419E-02 0.2535E+02 0.3154E+06 0.2083E+01 12.827 0.0000 0.2000E-04 0.1000E+01
 525 0.5712E-03 0.2594E+04 0.5328E-02 0.2513E+02 0.3172E+06 0.2130E+01 12.803 0.0000 0.2000E-04 0.1000E+01
 530 0.5868E-03 0.2595E+04 0.5239E-02 0.2491E+02 0.3189E+06 0.2178E+01 12.780 0.0000 0.2000E-04 0.1000E+01
 535 0.6028E-03 0.2595E+04 0.5152E-02 0.2470E+02 0.3207E+06 0.2228E+01 12.757 0.0000 0.2000E-04 0.1000E+01
 540 0.6191E-03 0.2595E+04 0.5065E-02 0.2449E+02 0.3225E+06 0.2278E+01 12.733 0.0000 0.2000E-04 0.1000E+01
 545 0.6359E-03 0.2595E+04 0.4980E-02 0.2428E+02 0.3243E+06 0.2330E+01 12.710 0.0001 0.2000E-04 0.1000E+01
 550 0.6531E-03 0.2595E+04 0.4896E-02 0.2407E+02 0.3260E+06 0.2383E+01 12.686 0.0001 0.2000E-04 0.1000E+01
 555 0.6707E-03 0.2596E+04 0.4813E-02 0.2386E+02 0.3278E+06 0.2437E+01 12.663 0.0001 0.2000E-04 0.1000E+01
 560 0.6887E-03 0.2596E+04 0.4731E-02 0.2366E+02 0.3296E+06 0.2493E+01 12.639 0.0001 0.2000E-04 0.1000E+01
 565 0.7072E-03 0.2595E+04 0.4650E-02 0.2346E+02 0.3314E+06 0.2549E+01 12.615 0.0001 0.2000E-04 0.1000E+01
 570 0.7262E-03 0.2595E+04 0.4571E-02 0.2326E+02 0.3332E+06 0.2607E+01 12.591 0.0001 0.2000E-04 0.1000E+01
 575 0.7456E-03 0.2595E+04 0.4491E-02 0.2306E+02 0.3349E+06 0.2666E+01 12.568 0.0001 0.2000E-04 0.1000E+01
 580 0.7656E-03 0.2595E+04 0.4413E-02 0.2286E+02 0.3367E+06 0.2727E+01 12.544 0.0001 0.2000E-04 0.1000E+01
 585 0.7860E-03 0.2595E+04 0.4336E-02 0.2267E+02 0.3385E+06 0.2789E+01 12.520 0.0002 0.2000E-04 0.1000E+01
 590 0.8071E-03 0.2594E+04 0.4260E-02 0.2247E+02 0.3403E+06 0.2853E+01 12.496 0.0002 0.2000E-04 0.1000E+01
 595 0.8286E-03 0.2594E+04 0.4185E-02 0.2228E+02 0.3421E+06 0.2918E+01 12.472 0.0002 0.2000E-04 0.1000E+01
 600 0.8508E-03 0.2593E+04 0.4110E-02 0.2209E+02 0.3438E+06 0.2984E+01 12.447 0.0002 0.2000E-04 0.1000E+01
 605 0.8735E-03 0.2592E+04 0.4036E-02 0.2191E+02 0.3456E+06 0.3053E+01 12.423 0.0003 0.2000E-04 0.1000E+01
 610 0.8970E-03 0.2592E+04 0.3963E-02 0.2172E+02 0.3474E+06 0.3123E+01 12.399 0.0003 0.2000E-04 0.1000E+01
 615 0.9210E-03 0.2591E+04 0.3890E-02 0.2153E+02 0.3492E+06 0.3194E+01 12.374 0.0003 0.2000E-04 0.1000E+01
 620 0.9458E-03 0.2590E+04 0.3818E-02 0.2135E+02 0.3510E+06 0.3268E+01 12.350 0.0004 0.2000E-04 0.1000E+01
 625 0.9714E-03 0.2589E+04 0.3747E-02 0.2117E+02 0.3527E+06 0.3344E+01 12.325 0.0005 0.2000E-04 0.1000E+01
 630 0.9977E-03 0.2587E+04 0.3676E-02 0.2098E+02 0.3545E+06 0.3422E+01 12.300 0.0005 0.2000E-04 0.1000E+01
 635 0.1025E-02 0.2586E+04 0.3606E-02 0.2080E+02 0.3563E+06 0.3502E+01 12.275 0.0006 0.2000E-04 0.1000E+01
 640 0.1053E-02 0.2585E+04 0.3536E-02 0.2063E+02 0.3581E+06 0.3584E+01 12.250 0.0007 0.2000E-04 0.1000E+01
 645 0.1081E-02 0.2583E+04 0.3468E-02 0.2045E+02 0.3599E+06 0.3668E+01 12.224 0.0008 0.2000E-04 0.1000E+01
 650 0.1111E-02 0.2582E+04 0.3400E-02 0.2027E+02 0.3617E+06 0.3754E+01 12.199 0.0009 0.2000E-04 0.1000E+01
 655 0.1141E-02 0.2580E+04 0.3333E-02 0.2010E+02 0.3635E+06 0.3842E+01 12.173 0.0010 0.2000E-04 0.1000E+01
 660 0.1173E-02 0.2578E+04 0.3268E-02 0.1992E+02 0.3653E+06 0.3933E+01 12.148 0.0011 0.2000E-04 0.1000E+01
 665 0.1205E-02 0.2577E+04 0.3203E-02 0.1975E+02 0.3671E+06 0.4026E+01 12.122 0.0013 0.2000E-04 0.1000E+01
 670 0.1238E-02 0.2575E+04 0.3139E-02 0.1958E+02 0.3688E+06 0.4121E+01 12.096 0.0014 0.2000E-04 0.1000E+01
 675 0.1272E-02 0.2573E+04 0.3078E-02 0.1941E+02 0.3706E+06 0.4219E+01 12.070 0.0016 0.2000E-04 0.1000E+01
 680 0.1307E-02 0.2572E+04 0.3017E-02 0.1925E+02 0.3724E+06 0.4319E+01 12.044 0.0018 0.2000E-04 0.1000E+01
 685 0.1343E-02 0.2570E+04 0.2957E-02 0.1908E+02 0.3742E+06 0.4422E+01 12.018 0.0021 0.2000E-04 0.1000E+01
 690 0.1380E-02 0.2568E+04 0.2899E-02 0.1892E+02 0.3760E+06 0.4527E+01 11.992 0.0024 0.2000E-04 0.1000E+01
 695 0.1418E-02 0.2566E+04 0.2841E-02 0.1875E+02 0.3777E+06 0.4635E+01 11.966 0.0027 0.2000E-04 0.1000E+01
 700 0.1457E-02 0.2564E+04 0.2784E-02 0.1859E+02 0.3795E+06 0.4745E+01 11.940 0.0030 0.2000E-04 0.1000E+01
 705 0.1497E-02 0.2562E+04 0.2728E-02 0.1844E+02 0.3813E+06 0.4858E+01 11.914 0.0034 0.2000E-04 0.1000E+01
 710 0.1538E-02 0.2560E+04 0.2674E-02 0.1828E+02 0.3830E+06 0.4973E+01 11.888 0.0038 0.2000E-04 0.1000E+01
 715 0.1580E-02 0.2558E+04 0.2620E-02 0.1813E+02 0.3847E+06 0.5090E+01 11.862 0.0043 0.2000E-04 0.1000E+01
 720 0.1623E-02 0.2556E+04 0.2568E-02 0.1797E+02 0.3865E+06 0.5209E+01 11.836 0.0049 0.2000E-04 0.1000E+01
 725 0.1667E-02 0.2554E+04 0.2517E-02 0.1782E+02 0.3882E+06 0.5331E+01 11.810 0.0055 0.2000E-04 0.1000E+01
 730 0.1712E-02 0.2551E+04 0.2466E-02 0.1768E+02 0.3899E+06 0.5455E+01 11.784 0.0062 0.2000E-04 0.1000E+01
 735 0.1758E-02 0.2549E+04 0.2417E-02 0.1753E+02 0.3916E+06 0.5581E+01 11.758 0.0069 0.2000E-04 0.1000E+01
 740 0.1805E-02 0.2547E+04 0.2369E-02 0.1739E+02 0.3932E+06 0.5710E+01 11.732 0.0078 0.1999E-04 0.1000E+01
 745 0.1853E-02 0.2544E+04 0.2321E-02 0.1725E+02 0.3949E+06 0.5841E+01 11.707 0.0087 0.1999E-04 0.1000E+01
 750 0.1902E-02 0.2542E+04 0.2274E-02 0.1711E+02 0.3965E+06 0.5975E+01 11.681 0.0098 0.1999E-04 0.1000E+01
 755 0.1952E-02 0.2539E+04 0.2229E-02 0.1697E+02 0.3982E+06 0.6111E+01 11.655 0.0109 0.1999E-04 0.1000E+01
 760 0.2004E-02 0.2536E+04 0.2184E-02 0.1683E+02 0.3998E+06 0.6250E+01 11.630 0.0122 0.1999E-04 0.1000E+01
 765 0.2057E-02 0.2533E+04 0.2140E-02 0.1670E+02 0.4014E+06 0.6391E+01 11.604 0.0136 0.1999E-04 0.1000E+01
 770 0.2111E-02 0.2530E+04 0.2096E-02 0.1657E+02 0.4030E+06 0.6535E+01 11.579 0.0152 0.1999E-04 0.1000E+01
 775 0.2166E-02 0.2527E+04 0.2053E-02 0.1644E+02 0.4045E+06 0.6682E+01 11.554 0.0169 0.1999E-04 0.1000E+01
 780 0.2222E-02 0.2524E+04 0.2011E-02 0.1631E+02 0.4061E+06 0.6831E+01 11.528 0.0188 0.1999E-04 0.1000E+01
 785 0.2281E-02 0.2521E+04 0.1969E-02 0.1619E+02 0.4076E+06 0.6982E+01 11.503 0.0209 0.1998E-04 0.1000E+01
 790 0.2340E-02 0.2517E+04 0.1928E-02 0.1606E+02 0.4091E+06 0.7136E+01 11.478 0.0232 0.1998E-04 0.1000E+01
 795 0.2401E-02 0.2514E+04 0.1888E-02 0.1594E+02 0.4106E+06 0.7293E+01 11.453 0.0258 0.1998E-04 0.1000E+01
 800 0.2463E-02 0.2510E+04 0.1849E-02 0.1582E+02 0.4121E+06 0.7453E+01 11.428 0.0286 0.1998E-04 0.1000E+01
 805 0.2527E-02 0.2506E+04 0.1811E-02 0.1570E+02 0.4135E+06 0.7615E+01 11.403 0.0316 0.1997E-04 0.1000E+01
 810 0.2592E-02 0.2502E+04 0.1773E-02 0.1558E+02 0.4149E+06 0.7779E+01 11.378 0.0350 0.1997E-04 0.1000E+01
 815 0.2659E-02 0.2499E+04 0.1736E-02 0.1547E+02 0.4163E+06 0.7946E+01 11.354 0.0387 0.1997E-04 0.1000E+01
 820 0.2727E-02 0.2495E+04 0.1700E-02 0.1535E+02 0.4177E+06 0.8115E+01 11.329 0.0426 0.1996E-04 0.1000E+01
 825 0.2797E-02 0.2490E+04 0.1664E-02 0.1524E+02 0.4191E+06 0.8287E+01 11.305 0.0470 0.1996E-04 0.1000E+01
 830 0.2869E-02 0.2486E+04 0.1629E-02 0.1513E+02 0.4204E+06 0.8461E+01 11.280 0.0517 0.1995E-04 0.1000E+01
 835 0.2943E-02 0.2482E+04 0.1595E-02 0.1502E+02 0.4217E+06 0.8638E+01 11.256 0.0569 0.1995E-04 0.1000E+01
 839 0.3000E-02 0.2479E+04 0.1569E-02 0.1494E+02 0.4227E+06 0.8773E+01 11.238 0.0611 0.1995E-04 0.1000E+01
 840 0.3015E-02 0.2478E+04 0.1563E-02 0.1492E+02 0.4229E+06 0.8809E+01 11.233 0.0622 0.1994E-04 0.1000E+01
 845 0.3093E-02 0.2474E+04 0.1530E-02 0.1481E+02 0.4242E+06 0.8991E+01 11.209 0.0682 0.1994E-04 0.1000E+01
 850 0.3173E-02 0.2469E+04 0.1498E-02 0.1471E+02 0.4254E+06 0.9175E+01 11.185 0.0748 0.1993E-04 0.1000E+01
 855 0.3255E-02 0.2465E+04 0.1466E-02 0.1461E+02 0.4266E+06 0.9362E+01 11.161 0.0818 0.1992E-04 0.1000E+01
 860 0.3339E-02 0.2460E+04 0.1436E-02 0.1451E+02 0.4278E+06 0.9551E+01 11.137 0.0894 0.1991E-04 0.1000E+01
 865 0.3426E-02 0.2456E+04 0.1406E-02 0.1441E+02 0.4289E+06 0.9743E+01 11.113 0.0975 0.1991E-04 0.1000E+01
 870 0.3515E-02 0.2451E+04 0.1377E-02 0.1431E+02 0.4301E+06 0.9937E+01 11.090 0.1062 0.1990E-04 0.1000E+01
 875 0.3606E-02 0.2447E+04 0.1349E-02 0.1421E+02 0.4311E+06 0.1013E+02 11.066 0.1156 0.1988E-04 0.1000E+01
 880 0.3701E-02 0.2443E+04 0.1321E-02 0.1412E+02 0.4322E+06 0.1033E+02 11.043 0.1256 0.1987E-04 0.1000E+01
 885 0.3798E-02 0.2438E+04 0.1294E-02 0.1402E+02 0.4332E+06 0.1053E+02 11.020 0.1363 0.1986E-04 0.1000E+01
 890 0.3898E-02 0.2434E+04 0.1268E-02 0.1393E+02 0.4342E+06 0.1074E+02 10.997 0.1477 0.1984E-04 0.1000E+01
 895 0.4002E-02 0.2429E+04 0.1242E-02 0.1384E+02 0.4352E+06 0.1095E+02 10.973 0.1599 0.1983E-04 0.1000E+01
 900 0.4110E-02 0.2424E+04 0.1216E-02 0.1375E+02 0.4361E+06 0.1115E+02 10.951 0.1729 0.1981E-04 0.1000E+01
 905 0.4221E-02 0.2419E+04 0.1191E-02 0.1366E+02 0.4370E+06 0.1137E+02 10.928 0.1866 0.1979E-04 0.1000E+01
 910 0.4336E-02 0.2415E+04 0.1167E-02 0.1358E+02 0.4379E+06 0.1158E+02 10.905 0.2012 0.1977E-04 0.1000E+01
 915 0.4456E-02 0.2410E+04 0.1143E-02 0.1349E+02 0.4388E+06 0.1180E+02 10.882 0.2166 0.1975E-04 0.1000E+01
 920 0.4581E-02 0.2405E+04 0.1120E-02 0.1340E+02 0.4396E+06 0.1202E+02 10.859 0.2329 0.1972E-04 0.1000E+01
 925 0.4711E-02 0.2400E+04 0.1097E-02 0.1332E+02 0.4404E+06 0.1224E+02 10.837 0.2501 0.1969E-04 0.1000E+01
 930 0.4847E-02 0.2396E+04 0.1075E-02 0.1324E+02 0.4411E+06 0.1246E+02 10.814 0.2682 0.1966E-04 0.1000E+01
 935 0.4989E-02 0.2391E+04 0.1054E-02 0.1316E+02 0.4419E+06 0.1269E+02 10.792 0.2872 0.1963E-04 0.1000E+01
 940 0.5137E-02 0.2386E+04 0.1032E-02 0.1308E+02 0.4426E+06 0.1292E+02 10.769 0.3071 0.1959E-04 0.1000E+01
 945 0.5293E-02 0.2381E+04 0.1012E-02 0.1300E+02 0.4432E+06 0.1316E+02 10.747 0.3280 0.1955E-04 0.1000E+01
 950 0.5458E-02 0.2376E+04 0.9914E-03 0.1292E+02 0.4439E+06 0.1339E+02 10.725 0.3498 0.1951E-04 0.1000E+01
 955 0.5631E-02 0.2372E+04 0.9715E-03 0.1284E+02 0.4445E+06 0.1363E+02 10.703 0.3725 0.1946E-04 0.1000E+01
 960 0.5814E-02 0.2367E+04 0.9520E-03 0.1276E+02 0.4451E+06 0.1387E+02 10.681 0.3962 0.1941E-04 0.1000E+01
 965 0.6008E-02 0.2362E+04 0.9329E-03 0.1269E+02 0.4456E+06 0.1412E+02 10.658 0.4207 0.1935E-04 0.1000E+01
 970 0.6214E-02 0.2357E+04 0.9141E-03 0.1262E+02 0.4461E+06 0.1436E+02 10.637 0.4461 0.1928E-04 0.1000E+01
 975 0.6434E-02 0.2351E+04 0.8957E-03 0.1254E+02 0.4466E+06 0.1461E+02 10.615 0.4724 0.1921E-04 0.1000E+01
 980 0.6671E-02 0.2346E+04 0.8776E-03 0.1247E+02 0.4471E+06 0.1486E+02 10.593 0.4994 0.1912E-04 0.1000E+01
 985 0.6923E-02 0.2341E+04 0.8599E-03 0.1240E+02 0.4475E+06 0.1512E+02 10.571 0.5270 0.1903E-04 0.1000E+01
 990 0.7191E-02 0.2336E+04 0.8428E-03 0.1233E+02 0.4479E+06 0.1537E+02 10.550 0.5546 0.1894E-04 0.1000E+01
 995 0.7475E-02 0.2330E+04 0.8261E-03 0.1226E+02 0.4483E+06 0.1561E+02 10.529 0.5823 0.1883E-04 0.1000E+01
1000 0.7781E-02 0.2325E+04 0.8097E-03 0.1220E+02 0.4486E+06 0.1586E+02 10.509 0.6102 0.1871E-04 0.1000E+01
1005 0.8112E-02 0.2319E+04 0.7937E-03 0.1214E+02 0.4489E+06 0.1611E+02 10.489 0.6380 0.1858E-04 0.1000E+01
1010 0.8471E-02 0.2314E+04 0.7780E-03 0.1207E+02 0.4491E+06 0.1635E+02 10.469 0.6656 0.1843E-04 0.1000E+01
1015 0.8863E-02 0.2308E+04 0.7627E-03 0.1201E+02 0.4494E+06 0.1660E+02 10.450 0.6930 0.1827E-04 0.1000E+01
1020 0.9294E-02 0.2302E+04 0.7477E-03 0.1195E+02 0.4496E+06 0.1684E+02 10.430 0.7196 0.1808E-04 0.1000E+01
1025 0.9769E-02 0.2296E+04 0.7330E-03 0.1190E+02 0.4498E+06 0.1708E+02 10.411 0.7452 0.1788E-04 0.1000E+01
1030 0.1028E-01 0.2291E+04 0.7193E-03 0.1184E+02 0.4499E+06 0.1731E+02 10.394 0.7686 0.1765E-04 0.1000E+01
1035 0.1077E-01 0.2286E+04 0.7073E-03 0.1180E+02 0.4501E+06 0.1752E+02 10.378 0.7882 0.1743E-04 0.1000E+01
1040 0.1126E-01 0.2281E+04 0.6967E-03 0.1176E+02 0.4501E+06 0.1770E+02 10.364 0.8046 0.1722E-04 0.1000E+01
1045 0.1173E-01 0.2277E+04 0.6872E-03 0.1172E+02 0.4502E+06 0.1787E+02 10.351 0.8183 0.1700E-04 0.1000E+01
1050 0.1221E-01 0.2273E+04 0.6786E-03 0.1169E+02 0.4502E+06 0.1802E+02 10.340 0.8298 0.1679E-04 0.1000E+01
1055 0.1267E-01 0.2269E+04 0.6707E-03 0.1166E+02 0.4503E+06 0.1816E+02 10.330 0.8396 0.1658E-04 0.1000E+01
1060 0.1313E-01 0.2266E+04 0.6635E-03 0.1163E+02 0.4503E+06 0.1829E+02 10.320 0.8474 0.1638E-04 0.1000E+01
1065 0.1358E-01 0.2262E+04 0.6567E-03 0.1160E+02 0.4503E+06 0.1841E+02 10.311 0.8543 0.1617E-04 0.1000E+01
1070 0.1403E-01 0.2259E+04 0.6503E-03 0.1158E+02 0.4503E+06 0.1852E+02 10.303 0.8602 0.1597E-04 0.1000E+01
1075 0.1448E-01 0.2256E+04 0.6443E-03 0.1155E+02 0.4503E+06 0.1863E+02 10.295 0.8650 0.1577E-04 0.1000E+01
1080 0.1492E-01 0.2253E+04 0.6387E-03 0.1153E+02 0.4503E+06 0.1874E+02 10.287 0.8691 0.1558E-04 0.1000E+01
1085 0.1536E-01 0.2251E+04 0.6333E-03 0.1151E+02 0.4503E+06 0.1884E+02 10.280 0.8724 0.1538E-04 0.1000E+01
1090 0.1579E-01 0.2248E+04 0.6281E-03 0.1149E+02 0.4503E+06 0.1893E+02 10.273 0.8751 0.1519E-04 0.1000E+01
1095 0.1622E-01 0.2245E+04 0.6231E-03 0.1147E+02 0.4503E+06 0.1903E+02 10.266 0.8773 0.1500E-04 0.1000E+01
1100 0.1665E-01 0.2243E+04 0.6183E-03 0.1145E+02 0.4503E+06 0.1912E+02 10.259 0.8790 0.1482E-04 0.1000E+01
1105 0.1708E-01 0.2240E+04 0.6136E-03 0.1144E+02 0.4503E+06 0.1921E+02 10.253 0.8803 0.1463E-04 0.1000E+01
1110 0.1750E-01 0.2238E+04 0.6090E-03 0.1142E+02 0.4503E+06 0.1930E+02 10.247 0.8813 0.1445E-04 0.1000E+01
1115 0.1792E-01 0.2235E+04 0.6046E-03 0.1140E+02 0.4502E+06 0.1938E+02 10.241 0.8820 0.1427E-04 0.1000E+01
1120 0.1834E-01 0.2233E+04 0.6002E-03 0.1139E+02 0.4502E+06 0.1947E+02 10.235 0.8825 0.1409E-04 0.1000E+01
1125 0.1875E-01 0.2231E+04 0.5960E-03 0.1137E+02 0.4502E+06 0.1955E+02 10.229 0.8827 0.1392E-04 0.1000E+01
1130 0.1917E-01 0.2228E+04 0.5918E-03 0.1135E+02 0.4502E+06 0.1963E+02 10.223 0.8827 0.1375E-04 0.1000E+01
1135 0.1958E-01 0.2226E+04 0.5877E-03 0.1134E+02 0.4501E+06 0.1972E+02 10.217 0.8825 0.1357E-04 0.1000E+01
1140 0.1999E-01 0.2224E+04 0.5836E-03 0.1132E+02 0.4501E+06 0.1980E+02 10.211 0.8822 0.1341E-04 0.1000E+01
1145 0.2039E-01 0.2221E+04 0.5795E-03 0.1131E+02 0.4501E+06 0.1988E+02 10.206 0.8818 0.1324E-04 0.1000E+01
1150 0.2080E-01 0.2219E+04 0.5756E-03 0.1129E+02 0.4501E+06 0.1996E+02 10.200 0.8812 0.1307E-04 0.1000E+01
1155 0.2120E-01 0.2217E+04 0.5716E-03 0.1128E+02 0.4500E+06 0.2004E+02 10.195 0.8805 0.1291E-04 0.1000E+01
1160 0.2160E-01 0.2214E+04 0.5677E-03 0.1126E+02 0.4500E+06 0.2012E+02 10.189 0.8797 0.1275E-04 0.1000E+01
1165 0.2200E-01 0.2212E+04 0.5638E-03 0.1125E+02 0.4499E+06 0.2020E+02 10.184 0.8788 0.1259E-04 0.1000E+01
1170 0.2240E-01 0.2210E+04 0.5599E-03 0.1123E+02 0.4499E+06 0.2028E+02 10.178 0.8779 0.1244E-04 0.1000E+01
1175 0.2279E-01 0.2207E+04 0.5561E-03 0.1122E+02 0.4499E+06 0.2036E+02 10.173 0.8769 0.1228E-04 0.1000E+01
1180 0.2319E-01 0.2205E+04 0.5523E-03 0.1120E+02 0.4498E+06 0.2044E+02 10.167 0.8758 0.1213E-04 0.1000E+01
1185 0.2358E-01 0.2203E+04 0.5485E-03 0.1119E+02 0.4498E+06 0.2052E+02 10.162 0.8747 0.1198E-04 0.1000E+01
1190 0.2397E-01 0.2200E+04 0.5447E-03 0.1117E+02 0.4497E+06 0.2060E+02 10.156 0.8735 0.1183E-04 0.1000E+01
1195 0.2436E-01 0.2198E+04 0.5410E-03 0.1116E+02 0.4497E+06 0.2068E+02 10.151 0.8723 0.1168E-04 0.1000E+01
1200 0.2474E-01 0.2195E+04 0.5372E-03 0.1114E+02 0.4496E+06 0.2076E+02 10.145 0.8710 0.1154E-04 0.1000E+01
1205 0.2513E-01 0.2193E+04 0.5334E-03 0.1113E+02 0.4496E+06 0.2084E+02 10.140 0.8698 0.1139E-04 0.1000E+01
1210 0.2551E-01 0.2190E+04 0.5296E-03 0.1111E+02 0.4495E+06 0.2092E+02 10.134 0.8686 0.1125E-04 0.1000E+01
1215 0.2590E-01 0.2188E+04 0.5258E-03 0.1110E+02 0.4495E+06 0.2100E+02 10.129 0.8673 0.1111E-04 0.1000E+01
1220 0.2628E-01 0.2185E+04 0.5220E-03 0.1109E+02 0.4494E+06 0.2108E+02 10.124 0.8660 0.1097E-04 0.1000E+01
1225 0.2666E-01 0.2183E+04 0.5183E-03 0.1107E+02 0.4494E+06 0.2116E+02 10.118 0.8646 0.1084E-04 0.1000E+01
1230 0.2703E-01 0.2180E+04 0.5145E-03 0.1106E+02 0.4493E+06 0.2124E+02 10.113 0.8632 0.1070E-04 0.1000E+01
1235 0.2741E-01 0.2178E+04 0.5108E-03 0.1104E+02 0.4492E+06 0.2132E+02 10.107 0.8619 0.1057E-04 0.1000E+01
1240 0.2779E-01 0.2175E+04 0.5071E-03 0.1103E+02 0.4492E+06 0.2140E+02 10.102 0.8604 0.1044E-04 0.1000E+01
1245 0.2816E-01 0.2172E+04 0.5033E-03 0.1102E+02 0.4491E+06 0.2148E+02 10.097 0.8590 0.1031E-04 0.1000E+01
1250 0.2853E-01 0.2170E+04 0.4996E-03 0.1100E+02 0.4490E+06 0.2156E+02 10.091 0.8574 0.1018E-04 0.1000E+01
1255 0.2890E-01 0.2167E+04 0.4959E-03 0.1099E+02 0.4489E+06 0.2165E+02 10.086 0.8560 0.1005E-04 0.1000E+01
1260 0.2927E-01 0.2164E+04 0.4922E-03 0.1097E+02 0.4489E+06 0.2173E+02 10.081 0.8544 0.9930E-05 0.1000E+01
1265 0.2964E-01 0.2162E+04 0.4885E-03 0.1096E+02 0.4488E+06 0.2181E+02 10.075 0.8529 0.9806E-05 0.1000E+01
1270 0.3001E-01 0.2159E+04 0.4848E-03 0.1095E+02 0.4487E+06 0.2189E+02 10.070 0.8514 0.9685E-05 0.1000E+01
1275 0.3038E-01 0.2156E+04 0.4811E-03 0.1093E+02 0.4486E+06 0.2197E+02 10.064 0.8498 0.9564E-05 0.1000E+01
1280 0.3074E-01 0.2153E+04 0.4774E-03 0.1092E+02 0.4485E+06 0.2206E+02 10.059 0.8482 0.9445E-05 0.1000E+01
1285 0.3111E-01 0.2150E+04 0.4736E-03 0.1091E+02 0.4484E+06 0.2214E+02 10.054 0.8467 0.9328E-05 0.1000E+01
1290 0.3147E-01 0.2147E+04 0.4699E-03 0.1089E+02 0.4483E+06 0.2222E+02 10.048 0.8451 0.9212E-05 0.1000E+01
1295 0.3184E-01 0.2145E+04 0.4662E-03 0.1088E+02 0.4483E+06 0.2230E+02 10.043 0.8435 0.9098E-05 0.1000E+01
1300 0.3220E-01 0.2142E+04 0.4625E-03 0.1087E+02 0.4482E+06 0.2239E+02 10.038 0.8419 0.8984E-05 0.1000E+01
1305 0.3256E-01 0.2139E+04 0.4587E-03 0.1085E+02 0.4481E+06 0.2247E+02 10.032 0.8404 0.8873E-05 0.1000E+01
1310 0.3292E-01 0.2135E+04 0.4550E-03 0.1084E+02 0.4480E+06 0.2255E+02 10.027 0.8388 0.8763E-05 0.1000E+01
1315 0.3328E-01 0.2132E+04 0.4513E-03 0.1083E+02 0.4478E+06 0.2264E+02 10.022 0.8372 0.8654E-05 0.1000E+01
1320 0.3363E-01 0.2129E+04 0.4475E-03 0.1081E+02 0.4477E+06 0.2272E+02 10.016 0.8357 0.8546E-05 0.1000E+01
1325 0.3399E-01 0.2126E+04 0.4438E-03 0.1080E+02 0.4476E+06 0.2280E+02 10.011 0.8341 0.8440E-05 0.1000E+01
1330 0.3435E-01 0.2123E+04 0.4400E-03 0.1079E+02 0.4475E+06 0.2289E+02 10.006 0.8327 0.8335E-05 0.1000E+01
1335 0.3470E-01 0.2120E+04 0.4362E-03 0.1077E+02 0.4474E+06 0.2297E+02 10.000 0.8311 0.8231E-05 0.1000E+01
1340 0.3506E-01 0.2116E+04 0.4325E-03 0.1076E+02 0.4473E+06 0.2306E+02  9.995 0.8296 0.8129E-05 0.1000E+01
1345 0.3541E-01 0.2113E+04 0.4287E-03 0.1075E+02 0.4472E+06 0.2314E+02  9.990 0.8281 0.8028E-05 0.1000E+01
1350 0.3577E-01 0.2110E+04 0.4250E-03 0.1073E+02 0.4471E+06 0.2322E+02  9.984 0.8265 0.7928E-05 0.1000E+01
1355 0.3612E-01 0.2106E+04 0.4212E-03 0.1072E+02 0.4470E+06 0.2331E+02  9.979 0.8250 0.7830E-05 0.1000E+01
1360 0.3647E-01 0.2103E+04 0.4175E-03 0.1071E+02 0.4469E+06 0.2339E+02  9.974 0.8234 0.7733E-05 0.1000E+01
1365 0.3682E-01 0.2099E+04 0.4138E-03 0.1070E+02 0.4467E+06 0.2348E+02  9.968 0.8219 0.7636E-05 0.1000E+01
1370 0.3718E-01 0.2096E+04 0.4101E-03 0.1068E+02 0.4466E+06 0.2356E+02  9.963 0.8203 0.7542E-05 0.1000E+01
1375 0.3753E-01 0.2092E+04 0.4064E-03 0.1067E+02 0.4465E+06 0.2364E+02  9.958 0.8186 0.7448E-05 0.1000E+01
1380 0.3788E-01 0.2089E+04 0.4027E-03 0.1066E+02 0.4464E+06 0.2373E+02  9.953 0.8170 0.7355E-05 0.1000E+01
1385 0.3823E-01 0.2085E+04 0.3991E-03 0.1064E+02 0.4462E+06 0.2381E+02  9.947 0.8153 0.7264E-05 0.1000E+01
1390 0.3858E-01 0.2082E+04 0.3955E-03 0.1063E+02 0.4461E+06 0.2390E+02  9.942 0.8137 0.7174E-05 0.1000E+01
1395 0.3892E-01 0.2078E+04 0.3919E-03 0.1062E+02 0.4460E+06 0.2398E+02  9.937 0.8119 0.7085E-05 0.1000E+01
1400 0.3927E-01 0.2075E+04 0.3883E-03 0.1061E+02 0.4459E+06 0.2407E+02  9.932 0.8102 0.6997E-05 0.1000E+01
1405 0.3962E-01 0.2071E+04 0.3847E-03 0.1059E+02 0.4457E+06 0.2415E+02  9.927 0.8084 0.6910E-05 0.1000E+01
1410 0.3997E-01 0.2068E+04 0.3812E-03 0.1058E+02 0.4456E+06 0.2424E+02  9.921 0.8066 0.6824E-05 0.1000E+01
1415 0.4032E-01 0.2064E+04 0.3776E-03 0.1057E+02 0.4455E+06 0.2432E+02  9.916 0.8048 0.6739E-05 0.1000E+01
1420 0.4066E-01 0.2060E+04 0.3741E-03 0.1056E+02 0.4453E+06 0.2441E+02  9.911 0.8029 0.6655E-05 0.1000E+01
1425 0.4101E-01 0.2057E+04 0.3707E-03 0.1055E+02 0.4452E+06 0.2449E+02  9.906 0.8010 0.6573E-05 0.1000E+01
1430 0.4136E-01 0.2053E+04 0.3672E-03 0.1053E+02 0.4450E+06 0.2458E+02  9.900 0.7991 0.6491E-05 0.1000E+01
1435 0.4170E-01 0.2050E+04 0.3638E-03 0.1052E+02 0.4449E+06 0.2466E+02  9.895 0.7972 0.6410E-05 0.1000E+01
1440 0.4205E-01 0.2046E+04 0.3604E-03 0.1051E+02 0.4447E+06 0.2475E+02  9.890 0.7952 0.6331E-05 0.1000E+01
1445 0.4239E-01 0.2042E+04 0.3570E-03 0.1050E+02 0.4446E+06 0.2483E+02  9.885 0.7932 0.6252E-05 0.1000E+01
1450 0.4274E-01 0.2039E+04 0.3536E-03 0.1048E+02 0.4444E+06 0.2492E+02  9.880 0.7912 0.6174E-05 0.1000E+01
1455 0.4308E-01 0.2035E+04 0.3502E-03 0.1047E+02 0.4443E+06 0.2501E+02  9.874 0.7892 0.6098E-05 0.1000E+01
1460 0.4343E-01 0.2031E+04 0.3468E-03 0.1046E+02 0.4441E+06 0.2509E+02  9.869 0.7874 0.6022E-05 0.1000E+01
1465 0.4378E-01 0.2027E+04 0.3434E-03 0.1045E+02 0.4440E+06 0.2518E+02  9.864 0.7855 0.5947E-05 0.1000E+01
1470 0.4412E-01 0.2023E+04 0.3400E-03 0.1044E+02 0.4438E+06 0.2527E+02  9.859 0.7835 0.5873E-05 0.1000E+01
1475 0.4447E-01 0.2020E+04 0.3367E-03 0.1042E+02 0.4437E+06 0.2535E+02  9.854 0.7815 0.5800E-05 0.1000E+01
1480 0.4481E-01 0.2016E+04 0.3334E-03 0.1041E+02 0.4435E+06 0.2544E+02  9.848 0.7795 0.5728E-05 0.1000E+01
1485 0.4516E-01 0.2012E+04 0.3301E-03 0.1040E+02 0.4433E+06 0.2553E+02  9.843 0.7775 0.5657E-05 0.1000E+01
1490 0.4550E-01 0.2008E+04 0.3269E-03 0.1039E+02 0.4432E+06 0.2561E+02  9.838 0.7753 0.5587E-05 0.1000E+01
1495 0.4585E-01 0.2004E+04 0.3237E-03 0.1038E+02 0.4430E+06 0.2570E+02  9.833 0.7732 0.5517E-05 0.1000E+01
1500 0.4619E-01 0.2000E+04 0.3205E-03 0.1037E+02 0.4428E+06 0.2579E+02  9.828 0.7710 0.5449E-05 0.1000E+01
1505 0.4654E-01 0.1997E+04 0.3173E-03 0.1035E+02 0.4426E+06 0.2587E+02  9.823 0.7688 0.5381E-05 0.1000E+01
1510 0.4688E-01 0.1993E+04 0.3141E-03 0.1034E+02 0.4425E+06 0.2596E+02  9.817 0.7666 0.5314E-05 0.1000E+01
1515 0.4723E-01 0.1989E+04 0.3110E-03 0.1033E+02 0.4423E+06 0.2605E+02  9.812 0.7643 0.5248E-05 0.1000E+01
1520 0.4757E-01 0.1985E+04 0.3079E-03 0.1032E+02 0.4421E+06 0.2614E+02  9.807 0.7620 0.5183E-05 0.1000E+01
1525 0.4792E-01 0.1981E+04 0.3048E-03 0.1031E+02 0.4419E+06 0.2623E+02  9.802 0.7597 0.5118E-05 0.1000E+01
1530 0.4826E-01 0.1977E+04 0.3018E-03 0.1030E+02 0.4418E+06 0.2631E+02  9.797 0.7574 0.5055E-05 0.1000E+01
1535 0.4861E-01 0.1973E+04 0.2987E-03 0.1029E+02 0.4416E+06 0.2640E+02  9.791 0.7550 0.4992E-05 0.1000E+01
1540 0.4896E-01 0.1969E+04 0.2957E-03 0.1027E+02 0.4414E+06 0.2649E+02  9.786 0.7526 0.4930E-05 0.1000E+01
1545 0.4930E-01 0.1966E+04 0.2927E-03 0.1026E+02 0.4412E+06 0.2658E+02  9.781 0.7502 0.4869E-05 0.1000E+01
1550 0.4965E-01 0.1962E+04 0.2898E-03 0.1025E+02 0.4410E+06 0.2667E+02  9.776 0.7477 0.4808E-05 0.1000E+01
1555 0.5000E-01 0.1958E+04 0.2868E-03 0.1024E+02 0.4408E+06 0.2676E+02  9.771 0.7453 0.4749E-05 0.1000E+01
1556 0.5000E-01 0.1958E+04 0.2868E-03 0.1024E+02 0.4408E+06 0.2676E+02  9.771 0.7455 0.4748E-05 0.1000E+01
1560 0.5028E-01 0.1954E+04 0.2843E-03 0.1023E+02 0.4406E+06 0.2684E+02  9.766 0.7435 0.4701E-05 0.1000E+01
1565 0.5063E-01 0.1950E+04 0.2814E-03 0.1022E+02 0.4404E+06 0.2693E+02  9.761 0.7410 0.4643E-05 0.1000E+01
1570 0.5098E-01 0.1947E+04 0.2786E-03 0.1021E+02 0.4402E+06 0.2702E+02  9.756 0.7384 0.4585E-05 0.1000E+01
1575 0.5132E-01 0.1943E+04 0.2757E-03 0.1020E+02 0.4400E+06 0.2711E+02  9.750 0.7358 0.4528E-05 0.1000E+01
1580 0.5167E-01 0.1939E+04 0.2729E-03 0.1018E+02 0.4398E+06 0.2720E+02  9.745 0.7332 0.4472E-05 0.1000E+01
1585 0.5202E-01 0.1935E+04 0.2700E-03 0.1017E+02 0.4396E+06 0.2729E+02  9.740 0.7306 0.4416E-05 0.1000E+01
1590 0.5237E-01 0.1931E+04 0.2672E-03 0.1016E+02 0.4394E+06 0.2738E+02  9.735 0.7279 0.4361E-05 0.1000E+01
1595 0.5273E-01 0.1927E+04 0.2645E-03 0.1015E+02 0.4392E+06 0.2747E+02  9.729 0.7252 0.4307E-05 0.1000E+01
1600 0.5308E-01 0.1923E+04 0.2617E-03 0.1014E+02 0.4390E+06 0.2757E+02  9.724 0.7225 0.4254E-05 0.1000E+01
1605 0.5343E-01 0.1919E+04 0.2590E-03 0.1013E+02 0.4387E+06 0.2766E+02  9.719 0.7197 0.4201E-05 0.1000E+01
1610 0.5378E-01 0.1915E+04 0.2563E-03 0.1012E+02 0.4385E+06 0.2775E+02  9.714 0.7170 0.4149E-05 0.1000E+01
1615 0.5414E-01 0.1911E+04 0.2536E-03 0.1011E+02 0.4383E+06 0.2784E+02  9.708 0.7141 0.4097E-05 0.1000E+01
1620 0.5449E-01 0.1907E+04 0.2509E-03 0.1009E+02 0.4381E+06 0.2794E+02  9.703 0.7113 0.4046E-05 0.1000E+01
1625 0.5485E-01 0.1903E+04 0.2483E-03 0.1008E+02 0.4378E+06 0.2803E+02  9.698 0.7084 0.3996E-05 0.1000E+01
1630 0.5520E-01 0.1899E+04 0.2457E-03 0.1007E+02 0.4376E+06 0.2813E+02  9.692 0.7056 0.3946E-05 0.1000E+01
1635 0.5556E-01 0.1895E+04 0.2431E-03 0.1006E+02 0.4374E+06 0.2822E+02  9.687 0.7026 0.3897E-05 0.1000E+01
1640 0.5592E-01 0.1891E+04 0.2405E-03 0.1005E+02 0.4371E+06 0.2831E+02  9.682 0.6997 0.3849E-05 0.1000E+01
1645 0.5627E-01 0.1887E+04 0.2379E-03 0.1004E+02 0.4369E+06 0.2841E+02  9.676 0.6967 0.3801E-05 0.1000E+01
1650 0.5663E-01 0.1883E+04 0.2354E-03 0.1003E+02 0.4367E+06 0.2850E+02  9.671 0.6937 0.3754E-05 0.1000E+01
1655 0.5699E-01 0.1879E+04 0.2329E-03 0.1002E+02 0.4364E+06 0.2860E+02  9.666 0.6906 0.3707E-05 0.1000E+01
1660 0.5736E-01 0.1875E+04 0.2304E-03 0.1000E+02 0.4362E+06 0.2870E+02  9.660 0.6875 0.3661E-05 0.1000E+01
1665 0.5772E-01 0.1871E+04 0.2279E-03 0.9994E+01 0.4359E+06 0.2879E+02  9.655 0.6846 0.3616E-05 0.1000E+01
1670 0.5808E-01 0.1867E+04 0.2254E-03 0.9982E+01 0.4357E+06 0.2889E+02  9.649 0.6817 0.3571E-05 0.1000E+01
1675 0.5844E-01 0.1863E+04 0.2229E-03 0.9971E+01 0.4354E+06 0.2899E+02  9.644 0.6786 0.3527E-05 0.1000E+01
1680 0.5881E-01 0.1859E+04 0.2205E-03 0.9960E+01 0.4352E+06 0.2909E+02  9.639 0.6756 0.3483E-05 0.1000E+01
1685 0.5918E-01 0.1855E+04 0.2181E-03 0.9949E+01 0.4349E+06 0.2918E+02  9.633 0.6725 0.3439E-05 0.1000E+01
1690 0.5954E-01 0.1850E+04 0.2156E-03 0.9938E+01 0.4346E+06 0.2928E+02  9.628 0.6694 0.3397E-05 0.1000E+01
1695 0.5991E-01 0.1846E+04 0.2133E-03 0.9927E+01 0.4344E+06 0.2938E+02  9.622 0.6664 0.3355E-05 0.1000E+01
1700 0.6028E-01 0.1842E+04 0.2109E-03 0.9916E+01 0.4341E+06 0.2948E+02  9.617 0.6633 0.3313E-05 0.1000E+01
1705 0.6065E-01 0.1838E+04 0.2085E-03 0.9905E+01 0.4339E+06 0.2958E+02  9.611 0.6602 0.3272E-05 0.1000E+01
1710 0.6103E-01 0.1834E+04 0.2061E-03 0.9894E+01 0.4336E+06 0.2968E+02  9.606 0.6572 0.3231E-05 0.1000E+01
1715 0.6140E-01 0.1829E+04 0.2038E-03 0.9883E+01 0.4333E+06 0.2978E+02  9.600 0.6541 0.3191E-05 0.1000E+01
1720 0.6178E-01 0.1825E+04 0.2014E-03 0.9872E+01 0.4330E+06 0.2988E+02  9.595 0.6512 0.3151E-05 0.1000E+01
1725 0.6215E-01 0.1821E+04 0.1990E-03 0.9861E+01 0.4327E+06 0.2998E+02  9.589 0.6483 0.3112E-05 0.1000E+01
1730 0.6253E-01 0.1816E+04 0.1967E-03 0.9850E+01 0.4325E+06 0.3008E+02  9.584 0.6454 0.3074E-05 0.1000E+01
1735 0.6291E-01 0.1812E+04 0.1943E-03 0.9839E+01 0.4322E+06 0.3018E+02  9.578 0.6426 0.3035E-05 0.1000E+01
1740 0.6329E-01 0.1807E+04 0.1919E-03 0.9828E+01 0.4319E+06 0.3028E+02  9.573 0.6399 0.2998E-05 0.1000E+01
1745 0.6367E-01 0.1803E+04 0.1896E-03 0.9817E+01 0.4316E+06 0.3038E+02  9.567 0.6372 0.2960E-05 0.1000E+01
1750 0.6406E-01 0.1798E+04 0.1872E-03 0.9806E+01 0.4313E+06 0.3048E+02  9.562 0.6345 0.2924E-05 0.1000E+01
1755 0.6444E-01 0.1793E+04 0.1848E-03 0.9795E+01 0.4310E+06 0.3059E+02  9.556 0.6318 0.2887E-05 0.1000E+01
1760 0.6483E-01 0.1789E+04 0.1825E-03 0.9785E+01 0.4307E+06 0.3069E+02  9.551 0.6292 0.2852E-05 0.1000E+01
1765 0.6522E-01 0.1784E+04 0.1802E-03 0.9774E+01 0.4304E+06 0.3079E+02  9.545 0.6266 0.2816E-05 0.1000E+01
1770 0.6561E-01 0.1779E+04 0.1778E-03 0.9763E+01 0.4301E+06 0.3089E+02  9.539 0.6241 0.2781E-05 0.1000E+01
1775 0.6601E-01 0.1774E+04 0.1755E-03 0.9753E+01 0.4298E+06 0.3099E+02  9.534 0.6215 0.2747E-05 0.1000E+01
1780 0.6640E-01 0.1769E+04 0.1732E-03 0.9742E+01 0.4295E+06 0.3109E+02  9.528 0.6190 0.2713E-05 0.1000E+01
1785 0.6680E-01 0.1764E+04 0.1710E-03 0.9731E+01 0.4292E+06 0.3120E+02  9.523 0.6165 0.2679E-05 0.1000E+01
1790 0.6720E-01 0.1760E+04 0.1687E-03 0.9721E+01 0.4289E+06 0.3130E+02  9.518 0.6140 0.2646E-05 0.1000E+01
1795 0.6760E-01 0.1755E+04 0.1665E-03 0.9710E+01 0.4286E+06 0.3140E+02  9.512 0.6115 0.2613E-05 0.1000E+01
1800 0.6800E-01 0.1750E+04 0.1642E-03 0.9700E+01 0.4282E+06 0.3150E+02  9.507 0.6090 0.2580E-05 0.1000E+01
1805 0.6840E-01 0.1745E+04 0.1620E-03 0.9690E+01 0.4279E+06 0.3160E+02  9.501 0.6066 0.2548E-05 0.1000E+01
1810 0.6881E-01 0.1740E+04 0.1598E-03 0.9679E+01 0.4276E+06 0.3171E+02  9.496 0.6041 0.2517E-05 0.1000E+01
1815 0.6922E-01 0.1735E+04 0.1576E-03 0.9669E+01 0.4273E+06 0.3181E+02  9.490 0.6016 0.2485E-05 0.1000E+01
1820 0.6963E-01 0.1730E+04 0.1555E-03 0.9659E+01 0.4270E+06 0.3191E+02  9.485 0.5991 0.2454E-05 0.1000E+01
1825 0.7000E-01 0.1725E+04 0.1536E-03 0.9650E+01 0.4267E+06 0.3200E+02  9.480 0.5971 0.2427E-05 0.1000E+01
1825 0.7000E-01 0.1725E+04 0.1536E-03 0.9650E+01 0.4267E+06 0.3200E+02  9.480 0.5971 0.2427E-05 0.1000E+01
1830 0.7042E-01 0.1720E+04 0.1514E-03 0.9640E+01 0.4264E+06 0.3210E+02  9.474 0.5947 0.2397E-05 0.1000E+01
1835 0.7083E-01 0.1715E+04 0.1493E-03 0.9629E+01 0.4260E+06 0.3221E+02  9.469 0.5925 0.2367E-05 0.1000E+01
1840 0.7125E-01 0.1709E+04 0.1471E-03 0.9619E+01 0.4257E+06 0.3231E+02  9.464 0.5902 0.2338E-05 0.1000E+01
1845 0.7168E-01 0.1704E+04 0.1450E-03 0.9609E+01 0.4254E+06 0.3241E+02  9.458 0.5879 0.2309E-05 0.1000E+01
1850 0.7210E-01 0.1699E+04 0.1430E-03 0.9599E+01 0.4251E+06 0.3251E+02  9.453 0.5855 0.2280E-05 0.1000E+01
1855 0.7253E-01 0.1694E+04 0.1410E-03 0.9590E+01 0.4247E+06 0.3261E+02  9.448 0.5832 0.2252E-05 0.1000E+01
1860 0.7296E-01 0.1689E+04 0.1390E-03 0.9580E+01 0.4244E+06 0.3271E+02  9.442 0.5807 0.2224E-05 0.1000E+01
1865 0.7339E-01 0.1684E+04 0.1370E-03 0.9570E+01 0.4241E+06 0.3281E+02  9.437 0.5782 0.2196E-05 0.1000E+01
1870 0.7382E-01 0.1678E+04 0.1351E-03 0.9560E+01 0.4237E+06 0.3292E+02  9.432 0.5757 0.2169E-05 0.1000E+01
1875 0.7426E-01 0.1673E+04 0.1332E-03 0.9550E+01 0.4234E+06 0.3302E+02  9.426 0.5731 0.2142E-05 0.1000E+01
1880 0.7470E-01 0.1668E+04 0.1313E-03 0.9541E+01 0.4231E+06 0.3312E+02  9.421 0.5705 0.2115E-05 0.1000E+01
1885 0.7515E-01 0.1663E+04 0.1295E-03 0.9531E+01 0.4227E+06 0.3322E+02  9.416 0.5678 0.2089E-05 0.1000E+01
1890 0.7559E-01 0.1658E+04 0.1277E-03 0.9521E+01 0.4224E+06 0.3332E+02  9.410 0.5651 0.2063E-05 0.1000E+01
1895 0.7604E-01 0.1653E+04 0.1259E-03 0.9512E+01 0.4221E+06 0.3342E+02  9.405 0.5624 0.2038E-05 0.1000E+01
1900 0.7649E-01 0.1648E+04 0.1242E-03 0.9502E+01 0.4217E+06 0.3352E+02  9.400 0.5597 0.2012E-05 0.1000E+01
1905 0.7695E-01 0.1643E+04 0.1224E-03 0.9493E+01 0.4214E+06 0.3362E+02  9.394 0.5569 0.1987E-05 0.1000E+01
1910 0.7740E-01 0.1638E+04 0.1207E-03 0.9483E+01 0.4210E+06 0.3373E+02  9.389 0.5542 0.1963E-05 0.1000E+01
1915 0.7786E-01 0.1633E+04 0.1190E-03 0.9474E+01 0.4207E+06 0.3383E+02  9.384 0.5514 0.1938E-05 0.1000E+01
1920 0.7833E-01 0.1629E+04 0.1173E-03 0.9464E+01 0.4203E+06 0.3393E+02  9.379 0.5486 0.1914E-05 0.1000E+01
1925 0.7879E-01 0.1624E+04 0.1157E-03 0.9455E+01 0.4200E+06 0.3403E+02  9.373 0.5457 0.1890E-05 0.1000E+01
1930 0.7926E-01 0.1619E+04 0.1141E-03 0.9446E+01 0.4196E+06 0.3413E+02  9.368 0.5428 0.1867E-05 0.1000E+01
1935 0.7974E-01 0.1614E+04 0.1125E-03 0.9436E+01 0.4193E+06 0.3424E+02  9.363 0.5400 0.1844E-05 0.1000E+01
1940 0.8021E-01 0.1609E+04 0.1109E-03 0.9427E+01 0.4189E+06 0.3434E+02  9.357 0.5370 0.1821E-05 0.1000E+01
1945 0.8069E-01 0.1604E+04 0.1093E-03 0.9418E+01 0.4186E+06 0.3444E+02  9.352 0.5341 0.1798E-05 0.1000E+01
1950 0.8118E-01 0.1599E+04 0.1078E-03 0.9408E+01 0.4182E+06 0.3454E+02  9.347 0.5312 0.1776E-05 0.1000E+01
1955 0.8166E-01 0.1594E+04 0.1063E-03 0.9399E+01 0.4179E+06 0.3464E+02  9.341 0.5282 0.1754E-05 0.1000E+01
1960 0.8215E-01 0.1589E+04 0.1048E-03 0.9390E+01 0.4175E+06 0.3475E+02  9.336 0.5252 0.1732E-05 0.1000E+01
1965 0.8265E-01 0.1584E+04 0.1033E-03 0.9381E+01 0.4171E+06 0.3485E+02  9.331 0.5222 0.1711E-05 0.1000E+01
1970 0.8315E-01 0.1580E+04 0.1018E-03 0.9372E+01 0.4168E+06 0.3495E+02  9.326 0.5192 0.1689E-05 0.1000E+01
1975 0.8365E-01 0.1575E+04 0.1004E-03 0.9363E+01 0.4164E+06 0.3506E+02  9.320 0.5162 0.1668E-05 0.1000E+01
1980 0.8415E-01 0.1570E+04 0.9893E-04 0.9353E+01 0.4160E+06 0.3516E+02  9.315 0.5132 0.1648E-05 0.1000E+01
1985 0.8466E-01 0.1565E+04 0.9752E-04 0.9344E+01 0.4156E+06 0.3526E+02  9.310 0.5102 0.1627E-05 0.1000E+01
1990 0.8518E-01 0.1560E+04 0.9614E-04 0.9335E+01 0.4153E+06 0.3537E+02  9.304 0.5071 0.1607E-05 0.1000E+01
1995 0.8570E-01 0.1555E+04 0.9478E-04 0.9326E+01 0.4149E+06 0.3547E+02  9.299 0.5039 0.1587E-05 0.1000E+01
2000 0.8622E-01 0.1551E+04 0.9346E-04 0.9317E+01 0.4145E+06 0.3557E+02  9.294 0.5007 0.1567E-05 0.1000E+01
2005 0.8674E-01 0.1546E+04 0.9216E-04 0.9308E+01 0.4141E+06 0.3568E+02  9.288 0.4973 0.1548E-05 0.1000E+01
2010 0.8727E-01 0.1541E+04 0.9089E-04 0.9299E+01 0.4137E+06 0.3578E+02  9.283 0.4939 0.1529E-05 0.1000E+01
2015 0.8781E-01 0.1537E+04 0.8966E-04 0.9290E+01 0.4133E+06 0.3589E+02  9.278 0.4903 0.1510E-05 0.1000E+01
2020 0.8835E-01 0.1532E+04 0.8846E-04 0.9281E+01 0.4130E+06 0.3599E+02  9.272 0.4867 0.1491E-05 0.1000E+01
2025 0.8889E-01 0.1528E+04 0.8729E-04 0.9272E+01 0.4126E+06 0.3610E+02  9.267 0.4829 0.1473E-05 0.1000E+01
2030 0.8944E-01 0.1524E+04 0.8618E-04 0.9263E+01 0.4122E+06 0.3621E+02  9.262 0.4789 0.1454E-05 0.1000E+01
2035 0.8999E-01 0.1520E+04 0.8507E-04 0.9254E+01 0.4118E+06 0.3631E+02  9.256 0.4749 0.1436E-05 0.1000E+01
2040 0.9055E-01 0.1516E+04 0.8399E-04 0.9245E+01 0.4114E+06 0.3642E+02  9.251 0.4708 0.1418E-05 0.1000E+01
2045 0.9112E-01 0.1512E+04 0.8295E-04 0.9236E+01 0.4109E+06 0.3653E+02  9.245 0.4665 0.1401E-05 0.1000E+01
2050 0.9168E-01 0.1508E+04 0.8192E-04 0.9227E+01 0.4105E+06 0.3664E+02  9.240 0.4622 0.1383E-05 0.1000E+01
2055 0.9226E-01 0.1504E+04 0.8091E-04 0.9218E+01 0.4101E+06 0.3675E+02  9.234 0.4579 0.1366E-05 0.1000E+01
2060 0.9284E-01 0.1500E+04 0.7992E-04 0.9208E+01 0.4097E+06 0.3686E+02  9.228 0.4534 0.1349E-05 0.1000E+01
2065 0.9342E-01 0.1496E+04 0.7894E-04 0.9199E+01 0.4093E+06 0.3697E+02  9.223 0.4489 0.1333E-05 0.1000E+01
2070 0.9401E-01 0.1492E+04 0.7798E-04 0.9190E+01 0.4088E+06 0.3708E+02  9.217 0.4444 0.1316E-05 0.1000E+01
2075 0.9461E-01 0.1488E+04 0.7704E-04 0.9181E+01 0.4084E+06 0.3719E+02  9.211 0.4398 0.1300E-05 0.1000E+01
2080 0.9521E-01 0.1485E+04 0.7610E-04 0.9171E+01 0.4079E+06 0.3731E+02  9.206 0.4353 0.1284E-05 0.1000E+01
2085 0.9582E-01 0.1481E+04 0.7518E-04 0.9162E+01 0.4075E+06 0.3742E+02  9.200 0.4306 0.1268E-05 0.1000E+01
2090 0.9644E-01 0.1477E+04 0.7427E-04 0.9153E+01 0.4070E+06 0.3754E+02  9.194 0.4260 0.1252E-05 0.1000E+01
2095 0.9706E-01 0.1473E+04 0.7337E-04 0.9143E+01 0.4066E+06 0.3766E+02  9.188 0.4214 0.1236E-05 0.1000E+01
2100 0.9769E-01 0.1470E+04 0.7246E-04 0.9134E+01 0.4061E+06 0.3777E+02  9.182 0.4168 0.1221E-05 0.1000E+01
2105 0.9832E-01 0.1466E+04 0.7156E-04 0.9124E+01 0.4056E+06 0.3789E+02  9.176 0.4122 0.1206E-05 0.1000E+01
2110 0.9897E-01 0.1462E+04 0.7067E-04 0.9115E+01 0.4052E+06 0.3801E+02  9.170 0.4076 0.1191E-05 0.1000E+01
2115 0.9962E-01 0.1458E+04 0.6979E-04 0.9105E+01 0.4047E+06 0.3813E+02  9.164 0.4030 0.1176E-05 0.1000E+01
2118 0.1000E+00 0.1456E+04 0.6927E-04 0.9099E+01 0.4044E+06 0.3821E+02  9.161 0.4003 0.1168E-05 0.1000E+01
2120 0.1003E+00 0.1454E+04 0.6892E-04 0.9095E+01 0.4042E+06 0.3825E+02  9.158 0.3985 0.1162E-05 0.1000E+01
2125 0.1009E+00 0.1450E+04 0.6805E-04 0.9086E+01 0.4037E+06 0.3838E+02  9.152 0.3938 0.1147E-05 0.1000E+01
2130 0.1016E+00 0.1447E+04 0.6719E-04 0.9076E+01 0.4032E+06 0.3850E+02  9.146 0.3892 0.1133E-05 0.1000E+01
2135 0.1023E+00 0.1443E+04 0.6633E-04 0.9066E+01 0.4027E+06 0.3863E+02  9.140 0.3846 0.1119E-05 0.1000E+01
2140 0.1030E+00 0.1439E+04 0.6548E-04 0.9056E+01 0.4022E+06 0.3875E+02  9.133 0.3800 0.1105E-05 0.1000E+01
2145 0.1037E+00 0.1435E+04 0.6464E-04 0.9047E+01 0.4017E+06 0.3888E+02  9.127 0.3754 0.1091E-05 0.1000E+01
2150 0.1044E+00 0.1431E+04 0.6380E-04 0.9037E+01 0.4011E+06 0.3901E+02  9.121 0.3708 0.1078E-05 0.1000E+01
2155 0.1051E+00 0.1427E+04 0.6296E-04 0.9027E+01 0.4006E+06 0.3914E+02  9.114 0.3663 0.1064E-05 0.1000E+01
2160 0.1058E+00 0.1423E+04 0.6213E-04 0.9017E+01 0.4001E+06 0.3927E+02  9.108 0.3617 0.1051E-05 0.1000E+01
2165 0.1066E+00 0.1419E+04 0.6130E-04 0.9007E+01 0.3995E+06 0.3940E+02  9.101 0.3571 0.1038E-05 0.1000E+01
2170 0.1073E+00 0.1415E+04 0.6048E-04 0.8996E+01 0.3989E+06 0.3954E+02  9.094 0.3526 0.1025E-05 0.1000E+01
2175 0.1081E+00 0.1411E+04 0.5966E-04 0.8986E+01 0.3984E+06 0.3967E+02  9.088 0.3480 0.1013E-05 0.1000E+01
2180 0.1088E+00 0.1407E+04 0.5884E-04 0.8976E+01 0.3978E+06 0.3981E+02  9.081 0.3435 0.1000E-05 0.1000E+01
2185 0.1101E+00 0.1401E+04 0.5756E-04 0.8960E+01 0.3969E+06 0.4003E+02  9.070 0.3362 0.9804E-06 0.1000E+01
2190 0.1116E+00 0.1393E+04 0.5599E-04 0.8939E+01 0.3957E+06 0.4030E+02  9.057 0.3275 0.9569E-06 0.1000E+01
2195 0.1132E+00 0.1385E+04 0.5446E-04 0.8919E+01 0.3946E+06 0.4057E+02  9.043 0.3191 0.9343E-06 0.1000E+01
2200 0.1148E+00 0.1377E+04 0.5297E-04 0.8900E+01 0.3934E+06 0.4085E+02  9.030 0.3108 0.9126E-06 0.1000E+01
2205 0.1165E+00 0.1369E+04 0.5153E-04 0.8880E+01 0.3922E+06 0.4112E+02  9.016 0.3028 0.8919E-06 0.1000E+01
2210 0.1181E+00 0.1361E+04 0.5012E-04 0.8860E+01 0.3910E+06 0.4140E+02  9.003 0.2949 0.8720E-06 0.1000E+01
2215 0.1198E+00 0.1353E+04 0.4875E-04 0.8841E+01 0.3898E+06 0.4167E+02  8.989 0.2872 0.8529E-06 0.1000E+01
2220 0.1214E+00 0.1345E+04 0.4742E-04 0.8822E+01 0.3886E+06 0.4194E+02  8.976 0.2797 0.8346E-06 0.1000E+01
2225 0.1231E+00 0.1337E+04 0.4613E-04 0.8803E+01 0.3874E+06 0.4222E+02  8.963 0.2724 0.8170E-06 0.1000E+01
2230 0.1249E+00 0.1329E+04 0.4488E-04 0.8784E+01 0.3862E+06 0.4249E+02  8.949 0.2653 0.8001E-06 0.1000E+01
2235 0.1266E+00 0.1322E+04 0.4365E-04 0.8765E+01 0.3850E+06 0.4276E+02  8.936 0.2584 0.7839E-06 0.1000E+01
2240 0.1284E+00 0.1314E+04 0.4246E-04 0.8747E+01 0.3838E+06 0.4304E+02  8.923 0.2516 0.7684E-06 0.1000E+01
2245 0.1302E+00 0.1306E+04 0.4130E-04 0.8728E+01 0.3825E+06 0.4331E+02  8.909 0.2450 0.7534E-06 0.1000E+01
2250 0.1320E+00 0.1298E+04 0.4017E-04 0.8710E+01 0.3813E+06 0.4358E+02  8.896 0.2386 0.7390E-06 0.1000E+01
2255 0.1339E+00 0.1291E+04 0.3907E-04 0.8692E+01 0.3800E+06 0.4386E+02  8.883 0.2323 0.7252E-06 0.1000E+01
2260 0.1358E+00 0.1283E+04 0.3801E-04 0.8674E+01 0.3788E+06 0.4413E+02  8.870 0.2261 0.7119E-06 0.1000E+01
2265 0.1377E+00 0.1276E+04 0.3697E-04 0.8656E+01 0.3775E+06 0.4440E+02  8.856 0.2201 0.6992E-06 0.1000E+01
2270 0.1396E+00 0.1268E+04 0.3597E-04 0.8639E+01 0.3763E+06 0.4467E+02  8.843 0.2143 0.6869E-06 0.1000E+01
2275 0.1416E+00 0.1261E+04 0.3499E-04 0.8621E+01 0.3750E+06 0.4494E+02  8.830 0.2085 0.6751E-06 0.1000E+01
2280 0.1436E+00 0.1254E+04 0.3404E-04 0.8604E+01 0.3737E+06 0.4522E+02  8.817 0.2030 0.6637E-06 0.1000E+01
2285 0.1456E+00 0.1246E+04 0.3312E-04 0.8587E+01 0.3724E+06 0.4549E+02  8.804 0.1975 0.6528E-06 0.1000E+01
2290 0.1477E+00 0.1239E+04 0.3222E-04 0.8570E+01 0.3712E+06 0.4576E+02  8.790 0.1922 0.6423E-06 0.1000E+01
2295 0.1498E+00 0.1232E+04 0.3135E-04 0.8553E+01 0.3699E+06 0.4603E+02  8.777 0.1870 0.6321E-06 0.1000E+01
2296 0.1500E+00 0.1231E+04 0.3127E-04 0.8551E+01 0.3697E+06 0.4605E+02  8.776 0.1866 0.6312E-06 0.1000E+01
2300 0.1517E+00 0.1225E+04 0.3059E-04 0.8538E+01 0.3687E+06 0.4627E+02  8.766 0.1824 0.6235E-06 0.1000E+01
2305 0.1539E+00 0.1218E+04 0.2977E-04 0.8521E+01 0.3674E+06 0.4654E+02  8.753 0.1775 0.6141E-06 0.1000E+01
2310 0.1561E+00 0.1211E+04 0.2897E-04 0.8505E+01 0.3661E+06 0.4681E+02  8.740 0.1726 0.6050E-06 0.1000E+01
2315 0.1583E+00 0.1204E+04 0.2818E-04 0.8488E+01 0.3648E+06 0.4708E+02  8.727 0.1679 0.5963E-06 0.1000E+01
2320 0.1606E+00 0.1197E+04 0.2742E-04 0.8472E+01 0.3635E+06 0.4735E+02  8.713 0.1633 0.5879E-06 0.1000E+01
2325 0.1629E+00 0.1190E+04 0.2668E-04 0.8456E+01 0.3621E+06 0.4762E+02  8.700 0.1588 0.5799E-06 0.1000E+01
2330 0.1653E+00 0.1183E+04 0.2595E-04 0.8440E+01 0.3608E+06 0.4789E+02  8.687 0.1544 0.5721E-06 0.1000E+01
2335 0.1677E+00 0.1176E+04 0.2525E-04 0.8425E+01 0.3595E+06 0.4816E+02  8.674 0.1501 0.5646E-06 0.1000E+01
2340 0.1701E+00 0.1169E+04 0.2457E-04 0.8409E+01 0.3582E+06 0.4843E+02  8.661 0.1459 0.5574E-06 0.1000E+01
2345 0.1726E+00 0.1162E+04 0.2390E-04 0.8393E+01 0.3568E+06 0.4870E+02  8.648 0.1418 0.5504E-06 0.1000E+01
2350 0.1752E+00 0.1155E+04 0.2326E-04 0.8378E+01 0.3555E+06 0.4897E+02  8.635 0.1379 0.5438E-06 0.1000E+01
2355 0.1777E+00 0.1148E+04 0.2262E-04 0.8363E+01 0.3541E+06 0.4923E+02  8.623 0.1340 0.5373E-06 0.1000E+01
2360 0.1804E+00 0.1141E+04 0.2201E-04 0.8348E+01 0.3528E+06 0.4950E+02  8.610 0.1302 0.5311E-06 0.1000E+01
2365 0.1831E+00 0.1134E+04 0.2140E-04 0.8333E+01 0.3514E+06 0.4977E+02  8.597 0.1265 0.5252E-06 0.1000E+01
2370 0.1858E+00 0.1127E+04 0.2082E-04 0.8318E+01 0.3500E+06 0.5004E+02  8.584 0.1230 0.5194E-06 0.1000E+01
2375 0.1886E+00 0.1120E+04 0.2024E-04 0.8303E+01 0.3487E+06 0.5030E+02  8.571 0.1195 0.5139E-06 0.1000E+01
2380 0.1914E+00 0.1114E+04 0.1967E-04 0.8288E+01 0.3473E+06 0.5057E+02  8.558 0.1162 0.5085E-06 0.1000E+01
2385 0.1943E+00 0.1107E+04 0.1911E-04 0.8274E+01 0.3460E+06 0.5084E+02  8.545 0.1129 0.5034E-06 0.1000E+01
2390 0.1973E+00 0.1099E+04 0.1856E-04 0.8259E+01 0.3446E+06 0.5110E+02  8.532 0.1098 0.4984E-06 0.1000E+01
2395 0.2000E+00 0.1093E+04 0.1808E-04 0.8246E+01 0.3434E+06 0.5134E+02  8.521 0.1072 0.4941E-06 0.1000E+01
2395 0.2000E+00 0.1093E+04 0.1808E-04 0.8246E+01 0.3434E+06 0.5134E+02  8.521 0.1072 0.4941E-06 0.1000E+01
2400 0.2031E+00 0.1086E+04 0.1754E-04 0.8232E+01 0.3420E+06 0.5160E+02  8.508 0.1043 0.4895E-06 0.1000E+01
2405 0.2062E+00 0.1078E+04 0.1700E-04 0.8218E+01 0.3406E+06 0.5187E+02  8.495 0.1016 0.4850E-06 0.1000E+01
2410 0.2095E+00 0.1071E+04 0.1647E-04 0.8204E+01 0.3392E+06 0.5213E+02  8.482 0.0989 0.4807E-06 0.1000E+01
2415 0.2128E+00 0.1063E+04 0.1595E-04 0.8190E+01 0.3379E+06 0.5240E+02  8.469 0.0965 0.4765E-06 0.1000E+01
2420 0.2162E+00 0.1055E+04 0.1543E-04 0.8177E+01 0.3365E+06 0.5266E+02  8.457 0.0941 0.4724E-06 0.1000E+01
2425 0.2196E+00 0.1047E+04 0.1492E-04 0.8163E+01 0.3351E+06 0.5292E+02  8.444 0.0918 0.4685E-06 0.1000E+01
2430 0.2232E+00 0.1039E+04 0.1443E-04 0.8150E+01 0.3337E+06 0.5318E+02  8.431 0.0895 0.4647E-06 0.1000E+01
2435 0.2269E+00 0.1031E+04 0.1395E-04 0.8136E+01 0.3323E+06 0.5344E+02  8.418 0.0873 0.4610E-06 0.1000E+01
2440 0.2307E+00 0.1023E+04 0.1348E-04 0.8123E+01 0.3309E+06 0.5371E+02  8.406 0.0852 0.4575E-06 0.1000E+01
2445 0.2345E+00 0.1015E+04 0.1302E-04 0.8110E+01 0.3295E+06 0.5397E+02  8.393 0.0831 0.4540E-06 0.1000E+01
2450 0.2385E+00 0.1008E+04 0.1258E-04 0.8096E+01 0.3281E+06 0.5423E+02  8.380 0.0811 0.4507E-06 0.1000E+01
2455 0.2426E+00 0.9997E+03 0.1216E-04 0.8083E+01 0.3267E+06 0.5449E+02  8.367 0.0790 0.4474E-06 0.1000E+01
2460 0.2468E+00 0.9919E+03 0.1174E-04 0.8071E+01 0.3253E+06 0.5475E+02  8.355 0.0771 0.4443E-06 0.1000E+01
2464 0.2500E+00 0.9861E+03 0.1145E-04 0.8061E+01 0.3243E+06 0.5494E+02  8.345 0.0757 0.4420E-06 0.1000E+01
2465 0.2509E+00 0.9846E+03 0.1137E-04 0.8059E+01 0.3240E+06 0.5499E+02  8.343 0.0753 0.4414E-06 0.1000E+01
2470 0.2553E+00 0.9768E+03 0.1098E-04 0.8046E+01 0.3226E+06 0.5525E+02  8.330 0.0734 0.4385E-06 0.1000E+01
2475 0.2599E+00 0.9691E+03 0.1060E-04 0.8033E+01 0.3212E+06 0.5551E+02  8.317 0.0715 0.4356E-06 0.1000E+01
2480 0.2646E+00 0.9614E+03 0.1024E-04 0.8021E+01 0.3198E+06 0.5576E+02  8.305 0.0697 0.4329E-06 0.1000E+01
2485 0.2694E+00 0.9537E+03 0.9884E-05 0.8008E+01 0.3184E+06 0.5602E+02  8.292 0.0679 0.4302E-06 0.1000E+01
2490 0.2743E+00 0.9461E+03 0.9542E-05 0.7996E+01 0.3170E+06 0.5628E+02  8.280 0.0661 0.4276E-06 0.1000E+01
2495 0.2794E+00 0.9385E+03 0.9211E-05 0.7984E+01 0.3156E+06 0.5653E+02  8.267 0.0644 0.4251E-06 0.1000E+01
2500 0.2847E+00 0.9309E+03 0.8889E-05 0.7972E+01 0.3142E+06 0.5679E+02  8.254 0.0628 0.4227E-06 0.1000E+01
2505 0.2901E+00 0.9233E+03 0.8578E-05 0.7960E+01 0.3128E+06 0.5704E+02  8.242 0.0611 0.4204E-06 0.1000E+01
2510 0.2957E+00 0.9158E+03 0.8275E-05 0.7948E+01 0.3114E+06 0.5729E+02  8.229 0.0595 0.4181E-06 0.1000E+01
2514 0.3000E+00 0.9100E+03 0.8051E-05 0.7939E+01 0.3103E+06 0.5749E+02  8.220 0.0584 0.4165E-06 0.1000E+01
2515 0.3012E+00 0.9085E+03 0.7993E-05 0.7937E+01 0.3100E+06 0.5754E+02  8.217 0.0581 0.4160E-06 0.1000E+01
2520 0.3070E+00 0.9010E+03 0.7708E-05 0.7925E+01 0.3086E+06 0.5779E+02  8.204 0.0565 0.4139E-06 0.1000E+01
2525 0.3131E+00 0.8934E+03 0.7432E-05 0.7913E+01 0.3072E+06 0.5804E+02  8.192 0.0551 0.4119E-06 0.1000E+01
2530 0.3194E+00 0.8859E+03 0.7164E-05 0.7902E+01 0.3058E+06 0.5829E+02  8.179 0.0536 0.4099E-06 0.1000E+01
2535 0.3258E+00 0.8784E+03 0.6905E-05 0.7891E+01 0.3044E+06 0.5854E+02  8.167 0.0522 0.4080E-06 0.1000E+01
2540 0.3325E+00 0.8710E+03 0.6654E-05 0.7879E+01 0.3029E+06 0.5879E+02  8.154 0.0508 0.4061E-06 0.1000E+01
2545 0.3393E+00 0.8635E+03 0.6411E-05 0.7868E+01 0.3015E+06 0.5904E+02  8.142 0.0495 0.4043E-06 0.1000E+01
2550 0.3464E+00 0.8561E+03 0.6177E-05 0.7857E+01 0.3001E+06 0.5929E+02  8.129 0.0481 0.4026E-06 0.1000E+01
2553 0.3500E+00 0.8524E+03 0.6062E-05 0.7851E+01 0.2994E+06 0.5942E+02  8.123 0.0475 0.4017E-06 0.1000E+01
2555 0.3529E+00 0.8495E+03 0.5972E-05 0.7847E+01 0.2988E+06 0.5952E+02  8.118 0.0470 0.4011E-06 0.1000E+01
2560 0.3604E+00 0.8421E+03 0.5752E-05 0.7836E+01 0.2974E+06 0.5976E+02  8.105 0.0457 0.3994E-06 0.1000E+01
2565 0.3681E+00 0.8349E+03 0.5540E-05 0.7825E+01 0.2960E+06 0.6001E+02  8.093 0.0445 0.3979E-06 0.1000E+01
2570 0.3761E+00 0.8276E+03 0.5335E-05 0.7814E+01 0.2946E+06 0.6026E+02  8.080 0.0432 0.3964E-06 0.1000E+01
2575 0.3844E+00 0.8204E+03 0.5137E-05 0.7803E+01 0.2932E+06 0.6050E+02  8.068 0.0420 0.3949E-06 0.1000E+01
2580 0.3928E+00 0.8132E+03 0.4946E-05 0.7793E+01 0.2917E+06 0.6075E+02  8.055 0.0409 0.3935E-06 0.1000E+01
2585 0.4000E+00 0.8074E+03 0.4795E-05 0.7784E+01 0.2906E+06 0.6095E+02  8.045 0.0400 0.3923E-06 0.1000E+01
2585 0.4000E+00 0.8074E+03 0.4795E-05 0.7784E+01 0.2906E+06 0.6095E+02  8.045 0.0400 0.3923E-06 0.1000E+01
2590 0.4090E+00 0.8003E+03 0.4617E-05 0.7774E+01 0.2892E+06 0.6119E+02  8.033 0.0388 0.3910E-06 0.1000E+01
2595 0.4183E+00 0.7932E+03 0.4444E-05 0.7763E+01 0.2878E+06 0.6144E+02  8.020 0.0377 0.3897E-06 0.1000E+01
2600 0.4279E+00 0.7862E+03 0.4278E-05 0.7753E+01 0.2863E+06 0.6168E+02  8.008 0.0366 0.3885E-06 0.1000E+01
2605 0.4378E+00 0.7793E+03 0.4117E-05 0.7743E+01 0.2849E+06 0.6192E+02  7.995 0.0356 0.3873E-06 0.1000E+01
2610 0.4480E+00 0.7724E+03 0.3963E-05 0.7732E+01 0.2835E+06 0.6216E+02  7.983 0.0346 0.3861E-06 0.1000E+01
2611 0.4500E+00 0.7710E+03 0.3934E-05 0.7730E+01 0.2832E+06 0.6221E+02  7.980 0.0344 0.3859E-06 0.1000E+01
2615 0.4585E+00 0.7656E+03 0.3815E-05 0.7722E+01 0.2821E+06 0.6240E+02  7.970 0.0336 0.3850E-06 0.1000E+01
2620 0.4693E+00 0.7588E+03 0.3672E-05 0.7712E+01 0.2807E+06 0.6264E+02  7.958 0.0326 0.3839E-06 0.1000E+01
2625 0.4806E+00 0.7520E+03 0.3534E-05 0.7702E+01 0.2793E+06 0.6288E+02  7.945 0.0316 0.3829E-06 0.1000E+01
2630 0.4922E+00 0.7453E+03 0.3401E-05 0.7692E+01 0.2779E+06 0.6312E+02  7.933 0.0307 0.3819E-06 0.1000E+01
2634 0.5000E+00 0.7410E+03 0.3316E-05 0.7686E+01 0.2770E+06 0.6327E+02  7.925 0.0301 0.3813E-06 0.1000E+01
2635 0.5024E+00 0.7396E+03 0.3291E-05 0.7684E+01 0.2767E+06 0.6332E+02  7.922 0.0299 0.3811E-06 0.1000E+01
2640 0.5147E+00 0.7330E+03 0.3167E-05 0.7674E+01 0.2753E+06 0.6356E+02  7.910 0.0290 0.3801E-06 0.1000E+01
2645 0.5275E+00 0.7265E+03 0.3048E-05 0.7665E+01 0.2739E+06 0.6379E+02  7.897 0.0281 0.3792E-06 0.1000E+01
2650 0.5406E+00 0.7200E+03 0.2933E-05 0.7655E+01 0.2725E+06 0.6403E+02  7.885 0.0272 0.3784E-06 0.1000E+01
2654 0.5500E+00 0.7155E+03 0.2856E-05 0.7649E+01 0.2715E+06 0.6419E+02  7.876 0.0266 0.3778E-06 0.1000E+01
2655 0.5527E+00 0.7143E+03 0.2834E-05 0.7647E+01 0.2712E+06 0.6424E+02  7.874 0.0265 0.3776E-06 0.1000E+01
2660 0.5667E+00 0.7079E+03 0.2728E-05 0.7637E+01 0.2698E+06 0.6447E+02  7.861 0.0256 0.3768E-06 0.1000E+01
2665 0.5811E+00 0.7016E+03 0.2626E-05 0.7628E+01 0.2684E+06 0.6470E+02  7.849 0.0248 0.3760E-06 0.1000E+01
2670 0.5960E+00 0.6954E+03 0.2527E-05 0.7619E+01 0.2671E+06 0.6494E+02  7.836 0.0240 0.3753E-06 0.1000E+01
2672 0.6000E+00 0.6937E+03 0.2502E-05 0.7616E+01 0.2667E+06 0.6500E+02  7.833 0.0238 0.3751E-06 0.1000E+01
2675 0.6092E+00 0.6900E+03 0.2446E-05 0.7611E+01 0.2659E+06 0.6514E+02  7.826 0.0234 0.3747E-06 0.1000E+01
2680 0.6251E+00 0.6839E+03 0.2354E-05 0.7602E+01 0.2645E+06 0.6537E+02  7.813 0.0226 0.3740E-06 0.1000E+01
2685 0.6414E+00 0.6777E+03 0.2265E-05 0.7592E+01 0.2631E+06 0.6560E+02  7.801 0.0219 0.3733E-06 0.1000E+01
2688 0.6500E+00 0.6746E+03 0.2221E-05 0.7588E+01 0.2624E+06 0.6571E+02  7.794 0.0215 0.3729E-06 0.1000E+01
2690 0.6568E+00 0.6722E+03 0.2187E-05 0.7584E+01 0.2618E+06 0.6580E+02  7.789 0.0212 0.3727E-06 0.1000E+01
2695 0.6742E+00 0.6661E+03 0.2104E-05 0.7575E+01 0.2605E+06 0.6603E+02  7.777 0.0205 0.3721E-06 0.1000E+01
2700 0.6921E+00 0.6601E+03 0.2024E-05 0.7566E+01 0.2591E+06 0.6626E+02  7.765 0.0198 0.3715E-06 0.1000E+01
2703 0.7000E+00 0.6575E+03 0.1990E-05 0.7563E+01 0.2585E+06 0.6636E+02  7.759 0.0196 0.3712E-06 0.1000E+01
2705 0.7074E+00 0.6551E+03 0.1960E-05 0.7559E+01 0.2579E+06 0.6645E+02  7.754 0.0193 0.3710E-06 0.1000E+01
2710 0.7265E+00 0.6490E+03 0.1884E-05 0.7550E+01 0.2566E+06 0.6667E+02  7.742 0.0187 0.3704E-06 0.1000E+01
2715 0.7463E+00 0.6430E+03 0.1811E-05 0.7542E+01 0.2552E+06 0.6690E+02  7.730 0.0181 0.3699E-06 0.1000E+01
2716 0.7500E+00 0.6419E+03 0.1797E-05 0.7540E+01 0.2549E+06 0.6694E+02  7.727 0.0180 0.3698E-06 0.1000E+01
2720 0.7664E+00 0.6370E+03 0.1741E-05 0.7533E+01 0.2539E+06 0.6712E+02  7.717 0.0175 0.3694E-06 0.1000E+01
2725 0.7875E+00 0.6310E+03 0.1672E-05 0.7525E+01 0.2525E+06 0.6734E+02  7.705 0.0169 0.3689E-06 0.1000E+01
2728 0.8000E+00 0.6275E+03 0.1633E-05 0.7520E+01 0.2517E+06 0.6747E+02  7.698 0.0166 0.3686E-06 0.1000E+01
2730 0.8088E+00 0.6250E+03 0.1606E-05 0.7516E+01 0.2512E+06 0.6756E+02  7.693 0.0164 0.3684E-06 0.1000E+01
2735 0.8314E+00 0.6189E+03 0.1540E-05 0.7508E+01 0.2498E+06 0.6778E+02  7.680 0.0159 0.3680E-06 0.1000E+01
2739 0.8500E+00 0.6140E+03 0.1489E-05 0.7501E+01 0.2487E+06 0.6796E+02  7.671 0.0155 0.3676E-06 0.1000E+01
2740 0.8548E+00 0.6128E+03 0.1477E-05 0.7499E+01 0.2485E+06 0.6800E+02  7.668 0.0154 0.3675E-06 0.1000E+01
2745 0.8791E+00 0.6065E+03 0.1414E-05 0.7491E+01 0.2471E+06 0.6822E+02  7.656 0.0149 0.3671E-06 0.1000E+01
2750 0.9000E+00 0.6013E+03 0.1364E-05 0.7484E+01 0.2460E+06 0.6840E+02  7.645 0.0146 0.3668E-06 0.1000E+01
2750 0.9000E+00 0.6013E+03 0.1364E-05 0.7484E+01 0.2460E+06 0.6840E+02  7.645 0.0146 0.3668E-06 0.1000E+01
2755 0.9260E+00 0.5951E+03 0.1306E-05 0.7476E+01 0.2447E+06 0.6862E+02  7.633 0.0141 0.3664E-06 0.1000E+01
2760 0.9500E+00 0.5896E+03 0.1255E-05 0.7469E+01 0.2435E+06 0.6882E+02  7.622 0.0137 0.3660E-06 0.1000E+01
2760 0.9500E+00 0.5896E+03 0.1255E-05 0.7469E+01 0.2435E+06 0.6882E+02  7.622 0.0137 0.3660E-06 0.1000E+01
2765 0.9780E+00 0.5833E+03 0.1200E-05 0.7461E+01 0.2422E+06 0.6903E+02  7.610 0.0133 0.3657E-06 0.1000E+01
2769 0.1000E+01 0.5786E+03 0.1160E-05 0.7455E+01 0.2411E+06 0.6920E+02  7.600 0.0130 0.3654E-06 0.1000E+01
2770 0.1006E+01 0.5774E+03 0.1150E-05 0.7453E+01 0.2409E+06 0.6924E+02  7.598 0.0129 0.3653E-06 0.1000E+01
2775 0.1036E+01 0.5712E+03 0.1099E-05 0.7445E+01 0.2396E+06 0.6945E+02  7.586 0.0125 0.3650E-06 0.1000E+01
2780 0.1068E+01 0.5651E+03 0.1050E-05 0.7437E+01 0.2382E+06 0.6967E+02  7.573 0.0122 0.3646E-06 0.1000E+01
2785 0.1100E+01 0.5590E+03 0.1004E-05 0.7429E+01 0.2369E+06 0.6988E+02  7.561 0.0118 0.3643E-06 0.1000E+01
2790 0.1135E+01 0.5530E+03 0.9591E-06 0.7422E+01 0.2356E+06 0.7010E+02  7.548 0.0114 0.3640E-06 0.1000E+01
2795 0.1170E+01 0.5470E+03 0.9164E-06 0.7414E+01 0.2343E+06 0.7031E+02  7.536 0.0111 0.3637E-06 0.1000E+01
2800 0.1207E+01 0.5411E+03 0.8756E-06 0.7406E+01 0.2330E+06 0.7052E+02  7.524 0.0107 0.3634E-06 0.1000E+01
2805 0.1245E+01 0.5352E+03 0.8367E-06 0.7399E+01 0.2317E+06 0.7073E+02  7.511 0.0104 0.3631E-06 0.1000E+01
2810 0.1285E+01 0.5295E+03 0.7996E-06 0.7391E+01 0.2304E+06 0.7094E+02  7.499 0.0101 0.3629E-06 0.1000E+01
2815 0.1327E+01 0.5238E+03 0.7643E-06 0.7384E+01 0.2291E+06 0.7115E+02  7.487 0.0098 0.3626E-06 0.1000E+01
2820 0.1370E+01 0.5182E+03 0.7306E-06 0.7376E+01 0.2278E+06 0.7135E+02  7.474 0.0095 0.3624E-06 0.1000E+01
2825 0.1415E+01 0.5127E+03 0.6986E-06 0.7369E+01 0.2265E+06 0.7156E+02  7.462 0.0091 0.3621E-06 0.1000E+01
2830 0.1461E+01 0.5072E+03 0.6681E-06 0.7362E+01 0.2252E+06 0.7177E+02  7.450 0.0088 0.3619E-06 0.1000E+01
2835 0.1500E+01 0.5029E+03 0.6447E-06 0.7356E+01 0.2242E+06 0.7193E+02  7.440 0.0086 0.3617E-06 0.1000E+01
2835 0.1500E+01 0.5029E+03 0.6447E-06 0.7356E+01 0.2242E+06 0.7193E+02  7.440 0.0086 0.3617E-06 0.1000E+01
2840 0.1547E+01 0.4976E+03 0.6166E-06 0.7348E+01 0.2230E+06 0.7213E+02  7.427 0.0083 0.3615E-06 0.1000E+01
2845 0.1599E+01 0.4924E+03 0.5899E-06 0.7341E+01 0.2217E+06 0.7234E+02  7.415 0.0080 0.3613E-06 0.1000E+01
2850 0.1652E+01 0.4872E+03 0.5644E-06 0.7334E+01 0.2204E+06 0.7254E+02  7.403 0.0078 0.3611E-06 0.1000E+01
2855 0.1709E+01 0.4821E+03 0.5401E-06 0.7327E+01 0.2192E+06 0.7274E+02  7.390 0.0075 0.3609E-06 0.1000E+01
2860 0.1767E+01 0.4771E+03 0.5169E-06 0.7320E+01 0.2179E+06 0.7294E+02  7.378 0.0072 0.3607E-06 0.1000E+01
2865 0.1827E+01 0.4721E+03 0.4948E-06 0.7313E+01 0.2167E+06 0.7314E+02  7.366 0.0070 0.3606E-06 0.1000E+01
2870 0.1890E+01 0.4672E+03 0.4736E-06 0.7306E+01 0.2154E+06 0.7334E+02  7.353 0.0067 0.3604E-06 0.1000E+01
2875 0.1955E+01 0.4623E+03 0.4533E-06 0.7299E+01 0.2142E+06 0.7354E+02  7.341 0.0065 0.3602E-06 0.1000E+01
2879 0.2000E+01 0.4591E+03 0.4404E-06 0.7295E+01 0.2134E+06 0.7367E+02  7.333 0.0063 0.3601E-06 0.1000E+01
2880 0.2014E+01 0.4582E+03 0.4366E-06 0.7293E+01 0.2131E+06 0.7371E+02  7.330 0.0063 0.3601E-06 0.1000E+01
2885 0.2084E+01 0.4534E+03 0.4179E-06 0.7287E+01 0.2119E+06 0.7391E+02  7.318 0.0060 0.3600E-06 0.1000E+01
2890 0.2156E+01 0.4487E+03 0.4000E-06 0.7280E+01 0.2107E+06 0.7410E+02  7.305 0.0058 0.3598E-06 0.1000E+01
2895 0.2232E+01 0.4440E+03 0.3830E-06 0.7273E+01 0.2094E+06 0.7430E+02  7.293 0.0056 0.3597E-06 0.1000E+01
2900 0.2310E+01 0.4394E+03 0.3666E-06 0.7267E+01 0.2082E+06 0.7449E+02  7.281 0.0054 0.3596E-06 0.1000E+01
2905 0.2392E+01 0.4348E+03 0.3509E-06 0.7260E+01 0.2070E+06 0.7469E+02  7.268 0.0052 0.3594E-06 0.1000E+01
2910 0.2476E+01 0.4303E+03 0.3360E-06 0.7253E+01 0.2058E+06 0.7488E+02  7.256 0.0050 0.3593E-06 0.1000E+01
2912 0.2500E+01 0.4291E+03 0.3320E-06 0.7252E+01 0.2055E+06 0.7493E+02  7.253 0.0050 0.3593E-06 0.1000E+01
2915 0.2553E+01 0.4264E+03 0.3235E-06 0.7248E+01 0.2047E+06 0.7505E+02  7.245 0.0048 0.3592E-06 0.1000E+01
2920 0.2643E+01 0.4220E+03 0.3097E-06 0.7241E+01 0.2035E+06 0.7524E+02  7.233 0.0047 0.3591E-06 0.1000E+01
2925 0.2738E+01 0.4176E+03 0.2965E-06 0.7235E+01 0.2023E+06 0.7543E+02  7.221 0.0045 0.3590E-06 0.1000E+01
2930 0.2835E+01 0.4133E+03 0.2838E-06 0.7229E+01 0.2011E+06 0.7562E+02  7.208 0.0043 0.3589E-06 0.1000E+01
2935 0.2937E+01 0.4090E+03 0.2717E-06 0.7222E+01 0.1999E+06 0.7581E+02  7.196 0.0041 0.3588E-06 0.1000E+01
2939 0.3000E+01 0.4064E+03 0.2647E-06 0.7219E+01 0.1992E+06 0.7592E+02  7.189 0.0040 0.3588E-06 0.1000E+01
2940 0.3021E+01 0.4054E+03 0.2621E-06 0.7217E+01 0.1990E+06 0.7596E+02  7.186 0.0040 0.3587E-06 0.1000E+01
2945 0.3130E+01 0.4013E+03 0.2511E-06 0.7211E+01 0.1978E+06 0.7615E+02  7.174 0.0038 0.3586E-06 0.1000E+01
2950 0.3243E+01 0.3971E+03 0.2403E-06 0.7205E+01 0.1966E+06 0.7633E+02  7.161 0.0037 0.3586E-06 0.1000E+01
2955 0.3360E+01 0.3929E+03 0.2301E-06 0.7199E+01 0.1955E+06 0.7652E+02  7.149 0.0035 0.3585E-06 0.1000E+01
2960 0.3481E+01 0.3888E+03 0.2202E-06 0.7193E+01 0.1943E+06 0.7670E+02  7.137 0.0034 0.3584E-06 0.1000E+01
2961 0.3500E+01 0.3882E+03 0.2188E-06 0.7192E+01 0.1941E+06 0.7673E+02  7.135 0.0034 0.3584E-06 0.1000E+01
2965 0.3601E+01 0.3850E+03 0.2113E-06 0.7187E+01 0.1932E+06 0.7688E+02  7.125 0.0033 0.3583E-06 0.1000E+01
2970 0.3732E+01 0.3809E+03 0.2022E-06 0.7181E+01 0.1920E+06 0.7706E+02  7.112 0.0031 0.3583E-06 0.1000E+01
2975 0.3868E+01 0.3769E+03 0.1935E-06 0.7175E+01 0.1909E+06 0.7724E+02  7.100 0.0030 0.3582E-06 0.1000E+01
2980 0.4000E+01 0.3732E+03 0.1858E-06 0.7169E+01 0.1898E+06 0.7741E+02  7.089 0.0029 0.3581E-06 0.1000E+01
2980 0.4000E+01 0.3732E+03 0.1858E-06 0.7169E+01 0.1898E+06 0.7741E+02  7.089 0.0029 0.3581E-06 0.1000E+01
2985 0.4146E+01 0.3693E+03 0.1778E-06 0.7163E+01 0.1887E+06 0.7759E+02  7.076 0.0028 0.3581E-06 0.1000E+01
2990 0.4298E+01 0.3654E+03 0.1701E-06 0.7158E+01 0.1875E+06 0.7777E+02  7.064 0.0026 0.3580E-06 0.1000E+01
2995 0.4456E+01 0.3616E+03 0.1628E-06 0.7152E+01 0.1864E+06 0.7795E+02  7.052 0.0025 0.3580E-06 0.1000E+01
2997 0.4500E+01 0.3605E+03 0.1609E-06 0.7150E+01 0.1861E+06 0.7800E+02  7.048 0.0025 0.3580E-06 0.1000E+01
3000 0.4598E+01 0.3582E+03 0.1567E-06 0.7147E+01 0.1854E+06 0.7811E+02  7.041 0.0024 0.3579E-06 0.1000E+01
3005 0.4768E+01 0.3544E+03 0.1499E-06 0.7141E+01 0.1843E+06 0.7828E+02  7.029 0.0023 0.3579E-06 0.1000E+01
3010 0.4944E+01 0.3507E+03 0.1434E-06 0.7135E+01 0.1832E+06 0.7846E+02  7.016 0.0022 0.3578E-06 0.1000E+01
3012 0.5000E+01 0.3495E+03 0.1414E-06 0.7134E+01 0.1828E+06 0.7851E+02  7.012 0.0021 0.3578E-06 0.1000E+01
3015 0.5110E+01 0.3473E+03 0.1377E-06 0.7130E+01 0.1822E+06 0.7862E+02  7.005 0.0021 0.3578E-06 0.1000E+01
3020 0.5299E+01 0.3436E+03 0.1317E-06 0.7125E+01 0.1810E+06 0.7879E+02  6.993 0.0020 0.3578E-06 0.1000E+01
3025 0.5496E+01 0.3399E+03 0.1260E-06 0.7119E+01 0.1799E+06 0.7897E+02  6.980 0.0018 0.3577E-06 0.1000E+01
3026 0.5500E+01 0.3398E+03 0.1259E-06 0.7119E+01 0.1799E+06 0.7897E+02  6.980 0.0018 0.3577E-06 0.1000E+01
3030 0.5663E+01 0.3369E+03 0.1215E-06 0.7115E+01 0.1790E+06 0.7911E+02  6.970 0.0017 0.3577E-06 0.1000E+01
3035 0.5874E+01 0.3333E+03 0.1162E-06 0.7109E+01 0.1780E+06 0.7928E+02  6.958 0.0016 0.3577E-06 0.1000E+01
3038 0.6000E+01 0.3312E+03 0.1132E-06 0.7106E+01 0.1773E+06 0.7938E+02  6.951 0.0015 0.3576E-06 0.1000E+01
3040 0.6089E+01 0.3298E+03 0.1112E-06 0.7104E+01 0.1769E+06 0.7945E+02  6.946 0.0015 0.3576E-06 0.1000E+01
3045 0.6316E+01 0.3263E+03 0.1063E-06 0.7098E+01 0.1758E+06 0.7962E+02  6.934 0.0014 0.3576E-06 0.1000E+01
3049 0.6500E+01 0.3235E+03 0.1027E-06 0.7094E+01 0.1750E+06 0.7975E+02  6.924 0.0013 0.3576E-06 0.1000E+01
3050 0.6548E+01 0.3228E+03 0.1018E-06 0.7093E+01 0.1748E+06 0.7978E+02  6.921 0.0013 0.3576E-06 0.1000E+01
3055 0.6794E+01 0.3193E+03 0.9729E-07 0.7088E+01 0.1737E+06 0.7995E+02  6.909 0.0011 0.3575E-06 0.1000E+01
3060 0.7000E+01 0.3165E+03 0.9380E-07 0.7083E+01 0.1728E+06 0.8009E+02  6.899 0.0011 0.3575E-06 0.1000E+01
3060 0.7000E+01 0.3165E+03 0.9380E-07 0.7083E+01 0.1728E+06 0.8009E+02  6.899 0.0011 0.3575E-06 0.1000E+01
3065 0.7263E+01 0.3131E+03 0.8966E-07 0.7078E+01 0.1718E+06 0.8025E+02  6.887 0.0010 0.3575E-06 0.1000E+01
3070 0.7500E+01 0.3101E+03 0.8622E-07 0.7074E+01 0.1708E+06 0.8040E+02  6.876 0.0008 0.3575E-06 0.1000E+01
3070 0.7500E+01 0.3101E+03 0.8622E-07 0.7074E+01 0.1708E+06 0.8040E+02  6.876 0.0008 0.3575E-06 0.1000E+01
3075 0.7783E+01 0.3068E+03 0.8241E-07 0.7069E+01 0.1698E+06 0.8056E+02  6.864 0.0007 0.3575E-06 0.1000E+01
3079 0.8000E+01 0.3043E+03 0.7969E-07 0.7065E+01 0.1690E+06 0.8069E+02  6.855 0.0007 0.3575E-06 0.1000E+01
3080 0.8059E+01 0.3036E+03 0.7898E-07 0.7064E+01 0.1688E+06 0.8072E+02  6.852 0.0007 0.3575E-06 0.1000E+01
3085 0.8365E+01 0.3003E+03 0.7549E-07 0.7059E+01 0.1678E+06 0.8088E+02  6.840 0.0005 0.3575E-06 0.1000E+01
3088 0.8500E+01 0.2989E+03 0.7404E-07 0.7056E+01 0.1673E+06 0.8095E+02  6.835 0.0005 0.3575E-06 0.1000E+01
3090 0.8627E+01 0.2976E+03 0.7271E-07 0.7054E+01 0.1669E+06 0.8102E+02  6.830 0.0005 0.3575E-06 0.1000E+01
3095 0.8955E+01 0.2944E+03 0.6949E-07 0.7049E+01 0.1659E+06 0.8118E+02  6.818 0.0004 0.3574E-06 0.1000E+01
3096 0.9000E+01 0.2939E+03 0.6907E-07 0.7049E+01 0.1657E+06 0.8120E+02  6.816 0.0004 0.3574E-06 0.1000E+01
3100 0.9273E+01 0.2914E+03 0.6661E-07 0.7045E+01 0.1649E+06 0.8133E+02  6.806 0.0004 0.3574E-06 0.1000E+01
3104 0.9500E+01 0.2893E+03 0.6469E-07 0.7041E+01 0.1643E+06 0.8143E+02  6.798 0.0004 0.3574E-06 0.1000E+01
3105 0.9571E+01 0.2887E+03 0.6410E-07 0.7040E+01 0.1641E+06 0.8146E+02  6.796 0.0004 0.3574E-06 0.1000E+01
3110 0.9936E+01 0.2855E+03 0.6126E-07 0.7036E+01 0.1631E+06 0.8162E+02  6.783 0.0004 0.3574E-06 0.1000E+01
3111 0.1000E+02 0.2850E+03 0.6079E-07 0.7035E+01 0.1629E+06 0.8165E+02  6.781 0.0004 0.3574E-06 0.1000E+01
