 $INPUT
 IMODEL	=             1
 N	=           120
 MINSTP	=             0
 VEOS	=  1.000000000000000
 ILOOP	=             1
 STATIC	=   F
 FRACT	=  3.0000000000000001E-03
 SHINE	=  0.3000000000000000
 SHAVE	=  1.0000000000000000E-08
 POUT	=  5000000.000000000
 AMETH	=             2
 CMETH	=             1
 NOBOND	=             1
 TBEG	=  5.0000000000000004E-06
 TIMEF	=  10.00000000000000
 DTIMEO	=  5.0000000000000003E-02
 STEPO	=  0.5000000000000000
 LCORR	=   T
 LSTART	=   F
 MAXSTP	=         10000
 SPK	=  16.50000000000000
 STARL	=  0.0000000000000000E+00
 DIST	=  5.200000000000000
 ALB	=  0.3500000000000000
 TEFFS	=  5770.000000000000
 LCONV	=   T
 LTRANS	=   T
 LPOUT	=   T
 LFILL	=   F
 LCONT	=   T
 LBURN	=   T
 MAG	=  'O '
 GAM	=  '7X'
 MASS	=  47.47850000000000
 YHEA	=  0.2500000000000000
 YDI	=  2.0000000000000002E-05
 HB	=  1.000000000000000
 $end
 
 
 Gam,Mass,Yhe,Ydi,Dist,starl,alb=  7X  47.478   0.250 0.200E-04 0.520E+01 0.000E+00 0.350E+00
  I  Time(Gyrs) Teff        Lumin      Rad(Gcm)  Tc         Rhoc       S      Ratio  Yd         Yl


   5 0.3510E-06 0.2649E+04 0.1331E+00 0.1205E+03 0.1555E+06 0.7745E-01 16.485 0.0000 0.2000E-04 0.1000E+01
  10 0.8017E-06 0.2654E+04 0.1307E+00 0.1190E+03 0.1570E+06 0.7958E-01 16.465 0.0000 0.2000E-04 0.1000E+01
  15 0.1267E-05 0.2659E+04 0.1284E+00 0.1175E+03 0.1584E+06 0.8178E-01 16.444 0.0000 0.2000E-04 0.1000E+01
  20 0.1747E-05 0.2663E+04 0.1261E+00 0.1160E+03 0.1599E+06 0.8405E-01 16.423 0.0000 0.2000E-04 0.1000E+01
  25 0.2242E-05 0.2668E+04 0.1237E+00 0.1145E+03 0.1614E+06 0.8638E-01 16.403 0.0000 0.2000E-04 0.1000E+01
  30 0.2752E-05 0.2671E+04 0.1213E+00 0.1131E+03 0.1630E+06 0.8879E-01 16.382 0.0000 0.2000E-04 0.1000E+01
  35 0.3279E-05 0.2675E+04 0.1189E+00 0.1117E+03 0.1645E+06 0.9126E-01 16.361 0.0000 0.2000E-04 0.1000E+01
  40 0.3823E-05 0.2678E+04 0.1165E+00 0.1103E+03 0.1661E+06 0.9381E-01 16.340 0.0000 0.2000E-04 0.1000E+01
  45 0.4386E-05 0.2681E+04 0.1141E+00 0.1089E+03 0.1677E+06 0.9645E-01 16.318 0.0000 0.2000E-04 0.1000E+01
  50 0.4968E-05 0.2684E+04 0.1117E+00 0.1075E+03 0.1693E+06 0.9913E-01 16.298 0.0000 0.2000E-04 0.1000E+01
  51 0.0000E+00 0.2684E+04 0.1116E+00 0.1075E+03 0.1694E+06 0.9928E-01 16.296 0.0000 0.2000E-04 0.1000E+01
  55 0.4805E-06 0.2686E+04 0.1097E+00 0.1064E+03 0.1707E+06 0.1015E+00 16.279 0.0000 0.2000E-04 0.1000E+01
  60 0.1099E-05 0.2688E+04 0.1073E+00 0.1051E+03 0.1724E+06 0.1044E+00 16.258 0.0000 0.2000E-04 0.1000E+01
  65 0.1737E-05 0.2689E+04 0.1049E+00 0.1038E+03 0.1740E+06 0.1073E+00 16.237 0.0000 0.2000E-04 0.1000E+01
  70 0.2393E-05 0.2690E+04 0.1025E+00 0.1025E+03 0.1757E+06 0.1103E+00 16.216 0.0000 0.2000E-04 0.1000E+01
  75 0.3069E-05 0.2691E+04 0.1002E+00 0.1012E+03 0.1774E+06 0.1133E+00 16.195 0.0000 0.2000E-04 0.1000E+01
  80 0.3767E-05 0.2692E+04 0.9788E-01 0.1000E+03 0.1791E+06 0.1165E+00 16.174 0.0000 0.2000E-04 0.1000E+01
  85 0.4486E-05 0.2693E+04 0.9563E-01 0.9880E+02 0.1808E+06 0.1197E+00 16.153 0.0000 0.2000E-04 0.1000E+01
  90 0.5227E-05 0.2694E+04 0.9341E-01 0.9762E+02 0.1824E+06 0.1229E+00 16.132 0.0000 0.2000E-04 0.1000E+01
  95 0.5993E-05 0.2694E+04 0.9118E-01 0.9645E+02 0.1841E+06 0.1263E+00 16.111 0.0000 0.2000E-04 0.1000E+01
 100 0.6786E-05 0.2693E+04 0.8901E-01 0.9529E+02 0.1858E+06 0.1297E+00 16.090 0.0000 0.2000E-04 0.1000E+01
 105 0.7605E-05 0.2693E+04 0.8689E-01 0.9416E+02 0.1875E+06 0.1333E+00 16.069 0.0000 0.2000E-04 0.1000E+01
 110 0.8453E-05 0.2693E+04 0.8482E-01 0.9304E+02 0.1892E+06 0.1369E+00 16.048 0.0000 0.2000E-04 0.1000E+01
 115 0.9329E-05 0.2693E+04 0.8281E-01 0.9195E+02 0.1909E+06 0.1406E+00 16.027 0.0000 0.2000E-04 0.1000E+01
 120 0.1024E-04 0.2693E+04 0.8084E-01 0.9086E+02 0.1926E+06 0.1444E+00 16.006 0.0000 0.2000E-04 0.1000E+01
 125 0.1117E-04 0.2692E+04 0.7892E-01 0.8980E+02 0.1943E+06 0.1483E+00 15.984 0.0000 0.2000E-04 0.1000E+01
 130 0.1214E-04 0.2692E+04 0.7703E-01 0.8875E+02 0.1960E+06 0.1522E+00 15.963 0.0000 0.2000E-04 0.1000E+01
 135 0.1314E-04 0.2691E+04 0.7513E-01 0.8771E+02 0.1978E+06 0.1563E+00 15.942 0.0000 0.2000E-04 0.1000E+01
 140 0.1418E-04 0.2690E+04 0.7330E-01 0.8670E+02 0.1995E+06 0.1605E+00 15.921 0.0000 0.2000E-04 0.1000E+01
 145 0.1525E-04 0.2689E+04 0.7154E-01 0.8569E+02 0.2013E+06 0.1648E+00 15.900 0.0000 0.2000E-04 0.1000E+01
 150 0.1636E-04 0.2689E+04 0.6984E-01 0.8470E+02 0.2030E+06 0.1692E+00 15.879 0.0000 0.2000E-04 0.1000E+01
 155 0.1751E-04 0.2688E+04 0.6818E-01 0.8373E+02 0.2048E+06 0.1737E+00 15.858 0.0000 0.2000E-04 0.1000E+01
 160 0.1870E-04 0.2688E+04 0.6658E-01 0.8277E+02 0.2065E+06 0.1783E+00 15.837 0.0000 0.2000E-04 0.1000E+01
 165 0.1992E-04 0.2687E+04 0.6503E-01 0.8183E+02 0.2083E+06 0.1830E+00 15.815 0.0000 0.2000E-04 0.1000E+01
 170 0.2119E-04 0.2687E+04 0.6352E-01 0.8089E+02 0.2101E+06 0.1878E+00 15.794 0.0000 0.2000E-04 0.1000E+01
 175 0.2251E-04 0.2686E+04 0.6202E-01 0.7998E+02 0.2118E+06 0.1927E+00 15.773 0.0000 0.2000E-04 0.1000E+01
 180 0.2386E-04 0.2685E+04 0.6052E-01 0.7907E+02 0.2136E+06 0.1978E+00 15.752 0.0000 0.2000E-04 0.1000E+01
 185 0.2527E-04 0.2684E+04 0.5907E-01 0.7818E+02 0.2154E+06 0.2030E+00 15.730 0.0000 0.2000E-04 0.1000E+01
 190 0.2672E-04 0.2683E+04 0.5768E-01 0.7730E+02 0.2172E+06 0.2083E+00 15.709 0.0000 0.2000E-04 0.1000E+01
 195 0.2823E-04 0.2683E+04 0.5635E-01 0.7643E+02 0.2190E+06 0.2137E+00 15.688 0.0000 0.2000E-04 0.1000E+01
 200 0.2979E-04 0.2682E+04 0.5505E-01 0.7558E+02 0.2208E+06 0.2193E+00 15.666 0.0000 0.2000E-04 0.1000E+01
 205 0.3140E-04 0.2682E+04 0.5380E-01 0.7473E+02 0.2227E+06 0.2250E+00 15.645 0.0000 0.2000E-04 0.1000E+01
 210 0.3307E-04 0.2682E+04 0.5258E-01 0.7389E+02 0.2245E+06 0.2309E+00 15.623 0.0000 0.2000E-04 0.1000E+01
 215 0.3480E-04 0.2681E+04 0.5140E-01 0.7307E+02 0.2264E+06 0.2369E+00 15.601 0.0000 0.2000E-04 0.1000E+01
 220 0.3659E-04 0.2681E+04 0.5025E-01 0.7225E+02 0.2282E+06 0.2431E+00 15.579 0.0000 0.2000E-04 0.1000E+01
 225 0.3845E-04 0.2681E+04 0.4913E-01 0.7145E+02 0.2301E+06 0.2494E+00 15.558 0.0000 0.2000E-04 0.1000E+01
 230 0.4036E-04 0.2681E+04 0.4800E-01 0.7065E+02 0.2319E+06 0.2559E+00 15.536 0.0000 0.2000E-04 0.1000E+01
 235 0.4235E-04 0.2680E+04 0.4690E-01 0.6986E+02 0.2338E+06 0.2626E+00 15.514 0.0000 0.2000E-04 0.1000E+01
 240 0.4442E-04 0.2680E+04 0.4584E-01 0.6908E+02 0.2357E+06 0.2695E+00 15.491 0.0000 0.2000E-04 0.1000E+01
 245 0.4655E-04 0.2680E+04 0.4481E-01 0.6832E+02 0.2376E+06 0.2765E+00 15.469 0.0000 0.2000E-04 0.1000E+01
 250 0.4877E-04 0.2680E+04 0.4382E-01 0.6755E+02 0.2394E+06 0.2837E+00 15.447 0.0000 0.2000E-04 0.1000E+01
 255 0.5106E-04 0.2680E+04 0.4286E-01 0.6680E+02 0.2413E+06 0.2911E+00 15.424 0.0000 0.2000E-04 0.1000E+01
 260 0.5343E-04 0.2680E+04 0.4193E-01 0.6606E+02 0.2432E+06 0.2987E+00 15.402 0.0000 0.2000E-04 0.1000E+01
 265 0.5588E-04 0.2680E+04 0.4102E-01 0.6533E+02 0.2452E+06 0.3065E+00 15.379 0.0000 0.2000E-04 0.1000E+01
 270 0.5841E-04 0.2681E+04 0.4015E-01 0.6460E+02 0.2471E+06 0.3145E+00 15.357 0.0000 0.2000E-04 0.1000E+01
 275 0.6100E-04 0.2681E+04 0.3929E-01 0.6389E+02 0.2490E+06 0.3226E+00 15.334 0.0000 0.2000E-04 0.1000E+01
 280 0.6367E-04 0.2681E+04 0.3846E-01 0.6321E+02 0.2508E+06 0.3308E+00 15.312 0.0000 0.2000E-04 0.1000E+01
 285 0.6642E-04 0.2682E+04 0.3769E-01 0.6253E+02 0.2527E+06 0.3392E+00 15.290 0.0000 0.2000E-04 0.1000E+01
 290 0.6925E-04 0.2683E+04 0.3690E-01 0.6185E+02 0.2546E+06 0.3479E+00 15.267 0.0000 0.2000E-04 0.1000E+01
 295 0.7216E-04 0.2683E+04 0.3614E-01 0.6119E+02 0.2565E+06 0.3568E+00 15.244 0.0000 0.2000E-04 0.1000E+01
 300 0.7515E-04 0.2683E+04 0.3534E-01 0.6053E+02 0.2585E+06 0.3659E+00 15.222 0.0000 0.2000E-04 0.1000E+01
 305 0.7823E-04 0.2682E+04 0.3455E-01 0.5989E+02 0.2604E+06 0.3751E+00 15.199 0.0000 0.2000E-04 0.1000E+01
 310 0.8140E-04 0.2681E+04 0.3377E-01 0.5925E+02 0.2623E+06 0.3846E+00 15.177 0.0000 0.2000E-04 0.1000E+01
 315 0.8468E-04 0.2680E+04 0.3302E-01 0.5863E+02 0.2642E+06 0.3942E+00 15.154 0.0000 0.2000E-04 0.1000E+01
 320 0.8805E-04 0.2679E+04 0.3230E-01 0.5801E+02 0.2661E+06 0.4042E+00 15.132 0.0000 0.2000E-04 0.1000E+01
 325 0.9153E-04 0.2679E+04 0.3160E-01 0.5741E+02 0.2681E+06 0.4143E+00 15.109 0.0000 0.2000E-04 0.1000E+01
 330 0.9511E-04 0.2678E+04 0.3092E-01 0.5681E+02 0.2700E+06 0.4246E+00 15.087 0.0000 0.2000E-04 0.1000E+01
 335 0.9880E-04 0.2678E+04 0.3027E-01 0.5622E+02 0.2720E+06 0.4353E+00 15.064 0.0000 0.2000E-04 0.1000E+01
 340 0.1026E-03 0.2678E+04 0.2963E-01 0.5564E+02 0.2739E+06 0.4461E+00 15.042 0.0000 0.2000E-04 0.1000E+01
 345 0.1065E-03 0.2677E+04 0.2901E-01 0.5506E+02 0.2759E+06 0.4572E+00 15.019 0.0000 0.2000E-04 0.1000E+01
 350 0.1105E-03 0.2677E+04 0.2841E-01 0.5450E+02 0.2779E+06 0.4686E+00 14.996 0.0000 0.2000E-04 0.1000E+01
 355 0.1147E-03 0.2677E+04 0.2783E-01 0.5394E+02 0.2799E+06 0.4803E+00 14.974 0.0000 0.2000E-04 0.1000E+01
 360 0.1190E-03 0.2677E+04 0.2726E-01 0.5338E+02 0.2819E+06 0.4923E+00 14.951 0.0000 0.2000E-04 0.1000E+01
 365 0.1234E-03 0.2676E+04 0.2667E-01 0.5284E+02 0.2840E+06 0.5045E+00 14.928 0.0000 0.2000E-04 0.1000E+01
 370 0.1279E-03 0.2675E+04 0.2609E-01 0.5230E+02 0.2860E+06 0.5171E+00 14.905 0.0000 0.2000E-04 0.1000E+01
 375 0.1326E-03 0.2674E+04 0.2552E-01 0.5176E+02 0.2881E+06 0.5301E+00 14.883 0.0000 0.2000E-04 0.1000E+01
 380 0.1375E-03 0.2673E+04 0.2497E-01 0.5124E+02 0.2902E+06 0.5433E+00 14.860 0.0000 0.2000E-04 0.1000E+01
 385 0.1425E-03 0.2673E+04 0.2444E-01 0.5072E+02 0.2923E+06 0.5569E+00 14.837 0.0000 0.2000E-04 0.1000E+01
 390 0.1476E-03 0.2672E+04 0.2392E-01 0.5020E+02 0.2944E+06 0.5709E+00 14.814 0.0000 0.2000E-04 0.1000E+01
 395 0.1530E-03 0.2671E+04 0.2341E-01 0.4970E+02 0.2965E+06 0.5853E+00 14.791 0.0000 0.2000E-04 0.1000E+01
 400 0.1585E-03 0.2671E+04 0.2292E-01 0.4919E+02 0.2987E+06 0.6000E+00 14.767 0.0000 0.2000E-04 0.1000E+01
 405 0.1641E-03 0.2670E+04 0.2245E-01 0.4869E+02 0.3008E+06 0.6152E+00 14.744 0.0000 0.2000E-04 0.1000E+01
 410 0.1700E-03 0.2670E+04 0.2198E-01 0.4820E+02 0.3030E+06 0.6307E+00 14.721 0.0000 0.2000E-04 0.1000E+01
 415 0.1760E-03 0.2669E+04 0.2153E-01 0.4772E+02 0.3052E+06 0.6467E+00 14.698 0.0000 0.2000E-04 0.1000E+01
 420 0.1822E-03 0.2669E+04 0.2109E-01 0.4724E+02 0.3074E+06 0.6631E+00 14.674 0.0000 0.2000E-04 0.1000E+01
 425 0.1886E-03 0.2669E+04 0.2066E-01 0.4676E+02 0.3097E+06 0.6799E+00 14.651 0.0000 0.2000E-04 0.1000E+01
 430 0.1952E-03 0.2669E+04 0.2025E-01 0.4629E+02 0.3119E+06 0.6971E+00 14.627 0.0000 0.2000E-04 0.1000E+01
 435 0.2019E-03 0.2669E+04 0.1984E-01 0.4583E+02 0.3142E+06 0.7149E+00 14.604 0.0000 0.2000E-04 0.1000E+01
 440 0.2089E-03 0.2669E+04 0.1945E-01 0.4537E+02 0.3165E+06 0.7331E+00 14.580 0.0000 0.2000E-04 0.1000E+01
 445 0.2161E-03 0.2669E+04 0.1906E-01 0.4491E+02 0.3188E+06 0.7518E+00 14.556 0.0000 0.2000E-04 0.1000E+01
 450 0.2235E-03 0.2669E+04 0.1869E-01 0.4446E+02 0.3212E+06 0.7710E+00 14.533 0.0000 0.2000E-04 0.1000E+01
 455 0.2311E-03 0.2669E+04 0.1832E-01 0.4402E+02 0.3235E+06 0.7908E+00 14.509 0.0000 0.2000E-04 0.1000E+01
 460 0.2390E-03 0.2670E+04 0.1797E-01 0.4358E+02 0.3259E+06 0.8110E+00 14.485 0.0000 0.2000E-04 0.1000E+01
 465 0.2471E-03 0.2670E+04 0.1762E-01 0.4314E+02 0.3283E+06 0.8318E+00 14.461 0.0000 0.2000E-04 0.1000E+01
 470 0.2554E-03 0.2671E+04 0.1728E-01 0.4271E+02 0.3307E+06 0.8532E+00 14.437 0.0000 0.2000E-04 0.1000E+01
 475 0.2639E-03 0.2671E+04 0.1695E-01 0.4229E+02 0.3331E+06 0.8751E+00 14.413 0.0000 0.2000E-04 0.1000E+01
 480 0.2727E-03 0.2672E+04 0.1663E-01 0.4187E+02 0.3356E+06 0.8976E+00 14.389 0.0000 0.2000E-04 0.1000E+01
 485 0.2817E-03 0.2672E+04 0.1631E-01 0.4145E+02 0.3381E+06 0.9206E+00 14.366 0.0000 0.2000E-04 0.1000E+01
 490 0.2910E-03 0.2673E+04 0.1601E-01 0.4104E+02 0.3405E+06 0.9442E+00 14.342 0.0000 0.2000E-04 0.1000E+01
 495 0.3005E-03 0.2673E+04 0.1571E-01 0.4064E+02 0.3431E+06 0.9685E+00 14.318 0.0000 0.2000E-04 0.1000E+01
 500 0.3103E-03 0.2675E+04 0.1543E-01 0.4024E+02 0.3456E+06 0.9934E+00 14.293 0.0000 0.2000E-04 0.1000E+01
 505 0.3204E-03 0.2676E+04 0.1516E-01 0.3984E+02 0.3482E+06 0.1019E+01 14.269 0.0000 0.2000E-04 0.1000E+01
 510 0.3307E-03 0.2677E+04 0.1489E-01 0.3945E+02 0.3508E+06 0.1045E+01 14.245 0.0000 0.2000E-04 0.1000E+01
 515 0.3413E-03 0.2679E+04 0.1463E-01 0.3906E+02 0.3534E+06 0.1072E+01 14.221 0.0000 0.2000E-04 0.1000E+01
 520 0.3521E-03 0.2680E+04 0.1438E-01 0.3868E+02 0.3560E+06 0.1100E+01 14.197 0.0001 0.2000E-04 0.1000E+01
 525 0.3633E-03 0.2682E+04 0.1413E-01 0.3830E+02 0.3587E+06 0.1128E+01 14.173 0.0001 0.2000E-04 0.1000E+01
 530 0.3748E-03 0.2683E+04 0.1388E-01 0.3793E+02 0.3614E+06 0.1157E+01 14.148 0.0001 0.2000E-04 0.1000E+01
 535 0.3865E-03 0.2685E+04 0.1365E-01 0.3756E+02 0.3641E+06 0.1187E+01 14.124 0.0001 0.2000E-04 0.1000E+01
 540 0.3986E-03 0.2686E+04 0.1341E-01 0.3719E+02 0.3669E+06 0.1217E+01 14.100 0.0001 0.2000E-04 0.1000E+01
 545 0.4109E-03 0.2688E+04 0.1318E-01 0.3683E+02 0.3697E+06 0.1249E+01 14.076 0.0001 0.2000E-04 0.1000E+01
 550 0.4237E-03 0.2689E+04 0.1296E-01 0.3647E+02 0.3725E+06 0.1281E+01 14.051 0.0002 0.2000E-04 0.1000E+01
 555 0.4367E-03 0.2691E+04 0.1274E-01 0.3612E+02 0.3753E+06 0.1314E+01 14.027 0.0002 0.2000E-04 0.1000E+01
 560 0.4501E-03 0.2693E+04 0.1252E-01 0.3577E+02 0.3782E+06 0.1348E+01 14.002 0.0002 0.2000E-04 0.1000E+01
 565 0.4639E-03 0.2694E+04 0.1231E-01 0.3542E+02 0.3811E+06 0.1383E+01 13.978 0.0003 0.2000E-04 0.1000E+01
 570 0.4780E-03 0.2696E+04 0.1211E-01 0.3507E+02 0.3840E+06 0.1420E+01 13.953 0.0003 0.2000E-04 0.1000E+01
 575 0.4926E-03 0.2698E+04 0.1191E-01 0.3473E+02 0.3870E+06 0.1457E+01 13.928 0.0004 0.2000E-04 0.1000E+01
 580 0.5075E-03 0.2701E+04 0.1172E-01 0.3439E+02 0.3899E+06 0.1495E+01 13.903 0.0004 0.2000E-04 0.1000E+01
 585 0.5228E-03 0.2703E+04 0.1153E-01 0.3406E+02 0.3929E+06 0.1534E+01 13.878 0.0005 0.2000E-04 0.1000E+01
 590 0.5385E-03 0.2705E+04 0.1134E-01 0.3373E+02 0.3959E+06 0.1574E+01 13.853 0.0006 0.2000E-04 0.1000E+01
 595 0.5547E-03 0.2707E+04 0.1115E-01 0.3340E+02 0.3989E+06 0.1616E+01 13.829 0.0007 0.2000E-04 0.1000E+01
 600 0.5713E-03 0.2708E+04 0.1097E-01 0.3308E+02 0.4020E+06 0.1658E+01 13.803 0.0008 0.2000E-04 0.1000E+01
 605 0.5883E-03 0.2710E+04 0.1078E-01 0.3276E+02 0.4051E+06 0.1702E+01 13.778 0.0010 0.2000E-04 0.1000E+01
 610 0.6058E-03 0.2712E+04 0.1060E-01 0.3244E+02 0.4081E+06 0.1746E+01 13.753 0.0011 0.2000E-04 0.1000E+01
 615 0.6238E-03 0.2714E+04 0.1043E-01 0.3212E+02 0.4112E+06 0.1792E+01 13.728 0.0013 0.2000E-04 0.1000E+01
 620 0.6423E-03 0.2716E+04 0.1025E-01 0.3181E+02 0.4143E+06 0.1840E+01 13.703 0.0016 0.2000E-04 0.1000E+01
 625 0.6613E-03 0.2717E+04 0.1008E-01 0.3150E+02 0.4174E+06 0.1888E+01 13.677 0.0019 0.2000E-04 0.1000E+01
 630 0.6808E-03 0.2719E+04 0.9906E-02 0.3120E+02 0.4206E+06 0.1938E+01 13.652 0.0022 0.2000E-04 0.1000E+01
 635 0.7009E-03 0.2720E+04 0.9736E-02 0.3090E+02 0.4237E+06 0.1990E+01 13.627 0.0026 0.2000E-04 0.1000E+01
 640 0.7216E-03 0.2722E+04 0.9568E-02 0.3060E+02 0.4269E+06 0.2043E+01 13.601 0.0030 0.2000E-04 0.1000E+01
 645 0.7429E-03 0.2723E+04 0.9403E-02 0.3030E+02 0.4301E+06 0.2097E+01 13.575 0.0036 0.2000E-04 0.1000E+01
 650 0.7648E-03 0.2725E+04 0.9240E-02 0.3000E+02 0.4333E+06 0.2153E+01 13.550 0.0042 0.2000E-04 0.1000E+01
 655 0.7873E-03 0.2726E+04 0.9080E-02 0.2971E+02 0.4365E+06 0.2210E+01 13.524 0.0049 0.2000E-04 0.1000E+01
 660 0.8104E-03 0.2727E+04 0.8922E-02 0.2942E+02 0.4397E+06 0.2269E+01 13.498 0.0058 0.2000E-04 0.1000E+01
 665 0.8343E-03 0.2729E+04 0.8766E-02 0.2914E+02 0.4430E+06 0.2330E+01 13.472 0.0068 0.2000E-04 0.1000E+01
 670 0.8588E-03 0.2730E+04 0.8612E-02 0.2885E+02 0.4463E+06 0.2392E+01 13.446 0.0080 0.2000E-04 0.1000E+01
 675 0.8841E-03 0.2731E+04 0.8459E-02 0.2857E+02 0.4495E+06 0.2457E+01 13.420 0.0094 0.1999E-04 0.1000E+01
 680 0.9102E-03 0.2732E+04 0.8308E-02 0.2830E+02 0.4528E+06 0.2523E+01 13.393 0.0110 0.1999E-04 0.1000E+01
 685 0.9371E-03 0.2733E+04 0.8158E-02 0.2802E+02 0.4562E+06 0.2591E+01 13.367 0.0128 0.1999E-04 0.1000E+01
 690 0.9648E-03 0.2734E+04 0.8010E-02 0.2775E+02 0.4595E+06 0.2661E+01 13.341 0.0151 0.1999E-04 0.1000E+01
 695 0.9934E-03 0.2735E+04 0.7863E-02 0.2748E+02 0.4628E+06 0.2733E+01 13.314 0.0176 0.1999E-04 0.1000E+01
 700 0.1023E-02 0.2735E+04 0.7718E-02 0.2721E+02 0.4662E+06 0.2807E+01 13.288 0.0206 0.1999E-04 0.1000E+01
 705 0.1053E-02 0.2736E+04 0.7574E-02 0.2694E+02 0.4695E+06 0.2883E+01 13.261 0.0241 0.1998E-04 0.1000E+01
 710 0.1085E-02 0.2736E+04 0.7433E-02 0.2668E+02 0.4729E+06 0.2961E+01 13.234 0.0282 0.1998E-04 0.1000E+01
 715 0.1117E-02 0.2737E+04 0.7293E-02 0.2642E+02 0.4763E+06 0.3041E+01 13.207 0.0329 0.1998E-04 0.1000E+01
 720 0.1151E-02 0.2737E+04 0.7155E-02 0.2616E+02 0.4797E+06 0.3124E+01 13.180 0.0385 0.1997E-04 0.1000E+01
 725 0.1186E-02 0.2737E+04 0.7018E-02 0.2591E+02 0.4831E+06 0.3209E+01 13.153 0.0449 0.1997E-04 0.1000E+01
 730 0.1222E-02 0.2738E+04 0.6884E-02 0.2565E+02 0.4865E+06 0.3297E+01 13.126 0.0524 0.1996E-04 0.1000E+01
 735 0.1260E-02 0.2738E+04 0.6752E-02 0.2540E+02 0.4899E+06 0.3387E+01 13.099 0.0611 0.1996E-04 0.1000E+01
 740 0.1299E-02 0.2738E+04 0.6622E-02 0.2516E+02 0.4934E+06 0.3479E+01 13.072 0.0712 0.1995E-04 0.1000E+01
 745 0.1340E-02 0.2738E+04 0.6495E-02 0.2491E+02 0.4968E+06 0.3574E+01 13.044 0.0829 0.1994E-04 0.1000E+01
 750 0.1383E-02 0.2738E+04 0.6368E-02 0.2467E+02 0.5003E+06 0.3672E+01 13.017 0.0965 0.1993E-04 0.1000E+01
 755 0.1427E-02 0.2738E+04 0.6245E-02 0.2443E+02 0.5038E+06 0.3773E+01 12.990 0.1122 0.1991E-04 0.1000E+01
 760 0.1474E-02 0.2738E+04 0.6123E-02 0.2419E+02 0.5073E+06 0.3877E+01 12.962 0.1305 0.1989E-04 0.1000E+01
 765 0.1523E-02 0.2738E+04 0.6004E-02 0.2395E+02 0.5109E+06 0.3983E+01 12.935 0.1515 0.1987E-04 0.1000E+01
 770 0.1575E-02 0.2738E+04 0.5887E-02 0.2372E+02 0.5144E+06 0.4093E+01 12.907 0.1759 0.1985E-04 0.1000E+01
 775 0.1631E-02 0.2738E+04 0.5772E-02 0.2349E+02 0.5180E+06 0.4206E+01 12.879 0.2041 0.1982E-04 0.1000E+01
 780 0.1690E-02 0.2737E+04 0.5658E-02 0.2326E+02 0.5216E+06 0.4322E+01 12.851 0.2366 0.1979E-04 0.1000E+01
 785 0.1754E-02 0.2737E+04 0.5547E-02 0.2303E+02 0.5252E+06 0.4442E+01 12.823 0.2740 0.1974E-04 0.1000E+01
 790 0.1823E-02 0.2737E+04 0.5440E-02 0.2281E+02 0.5288E+06 0.4564E+01 12.796 0.3169 0.1969E-04 0.1000E+01
 795 0.1900E-02 0.2737E+04 0.5335E-02 0.2259E+02 0.5324E+06 0.4690E+01 12.768 0.3661 0.1962E-04 0.1000E+01
 800 0.1985E-02 0.2737E+04 0.5231E-02 0.2237E+02 0.5360E+06 0.4820E+01 12.740 0.4223 0.1954E-04 0.1000E+01
 805 0.2082E-02 0.2737E+04 0.5130E-02 0.2216E+02 0.5397E+06 0.4953E+01 12.712 0.4863 0.1943E-04 0.1000E+01
 810 0.2197E-02 0.2737E+04 0.5029E-02 0.2194E+02 0.5433E+06 0.5090E+01 12.684 0.5586 0.1928E-04 0.1000E+01
 815 0.2336E-02 0.2736E+04 0.4931E-02 0.2173E+02 0.5470E+06 0.5230E+01 12.656 0.6393 0.1908E-04 0.1000E+01
 820 0.2508E-02 0.2736E+04 0.4839E-02 0.2154E+02 0.5505E+06 0.5366E+01 12.629 0.7229 0.1881E-04 0.1000E+01
 825 0.2671E-02 0.2736E+04 0.4775E-02 0.2140E+02 0.5529E+06 0.5466E+01 12.610 0.7851 0.1852E-04 0.1000E+01
 830 0.2821E-02 0.2735E+04 0.4729E-02 0.2130E+02 0.5547E+06 0.5539E+01 12.597 0.8294 0.1825E-04 0.1000E+01
 835 0.2964E-02 0.2735E+04 0.4694E-02 0.2122E+02 0.5561E+06 0.5594E+01 12.587 0.8612 0.1797E-04 0.1000E+01
 837 0.3000E-02 0.2735E+04 0.4687E-02 0.2121E+02 0.5564E+06 0.5607E+01 12.584 0.8675 0.1790E-04 0.1000E+01
 840 0.3082E-02 0.2735E+04 0.4671E-02 0.2117E+02 0.5570E+06 0.5633E+01 12.580 0.8813 0.1774E-04 0.1000E+01
 845 0.3215E-02 0.2735E+04 0.4647E-02 0.2112E+02 0.5579E+06 0.5670E+01 12.573 0.8987 0.1748E-04 0.1000E+01
 850 0.3345E-02 0.2735E+04 0.4629E-02 0.2108E+02 0.5586E+06 0.5701E+01 12.567 0.9113 0.1722E-04 0.1000E+01
 855 0.3472E-02 0.2734E+04 0.4612E-02 0.2105E+02 0.5593E+06 0.5728E+01 12.562 0.9204 0.1696E-04 0.1000E+01
 860 0.3596E-02 0.2734E+04 0.4598E-02 0.2102E+02 0.5598E+06 0.5752E+01 12.558 0.9270 0.1671E-04 0.1000E+01
 865 0.3718E-02 0.2734E+04 0.4585E-02 0.2099E+02 0.5604E+06 0.5774E+01 12.554 0.9317 0.1646E-04 0.1000E+01
 870 0.3838E-02 0.2734E+04 0.4573E-02 0.2096E+02 0.5608E+06 0.5794E+01 12.550 0.9350 0.1621E-04 0.1000E+01
 875 0.3956E-02 0.2734E+04 0.4562E-02 0.2094E+02 0.5613E+06 0.5814E+01 12.547 0.9373 0.1597E-04 0.1000E+01
 880 0.4072E-02 0.2734E+04 0.4551E-02 0.2091E+02 0.5617E+06 0.5832E+01 12.544 0.9389 0.1573E-04 0.1000E+01
 885 0.4187E-02 0.2734E+04 0.4541E-02 0.2089E+02 0.5621E+06 0.5850E+01 12.541 0.9399 0.1550E-04 0.1000E+01
 890 0.4300E-02 0.2734E+04 0.4531E-02 0.2087E+02 0.5625E+06 0.5867E+01 12.537 0.9404 0.1527E-04 0.1000E+01
 895 0.4411E-02 0.2734E+04 0.4521E-02 0.2085E+02 0.5629E+06 0.5884E+01 12.534 0.9406 0.1504E-04 0.1000E+01
 900 0.4522E-02 0.2734E+04 0.4511E-02 0.2083E+02 0.5633E+06 0.5901E+01 12.532 0.9406 0.1482E-04 0.1000E+01
 905 0.4630E-02 0.2734E+04 0.4502E-02 0.2081E+02 0.5637E+06 0.5918E+01 12.529 0.9404 0.1459E-04 0.1000E+01
 910 0.4738E-02 0.2733E+04 0.4493E-02 0.2079E+02 0.5641E+06 0.5934E+01 12.526 0.9400 0.1438E-04 0.1000E+01
 915 0.4844E-02 0.2733E+04 0.4483E-02 0.2077E+02 0.5645E+06 0.5950E+01 12.523 0.9395 0.1416E-04 0.1000E+01
 920 0.4949E-02 0.2733E+04 0.4474E-02 0.2075E+02 0.5648E+06 0.5967E+01 12.520 0.9389 0.1395E-04 0.1000E+01
 925 0.5052E-02 0.2733E+04 0.4465E-02 0.2073E+02 0.5652E+06 0.5983E+01 12.517 0.9383 0.1374E-04 0.1000E+01
 930 0.5154E-02 0.2733E+04 0.4456E-02 0.2071E+02 0.5656E+06 0.5999E+01 12.514 0.9376 0.1354E-04 0.1000E+01
 935 0.5255E-02 0.2733E+04 0.4447E-02 0.2069E+02 0.5659E+06 0.6016E+01 12.512 0.9368 0.1334E-04 0.1000E+01
 940 0.5355E-02 0.2733E+04 0.4438E-02 0.2067E+02 0.5663E+06 0.6032E+01 12.509 0.9360 0.1314E-04 0.1000E+01
 945 0.5454E-02 0.2733E+04 0.4429E-02 0.2065E+02 0.5667E+06 0.6048E+01 12.506 0.9352 0.1294E-04 0.1000E+01
 950 0.5551E-02 0.2733E+04 0.4420E-02 0.2063E+02 0.5670E+06 0.6064E+01 12.503 0.9343 0.1275E-04 0.1000E+01
 955 0.5647E-02 0.2733E+04 0.4411E-02 0.2061E+02 0.5674E+06 0.6081E+01 12.501 0.9334 0.1256E-04 0.1000E+01
 960 0.5742E-02 0.2733E+04 0.4402E-02 0.2059E+02 0.5678E+06 0.6097E+01 12.498 0.9325 0.1237E-04 0.1000E+01
 965 0.5836E-02 0.2732E+04 0.4393E-02 0.2057E+02 0.5681E+06 0.6113E+01 12.495 0.9316 0.1219E-04 0.1000E+01
 970 0.5929E-02 0.2732E+04 0.4384E-02 0.2055E+02 0.5685E+06 0.6130E+01 12.492 0.9307 0.1201E-04 0.1000E+01
 975 0.6021E-02 0.2732E+04 0.4376E-02 0.2053E+02 0.5689E+06 0.6146E+01 12.489 0.9297 0.1183E-04 0.1000E+01
 980 0.6111E-02 0.2732E+04 0.4367E-02 0.2051E+02 0.5692E+06 0.6162E+01 12.487 0.9287 0.1165E-04 0.1000E+01
 985 0.6201E-02 0.2732E+04 0.4358E-02 0.2049E+02 0.5696E+06 0.6179E+01 12.484 0.9277 0.1148E-04 0.1000E+01
 990 0.6289E-02 0.2732E+04 0.4349E-02 0.2047E+02 0.5700E+06 0.6195E+01 12.481 0.9267 0.1131E-04 0.1000E+01
 995 0.6377E-02 0.2732E+04 0.4341E-02 0.2046E+02 0.5703E+06 0.6212E+01 12.478 0.9257 0.1114E-04 0.1000E+01
1000 0.6463E-02 0.2732E+04 0.4332E-02 0.2044E+02 0.5707E+06 0.6228E+01 12.476 0.9246 0.1097E-04 0.1000E+01
1005 0.6548E-02 0.2732E+04 0.4323E-02 0.2042E+02 0.5711E+06 0.6245E+01 12.473 0.9236 0.1081E-04 0.1000E+01
1010 0.6633E-02 0.2732E+04 0.4315E-02 0.2040E+02 0.5714E+06 0.6261E+01 12.470 0.9225 0.1065E-04 0.1000E+01
1015 0.6716E-02 0.2731E+04 0.4306E-02 0.2038E+02 0.5718E+06 0.6278E+01 12.467 0.9214 0.1049E-04 0.1000E+01
1020 0.6799E-02 0.2731E+04 0.4297E-02 0.2036E+02 0.5721E+06 0.6294E+01 12.465 0.9203 0.1033E-04 0.1000E+01
1025 0.6880E-02 0.2731E+04 0.4289E-02 0.2034E+02 0.5725E+06 0.6311E+01 12.462 0.9192 0.1018E-04 0.1000E+01
1030 0.6960E-02 0.2731E+04 0.4280E-02 0.2032E+02 0.5729E+06 0.6328E+01 12.459 0.9181 0.1003E-04 0.1000E+01
1035 0.7040E-02 0.2731E+04 0.4272E-02 0.2030E+02 0.5732E+06 0.6344E+01 12.457 0.9169 0.9877E-05 0.1000E+01
1040 0.7119E-02 0.2731E+04 0.4263E-02 0.2029E+02 0.5736E+06 0.6361E+01 12.454 0.9158 0.9730E-05 0.1000E+01
1045 0.7196E-02 0.2731E+04 0.4254E-02 0.2027E+02 0.5739E+06 0.6378E+01 12.451 0.9146 0.9585E-05 0.1000E+01
1050 0.7273E-02 0.2731E+04 0.4246E-02 0.2025E+02 0.5743E+06 0.6395E+01 12.448 0.9134 0.9442E-05 0.1000E+01
1055 0.7349E-02 0.2731E+04 0.4237E-02 0.2023E+02 0.5747E+06 0.6412E+01 12.446 0.9122 0.9301E-05 0.1000E+01
1060 0.7424E-02 0.2731E+04 0.4229E-02 0.2021E+02 0.5750E+06 0.6428E+01 12.443 0.9110 0.9162E-05 0.1000E+01
1065 0.7498E-02 0.2730E+04 0.4221E-02 0.2019E+02 0.5754E+06 0.6445E+01 12.440 0.9098 0.9026E-05 0.1000E+01
1070 0.7571E-02 0.2730E+04 0.4212E-02 0.2017E+02 0.5757E+06 0.6462E+01 12.437 0.9086 0.8891E-05 0.1000E+01
1075 0.7644E-02 0.2730E+04 0.4204E-02 0.2016E+02 0.5761E+06 0.6479E+01 12.435 0.9073 0.8759E-05 0.1000E+01
1080 0.7715E-02 0.2730E+04 0.4195E-02 0.2014E+02 0.5765E+06 0.6496E+01 12.432 0.9061 0.8628E-05 0.1000E+01
1085 0.7786E-02 0.2730E+04 0.4187E-02 0.2012E+02 0.5768E+06 0.6513E+01 12.429 0.9048 0.8500E-05 0.1000E+01
1090 0.7856E-02 0.2730E+04 0.4179E-02 0.2010E+02 0.5772E+06 0.6530E+01 12.427 0.9035 0.8373E-05 0.1000E+01
1095 0.7925E-02 0.2730E+04 0.4170E-02 0.2008E+02 0.5775E+06 0.6547E+01 12.424 0.9022 0.8248E-05 0.1000E+01
1100 0.7993E-02 0.2730E+04 0.4162E-02 0.2006E+02 0.5779E+06 0.6564E+01 12.421 0.9009 0.8125E-05 0.1000E+01
1105 0.8061E-02 0.2729E+04 0.4154E-02 0.2005E+02 0.5782E+06 0.6582E+01 12.418 0.8996 0.8004E-05 0.1000E+01
1110 0.8128E-02 0.2729E+04 0.4145E-02 0.2003E+02 0.5786E+06 0.6599E+01 12.416 0.8982 0.7885E-05 0.1000E+01
1115 0.8194E-02 0.2729E+04 0.4137E-02 0.2001E+02 0.5790E+06 0.6616E+01 12.413 0.8969 0.7767E-05 0.1000E+01
1120 0.8259E-02 0.2729E+04 0.4129E-02 0.1999E+02 0.5793E+06 0.6633E+01 12.410 0.8955 0.7651E-05 0.1000E+01
1125 0.8323E-02 0.2729E+04 0.4121E-02 0.1997E+02 0.5797E+06 0.6650E+01 12.408 0.8941 0.7537E-05 0.1000E+01
1130 0.8387E-02 0.2729E+04 0.4113E-02 0.1996E+02 0.5800E+06 0.6668E+01 12.405 0.8927 0.7425E-05 0.1000E+01
1135 0.8450E-02 0.2729E+04 0.4104E-02 0.1994E+02 0.5804E+06 0.6685E+01 12.402 0.8913 0.7314E-05 0.1000E+01
1140 0.8513E-02 0.2729E+04 0.4096E-02 0.1992E+02 0.5807E+06 0.6702E+01 12.400 0.8898 0.7205E-05 0.1000E+01
1145 0.8574E-02 0.2728E+04 0.4088E-02 0.1990E+02 0.5811E+06 0.6719E+01 12.397 0.8884 0.7098E-05 0.1000E+01
1150 0.8635E-02 0.2728E+04 0.4080E-02 0.1988E+02 0.5814E+06 0.6737E+01 12.394 0.8869 0.6992E-05 0.1000E+01
1155 0.8695E-02 0.2728E+04 0.4072E-02 0.1987E+02 0.5818E+06 0.6754E+01 12.392 0.8854 0.6888E-05 0.1000E+01
1160 0.8755E-02 0.2728E+04 0.4064E-02 0.1985E+02 0.5821E+06 0.6772E+01 12.389 0.8840 0.6785E-05 0.1000E+01
1165 0.8814E-02 0.2728E+04 0.4056E-02 0.1983E+02 0.5825E+06 0.6789E+01 12.386 0.8824 0.6684E-05 0.1000E+01
1170 0.8872E-02 0.2728E+04 0.4048E-02 0.1981E+02 0.5829E+06 0.6806E+01 12.384 0.8809 0.6585E-05 0.1000E+01
1175 0.8930E-02 0.2728E+04 0.4040E-02 0.1979E+02 0.5832E+06 0.6824E+01 12.381 0.8794 0.6486E-05 0.1000E+01
1180 0.8986E-02 0.2728E+04 0.4032E-02 0.1978E+02 0.5836E+06 0.6841E+01 12.378 0.8778 0.6390E-05 0.1000E+01
1185 0.9043E-02 0.2727E+04 0.4024E-02 0.1976E+02 0.5839E+06 0.6859E+01 12.376 0.8762 0.6294E-05 0.1000E+01
1190 0.9098E-02 0.2727E+04 0.4016E-02 0.1974E+02 0.5843E+06 0.6876E+01 12.373 0.8747 0.6201E-05 0.1000E+01
1195 0.9153E-02 0.2727E+04 0.4008E-02 0.1972E+02 0.5846E+06 0.6894E+01 12.370 0.8731 0.6108E-05 0.1000E+01
1200 0.9208E-02 0.2727E+04 0.4000E-02 0.1971E+02 0.5850E+06 0.6912E+01 12.368 0.8714 0.6017E-05 0.1000E+01
1205 0.9262E-02 0.2727E+04 0.3992E-02 0.1969E+02 0.5853E+06 0.6929E+01 12.365 0.8698 0.5928E-05 0.1000E+01
1210 0.9315E-02 0.2727E+04 0.3985E-02 0.1967E+02 0.5857E+06 0.6947E+01 12.362 0.8682 0.5839E-05 0.1000E+01
1215 0.9367E-02 0.2727E+04 0.3977E-02 0.1965E+02 0.5860E+06 0.6964E+01 12.360 0.8665 0.5752E-05 0.1000E+01
1220 0.9420E-02 0.2727E+04 0.3969E-02 0.1964E+02 0.5864E+06 0.6982E+01 12.357 0.8648 0.5666E-05 0.1000E+01
1225 0.9471E-02 0.2726E+04 0.3961E-02 0.1962E+02 0.5867E+06 0.7000E+01 12.355 0.8631 0.5582E-05 0.1000E+01
1230 0.9522E-02 0.2726E+04 0.3953E-02 0.1960E+02 0.5871E+06 0.7018E+01 12.352 0.8614 0.5499E-05 0.1000E+01
1235 0.9572E-02 0.2726E+04 0.3946E-02 0.1959E+02 0.5874E+06 0.7035E+01 12.349 0.8597 0.5417E-05 0.1000E+01
1240 0.9622E-02 0.2726E+04 0.3938E-02 0.1957E+02 0.5877E+06 0.7053E+01 12.347 0.8580 0.5336E-05 0.1000E+01
1245 0.9671E-02 0.2726E+04 0.3930E-02 0.1955E+02 0.5881E+06 0.7071E+01 12.344 0.8562 0.5257E-05 0.1000E+01
1250 0.9720E-02 0.2726E+04 0.3923E-02 0.1953E+02 0.5884E+06 0.7089E+01 12.341 0.8544 0.5178E-05 0.1000E+01
1255 0.9768E-02 0.2726E+04 0.3915E-02 0.1952E+02 0.5888E+06 0.7106E+01 12.339 0.8526 0.5101E-05 0.1000E+01
1260 0.9816E-02 0.2725E+04 0.3907E-02 0.1950E+02 0.5891E+06 0.7124E+01 12.336 0.8508 0.5025E-05 0.1000E+01
1265 0.9863E-02 0.2725E+04 0.3900E-02 0.1948E+02 0.5895E+06 0.7142E+01 12.334 0.8490 0.4950E-05 0.1000E+01
1270 0.9909E-02 0.2725E+04 0.3892E-02 0.1947E+02 0.5898E+06 0.7160E+01 12.331 0.8472 0.4876E-05 0.1000E+01
1275 0.9956E-02 0.2725E+04 0.3885E-02 0.1945E+02 0.5902E+06 0.7178E+01 12.328 0.8453 0.4804E-05 0.1000E+01
1280 0.1000E-01 0.2725E+04 0.3877E-02 0.1943E+02 0.5905E+06 0.7196E+01 12.326 0.8435 0.4732E-05 0.1000E+01
1285 0.1005E-01 0.2725E+04 0.3870E-02 0.1942E+02 0.5908E+06 0.7214E+01 12.323 0.8416 0.4661E-05 0.1000E+01
1290 0.1009E-01 0.2725E+04 0.3862E-02 0.1940E+02 0.5912E+06 0.7232E+01 12.321 0.8397 0.4592E-05 0.1000E+01
1295 0.1014E-01 0.2724E+04 0.3855E-02 0.1938E+02 0.5915E+06 0.7249E+01 12.318 0.8377 0.4524E-05 0.1000E+01
1300 0.1018E-01 0.2724E+04 0.3847E-02 0.1937E+02 0.5919E+06 0.7267E+01 12.315 0.8358 0.4456E-05 0.1000E+01
1305 0.1022E-01 0.2724E+04 0.3840E-02 0.1935E+02 0.5922E+06 0.7285E+01 12.313 0.8339 0.4390E-05 0.1000E+01
1310 0.1026E-01 0.2724E+04 0.3833E-02 0.1933E+02 0.5925E+06 0.7303E+01 12.310 0.8319 0.4324E-05 0.1000E+01
1315 0.1031E-01 0.2724E+04 0.3825E-02 0.1932E+02 0.5929E+06 0.7321E+01 12.308 0.8299 0.4260E-05 0.1000E+01
1320 0.1035E-01 0.2724E+04 0.3818E-02 0.1930E+02 0.5932E+06 0.7339E+01 12.305 0.8279 0.4196E-05 0.1000E+01
1325 0.1039E-01 0.2724E+04 0.3811E-02 0.1928E+02 0.5936E+06 0.7357E+01 12.303 0.8259 0.4134E-05 0.1000E+01
1330 0.1043E-01 0.2723E+04 0.3803E-02 0.1927E+02 0.5939E+06 0.7376E+01 12.300 0.8239 0.4072E-05 0.1000E+01
1335 0.1047E-01 0.2723E+04 0.3796E-02 0.1925E+02 0.5942E+06 0.7394E+01 12.298 0.8218 0.4012E-05 0.1000E+01
1340 0.1051E-01 0.2723E+04 0.3789E-02 0.1923E+02 0.5946E+06 0.7412E+01 12.295 0.8198 0.3952E-05 0.1000E+01
1345 0.1055E-01 0.2723E+04 0.3782E-02 0.1922E+02 0.5949E+06 0.7430E+01 12.292 0.8177 0.3893E-05 0.1000E+01
1350 0.1059E-01 0.2723E+04 0.3775E-02 0.1920E+02 0.5952E+06 0.7448E+01 12.290 0.8156 0.3835E-05 0.1000E+01
1355 0.1063E-01 0.2723E+04 0.3767E-02 0.1919E+02 0.5956E+06 0.7466E+01 12.287 0.8135 0.3778E-05 0.1000E+01
1360 0.1067E-01 0.2723E+04 0.3760E-02 0.1917E+02 0.5959E+06 0.7484E+01 12.285 0.8113 0.3721E-05 0.1000E+01
1365 0.1071E-01 0.2722E+04 0.3753E-02 0.1915E+02 0.5962E+06 0.7502E+01 12.282 0.8092 0.3666E-05 0.1000E+01
1370 0.1074E-01 0.2722E+04 0.3746E-02 0.1914E+02 0.5966E+06 0.7520E+01 12.280 0.8071 0.3611E-05 0.1000E+01
1375 0.1078E-01 0.2722E+04 0.3739E-02 0.1912E+02 0.5969E+06 0.7539E+01 12.277 0.8049 0.3557E-05 0.1000E+01
1380 0.1082E-01 0.2722E+04 0.3732E-02 0.1911E+02 0.5972E+06 0.7557E+01 12.275 0.8027 0.3504E-05 0.1000E+01
1385 0.1085E-01 0.2722E+04 0.3725E-02 0.1909E+02 0.5976E+06 0.7575E+01 12.272 0.8005 0.3452E-05 0.1000E+01
1390 0.1089E-01 0.2722E+04 0.3718E-02 0.1907E+02 0.5979E+06 0.7593E+01 12.270 0.7983 0.3401E-05 0.1000E+01
1395 0.1093E-01 0.2722E+04 0.3711E-02 0.1906E+02 0.5982E+06 0.7611E+01 12.267 0.7960 0.3350E-05 0.1000E+01
1400 0.1096E-01 0.2721E+04 0.3704E-02 0.1904E+02 0.5986E+06 0.7630E+01 12.265 0.7938 0.3300E-05 0.1000E+01
1405 0.1100E-01 0.2721E+04 0.3697E-02 0.1903E+02 0.5989E+06 0.7648E+01 12.262 0.7915 0.3251E-05 0.1000E+01
1410 0.1103E-01 0.2721E+04 0.3690E-02 0.1901E+02 0.5992E+06 0.7666E+01 12.260 0.7892 0.3202E-05 0.1000E+01
1415 0.1107E-01 0.2721E+04 0.3683E-02 0.1900E+02 0.5996E+06 0.7684E+01 12.257 0.7869 0.3155E-05 0.1000E+01
1420 0.1110E-01 0.2721E+04 0.3676E-02 0.1898E+02 0.5999E+06 0.7702E+01 12.255 0.7846 0.3108E-05 0.1000E+01
1425 0.1113E-01 0.2721E+04 0.3670E-02 0.1896E+02 0.6002E+06 0.7721E+01 12.252 0.7823 0.3061E-05 0.1000E+01
1430 0.1117E-01 0.2720E+04 0.3663E-02 0.1895E+02 0.6005E+06 0.7739E+01 12.250 0.7799 0.3016E-05 0.1000E+01
1435 0.1120E-01 0.2720E+04 0.3656E-02 0.1893E+02 0.6009E+06 0.7757E+01 12.247 0.7776 0.2971E-05 0.1000E+01
1440 0.1123E-01 0.2720E+04 0.3649E-02 0.1892E+02 0.6012E+06 0.7775E+01 12.245 0.7752 0.2927E-05 0.1000E+01
1445 0.1126E-01 0.2720E+04 0.3643E-02 0.1890E+02 0.6015E+06 0.7794E+01 12.243 0.7728 0.2883E-05 0.1000E+01
1450 0.1130E-01 0.2720E+04 0.3636E-02 0.1889E+02 0.6018E+06 0.7812E+01 12.240 0.7704 0.2840E-05 0.1000E+01
1455 0.1133E-01 0.2720E+04 0.3629E-02 0.1887E+02 0.6022E+06 0.7830E+01 12.238 0.7680 0.2798E-05 0.1000E+01
1460 0.1136E-01 0.2720E+04 0.3622E-02 0.1886E+02 0.6025E+06 0.7849E+01 12.235 0.7656 0.2756E-05 0.1000E+01
1465 0.1139E-01 0.2719E+04 0.3616E-02 0.1884E+02 0.6028E+06 0.7867E+01 12.233 0.7631 0.2715E-05 0.1000E+01
1470 0.1142E-01 0.2719E+04 0.3609E-02 0.1883E+02 0.6031E+06 0.7885E+01 12.230 0.7607 0.2674E-05 0.1000E+01
1475 0.1145E-01 0.2719E+04 0.3603E-02 0.1881E+02 0.6034E+06 0.7904E+01 12.228 0.7582 0.2635E-05 0.1000E+01
1480 0.1148E-01 0.2719E+04 0.3596E-02 0.1880E+02 0.6037E+06 0.7922E+01 12.226 0.7557 0.2595E-05 0.1000E+01
1485 0.1151E-01 0.2719E+04 0.3590E-02 0.1878E+02 0.6041E+06 0.7940E+01 12.223 0.7532 0.2557E-05 0.1000E+01
1490 0.1154E-01 0.2719E+04 0.3583E-02 0.1877E+02 0.6044E+06 0.7959E+01 12.221 0.7507 0.2519E-05 0.1000E+01
1495 0.1157E-01 0.2719E+04 0.3577E-02 0.1875E+02 0.6047E+06 0.7977E+01 12.218 0.7481 0.2481E-05 0.1000E+01
1500 0.1160E-01 0.2718E+04 0.3570E-02 0.1874E+02 0.6050E+06 0.7995E+01 12.216 0.7456 0.2444E-05 0.1000E+01
1505 0.1163E-01 0.2718E+04 0.3564E-02 0.1872E+02 0.6053E+06 0.8013E+01 12.214 0.7430 0.2408E-05 0.1000E+01
1510 0.1166E-01 0.2718E+04 0.3557E-02 0.1871E+02 0.6056E+06 0.8032E+01 12.211 0.7405 0.2372E-05 0.1000E+01
1515 0.1168E-01 0.2718E+04 0.3551E-02 0.1869E+02 0.6060E+06 0.8050E+01 12.209 0.7379 0.2336E-05 0.1000E+01
1520 0.1171E-01 0.2718E+04 0.3545E-02 0.1868E+02 0.6063E+06 0.8068E+01 12.206 0.7353 0.2302E-05 0.1000E+01
1525 0.1174E-01 0.2718E+04 0.3538E-02 0.1866E+02 0.6066E+06 0.8087E+01 12.204 0.7327 0.2267E-05 0.1000E+01
1530 0.1177E-01 0.2717E+04 0.3532E-02 0.1865E+02 0.6069E+06 0.8105E+01 12.202 0.7300 0.2233E-05 0.1000E+01
1535 0.1179E-01 0.2717E+04 0.3526E-02 0.1863E+02 0.6072E+06 0.8123E+01 12.199 0.7274 0.2200E-05 0.1000E+01
1540 0.1182E-01 0.2717E+04 0.3519E-02 0.1862E+02 0.6075E+06 0.8142E+01 12.197 0.7248 0.2167E-05 0.1000E+01
1545 0.1185E-01 0.2717E+04 0.3513E-02 0.1861E+02 0.6078E+06 0.8160E+01 12.195 0.7221 0.2135E-05 0.1000E+01
1550 0.1187E-01 0.2717E+04 0.3507E-02 0.1859E+02 0.6081E+06 0.8178E+01 12.192 0.7194 0.2103E-05 0.1000E+01
1555 0.1190E-01 0.2717E+04 0.3501E-02 0.1858E+02 0.6084E+06 0.8197E+01 12.190 0.7167 0.2072E-05 0.1000E+01
1560 0.1192E-01 0.2717E+04 0.3494E-02 0.1856E+02 0.6087E+06 0.8215E+01 12.188 0.7140 0.2041E-05 0.1000E+01
1565 0.1195E-01 0.2716E+04 0.3488E-02 0.1855E+02 0.6091E+06 0.8233E+01 12.185 0.7113 0.2011E-05 0.1000E+01
1570 0.1198E-01 0.2716E+04 0.3482E-02 0.1853E+02 0.6094E+06 0.8252E+01 12.183 0.7086 0.1981E-05 0.1000E+01
1575 0.1200E-01 0.2716E+04 0.3476E-02 0.1852E+02 0.6097E+06 0.8270E+01 12.181 0.7059 0.1951E-05 0.1000E+01
1580 0.1203E-01 0.2716E+04 0.3470E-02 0.1851E+02 0.6100E+06 0.8288E+01 12.178 0.7031 0.1922E-05 0.1000E+01
1585 0.1205E-01 0.2716E+04 0.3464E-02 0.1849E+02 0.6103E+06 0.8307E+01 12.176 0.7004 0.1893E-05 0.1000E+01
1590 0.1207E-01 0.2716E+04 0.3458E-02 0.1848E+02 0.6106E+06 0.8325E+01 12.174 0.6976 0.1865E-05 0.1000E+01
1595 0.1210E-01 0.2715E+04 0.3452E-02 0.1846E+02 0.6109E+06 0.8343E+01 12.171 0.6948 0.1837E-05 0.1000E+01
1600 0.1212E-01 0.2715E+04 0.3446E-02 0.1845E+02 0.6112E+06 0.8362E+01 12.169 0.6920 0.1810E-05 0.1000E+01
1605 0.1215E-01 0.2715E+04 0.3440E-02 0.1844E+02 0.6115E+06 0.8380E+01 12.167 0.6892 0.1783E-05 0.1000E+01
1610 0.1217E-01 0.2715E+04 0.3434E-02 0.1842E+02 0.6118E+06 0.8398E+01 12.164 0.6864 0.1757E-05 0.1000E+01
1615 0.1219E-01 0.2715E+04 0.3428E-02 0.1841E+02 0.6121E+06 0.8416E+01 12.162 0.6836 0.1730E-05 0.1000E+01
1620 0.1222E-01 0.2715E+04 0.3422E-02 0.1839E+02 0.6124E+06 0.8435E+01 12.160 0.6808 0.1705E-05 0.1000E+01
1625 0.1224E-01 0.2715E+04 0.3417E-02 0.1838E+02 0.6127E+06 0.8453E+01 12.158 0.6779 0.1679E-05 0.1000E+01
1630 0.1226E-01 0.2714E+04 0.3411E-02 0.1837E+02 0.6130E+06 0.8471E+01 12.155 0.6751 0.1654E-05 0.1000E+01
1635 0.1228E-01 0.2714E+04 0.3405E-02 0.1835E+02 0.6133E+06 0.8489E+01 12.153 0.6722 0.1629E-05 0.1000E+01
1640 0.1231E-01 0.2714E+04 0.3399E-02 0.1834E+02 0.6135E+06 0.8508E+01 12.151 0.6693 0.1605E-05 0.1000E+01
1645 0.1233E-01 0.2714E+04 0.3393E-02 0.1833E+02 0.6138E+06 0.8526E+01 12.149 0.6665 0.1581E-05 0.1000E+01
1650 0.1235E-01 0.2714E+04 0.3388E-02 0.1831E+02 0.6141E+06 0.8544E+01 12.146 0.6636 0.1558E-05 0.1000E+01
1655 0.1237E-01 0.2714E+04 0.3382E-02 0.1830E+02 0.6144E+06 0.8562E+01 12.144 0.6607 0.1535E-05 0.1000E+01
1660 0.1239E-01 0.2714E+04 0.3376E-02 0.1829E+02 0.6147E+06 0.8580E+01 12.142 0.6578 0.1512E-05 0.1000E+01
1665 0.1241E-01 0.2713E+04 0.3371E-02 0.1827E+02 0.6150E+06 0.8599E+01 12.140 0.6549 0.1489E-05 0.1000E+01
1670 0.1243E-01 0.2713E+04 0.3365E-02 0.1826E+02 0.6153E+06 0.8617E+01 12.138 0.6520 0.1467E-05 0.1000E+01
1675 0.1246E-01 0.2713E+04 0.3359E-02 0.1825E+02 0.6156E+06 0.8635E+01 12.135 0.6490 0.1445E-05 0.1000E+01
1680 0.1248E-01 0.2713E+04 0.3354E-02 0.1823E+02 0.6159E+06 0.8653E+01 12.133 0.6461 0.1424E-05 0.1000E+01
1685 0.1250E-01 0.2713E+04 0.3348E-02 0.1822E+02 0.6162E+06 0.8671E+01 12.131 0.6432 0.1402E-05 0.1000E+01
1690 0.1252E-01 0.2713E+04 0.3343E-02 0.1821E+02 0.6165E+06 0.8689E+01 12.129 0.6402 0.1381E-05 0.1000E+01
1695 0.1254E-01 0.2712E+04 0.3337E-02 0.1819E+02 0.6167E+06 0.8707E+01 12.127 0.6373 0.1361E-05 0.1000E+01
1700 0.1256E-01 0.2712E+04 0.3332E-02 0.1818E+02 0.6170E+06 0.8725E+01 12.124 0.6343 0.1341E-05 0.1000E+01
1705 0.1258E-01 0.2712E+04 0.3326E-02 0.1817E+02 0.6173E+06 0.8744E+01 12.122 0.6313 0.1321E-05 0.1000E+01
1710 0.1260E-01 0.2712E+04 0.3321E-02 0.1816E+02 0.6176E+06 0.8762E+01 12.120 0.6283 0.1301E-05 0.1000E+01
1715 0.1262E-01 0.2712E+04 0.3315E-02 0.1814E+02 0.6179E+06 0.8780E+01 12.118 0.6254 0.1282E-05 0.1000E+01
1720 0.1264E-01 0.2712E+04 0.3310E-02 0.1813E+02 0.6182E+06 0.8798E+01 12.116 0.6224 0.1262E-05 0.1000E+01
1725 0.1265E-01 0.2712E+04 0.3304E-02 0.1812E+02 0.6184E+06 0.8816E+01 12.114 0.6194 0.1244E-05 0.1000E+01
1730 0.1267E-01 0.2711E+04 0.3299E-02 0.1810E+02 0.6187E+06 0.8834E+01 12.111 0.6164 0.1225E-05 0.1000E+01
1735 0.1269E-01 0.2711E+04 0.3294E-02 0.1809E+02 0.6190E+06 0.8852E+01 12.109 0.6134 0.1207E-05 0.1000E+01
1740 0.1271E-01 0.2711E+04 0.3288E-02 0.1808E+02 0.6193E+06 0.8870E+01 12.107 0.6104 0.1189E-05 0.1000E+01
1745 0.1273E-01 0.2711E+04 0.3283E-02 0.1807E+02 0.6196E+06 0.8888E+01 12.105 0.6073 0.1171E-05 0.1000E+01
1750 0.1275E-01 0.2711E+04 0.3278E-02 0.1805E+02 0.6198E+06 0.8906E+01 12.103 0.6043 0.1154E-05 0.1000E+01
1755 0.1277E-01 0.2711E+04 0.3273E-02 0.1804E+02 0.6201E+06 0.8923E+01 12.101 0.6013 0.1136E-05 0.1000E+01
1760 0.1278E-01 0.2711E+04 0.3268E-02 0.1803E+02 0.6204E+06 0.8941E+01 12.099 0.5982 0.1120E-05 0.1000E+01
1765 0.1280E-01 0.2710E+04 0.3263E-02 0.1802E+02 0.6207E+06 0.8959E+01 12.097 0.5952 0.1103E-05 0.1000E+01
1770 0.1282E-01 0.2710E+04 0.3257E-02 0.1800E+02 0.6209E+06 0.8977E+01 12.095 0.5921 0.1086E-05 0.1000E+01
1775 0.1284E-01 0.2710E+04 0.3252E-02 0.1799E+02 0.6212E+06 0.8995E+01 12.092 0.5891 0.1070E-05 0.1000E+01
1780 0.1285E-01 0.2710E+04 0.3247E-02 0.1798E+02 0.6215E+06 0.9013E+01 12.090 0.5860 0.1054E-05 0.1000E+01
1785 0.1287E-01 0.2710E+04 0.3242E-02 0.1797E+02 0.6218E+06 0.9031E+01 12.088 0.5830 0.1039E-05 0.1000E+01
1790 0.1289E-01 0.2710E+04 0.3237E-02 0.1796E+02 0.6220E+06 0.9048E+01 12.086 0.5799 0.1023E-05 0.1000E+01
1795 0.1291E-01 0.2710E+04 0.3232E-02 0.1794E+02 0.6223E+06 0.9066E+01 12.084 0.5768 0.1008E-05 0.1000E+01
1800 0.1293E-01 0.2709E+04 0.3226E-02 0.1793E+02 0.6226E+06 0.9088E+01 12.082 0.5732 0.9899E-06 0.1000E+01
1805 0.1301E-01 0.2709E+04 0.3201E-02 0.1787E+02 0.6240E+06 0.9177E+01 12.071 0.5582 0.9182E-06 0.1000E+01
1810 0.1317E-01 0.2707E+04 0.3152E-02 0.1775E+02 0.6267E+06 0.9357E+01 12.051 0.5283 0.7895E-06 0.1000E+01
1815 0.1338E-01 0.2705E+04 0.3083E-02 0.1758E+02 0.6305E+06 0.9624E+01 12.021 0.4839 0.6301E-06 0.1000E+01
1820 0.1360E-01 0.2703E+04 0.3010E-02 0.1740E+02 0.6346E+06 0.9919E+01 11.989 0.4335 0.4870E-06 0.1000E+01
1825 0.1381E-01 0.2701E+04 0.2938E-02 0.1722E+02 0.6387E+06 0.1022E+02 11.957 0.3814 0.3700E-06 0.1000E+01
1830 0.1400E-01 0.2698E+04 0.2868E-02 0.1704E+02 0.6429E+06 0.1054E+02 11.925 0.3288 0.2757E-06 0.1000E+01
1835 0.1419E-01 0.2696E+04 0.2799E-02 0.1687E+02 0.6469E+06 0.1086E+02 11.893 0.2769 0.2009E-06 0.1000E+01
1840 0.1437E-01 0.2693E+04 0.2732E-02 0.1670E+02 0.6510E+06 0.1119E+02 11.861 0.2272 0.1429E-06 0.1000E+01
1845 0.1455E-01 0.2691E+04 0.2667E-02 0.1653E+02 0.6550E+06 0.1153E+02 11.830 0.1810 0.9885E-07 0.1000E+01
1850 0.1471E-01 0.2688E+04 0.2604E-02 0.1637E+02 0.6589E+06 0.1188E+02 11.798 0.1393 0.6621E-07 0.1000E+01
1855 0.1488E-01 0.2685E+04 0.2542E-02 0.1620E+02 0.6628E+06 0.1223E+02 11.767 0.1030 0.4271E-07 0.1000E+01
1860 0.1504E-01 0.2682E+04 0.2482E-02 0.1605E+02 0.6666E+06 0.1259E+02 11.736 0.0728 0.2635E-07 0.1000E+01
1865 0.1521E-01 0.2679E+04 0.2423E-02 0.1589E+02 0.6704E+06 0.1296E+02 11.705 0.0488 0.1545E-07 0.1000E+01
1870 0.1537E-01 0.2676E+04 0.2365E-02 0.1574E+02 0.6742E+06 0.1334E+02 11.674 0.0307 0.8529E-08 0.1000E+01
1875 0.1553E-01 0.2673E+04 0.2308E-02 0.1559E+02 0.6779E+06 0.1372E+02 11.643 0.0180 0.4397E-08 0.1000E+01
1880 0.1570E-01 0.2669E+04 0.2253E-02 0.1544E+02 0.6816E+06 0.1412E+02 11.612 0.0098 0.2096E-08 0.1000E+01
1885 0.1587E-01 0.2666E+04 0.2199E-02 0.1529E+02 0.6852E+06 0.1452E+02 11.582 0.0049 0.9147E-09 0.1000E+01
1890 0.1605E-01 0.2662E+04 0.2146E-02 0.1515E+02 0.6887E+06 0.1493E+02 11.551 0.0022 0.3614E-09 0.1000E+01
1895 0.1623E-01 0.2658E+04 0.2094E-02 0.1501E+02 0.6923E+06 0.1535E+02 11.521 0.0009 0.1283E-09 0.1000E+01
1900 0.1641E-01 0.2654E+04 0.2043E-02 0.1487E+02 0.6957E+06 0.1579E+02 11.491 0.0003 0.4051E-10 0.1000E+01
1905 0.1660E-01 0.2650E+04 0.1993E-02 0.1473E+02 0.6991E+06 0.1622E+02 11.461 0.0001 0.1128E-10 0.1000E+01
1910 0.1680E-01 0.2646E+04 0.1945E-02 0.1460E+02 0.7025E+06 0.1667E+02 11.431 0.0000 0.2749E-11 0.1000E+01
1915 0.1700E-01 0.2642E+04 0.1898E-02 0.1446E+02 0.7058E+06 0.1713E+02 11.401 0.0000 0.5815E-12 0.1000E+01
1920 0.1720E-01 0.2638E+04 0.1852E-02 0.1433E+02 0.7090E+06 0.1760E+02 11.371 0.0000 0.1064E-12 0.1000E+01
1925 0.1741E-01 0.2633E+04 0.1807E-02 0.1421E+02 0.7122E+06 0.1808E+02 11.341 0.0000 0.1678E-13 0.1000E+01
1930 0.1762E-01 0.2629E+04 0.1763E-02 0.1408E+02 0.7153E+06 0.1856E+02 11.312 0.0000 0.2273E-14 0.1000E+01
1935 0.1784E-01 0.2624E+04 0.1720E-02 0.1396E+02 0.7183E+06 0.1905E+02 11.283 0.0000 0.2643E-15 0.1000E+01
1940 0.1806E-01 0.2619E+04 0.1679E-02 0.1384E+02 0.7213E+06 0.1955E+02 11.254 0.0000 0.2642E-16 0.1000E+01
1945 0.1829E-01 0.2615E+04 0.1638E-02 0.1372E+02 0.7242E+06 0.2006E+02 11.225 0.0000 0.2279E-17 0.1000E+01
1950 0.1853E-01 0.2610E+04 0.1599E-02 0.1360E+02 0.7270E+06 0.2058E+02 11.196 0.0000 0.1705E-18 0.1000E+01
1955 0.1877E-01 0.2605E+04 0.1561E-02 0.1349E+02 0.7297E+06 0.2111E+02 11.167 0.0000 0.1115E-19 0.1000E+01
1960 0.1901E-01 0.2601E+04 0.1523E-02 0.1337E+02 0.7324E+06 0.2165E+02 11.139 0.0000 0.6431E-21 0.1000E+01
1965 0.1927E-01 0.2596E+04 0.1487E-02 0.1326E+02 0.7351E+06 0.2219E+02 11.110 0.0000 0.3312E-22 0.1000E+01
1970 0.1952E-01 0.2591E+04 0.1452E-02 0.1315E+02 0.7376E+06 0.2275E+02 11.082 0.0000 0.1542E-23 0.1000E+01
1975 0.1979E-01 0.2586E+04 0.1417E-02 0.1305E+02 0.7401E+06 0.2331E+02 11.054 0.0000 0.6583E-25 0.1000E+01
1980 0.2006E-01 0.2581E+04 0.1383E-02 0.1294E+02 0.7425E+06 0.2389E+02 11.025 0.0000 0.2612E-26 0.1000E+01
1985 0.2034E-01 0.2575E+04 0.1350E-02 0.1284E+02 0.7449E+06 0.2447E+02 10.997 0.0000 0.9836E-28 0.1000E+01
1990 0.2062E-01 0.2570E+04 0.1318E-02 0.1274E+02 0.7472E+06 0.2506E+02 10.970 0.0000 0.4166E-29 0.1000E+01
1995 0.2091E-01 0.2565E+04 0.1287E-02 0.1264E+02 0.7493E+06 0.2565E+02 10.942 0.0000 0.5682E-30 0.1000E+01
2000 0.2120E-01 0.2560E+04 0.1257E-02 0.1254E+02 0.7515E+06 0.2626E+02 10.914 0.0000 0.2720E-30 0.1000E+01
2005 0.2150E-01 0.2555E+04 0.1227E-02 0.1244E+02 0.7535E+06 0.2687E+02 10.887 0.0000 0.1872E-30 0.1000E+01
2010 0.2180E-01 0.2549E+04 0.1199E-02 0.1235E+02 0.7554E+06 0.2748E+02 10.861 0.0000 0.1467E-30 0.1000E+01
2015 0.2210E-01 0.2544E+04 0.1172E-02 0.1226E+02 0.7572E+06 0.2808E+02 10.835 0.0000 0.1225E-30 0.1000E+01
2020 0.2240E-01 0.2539E+04 0.1146E-02 0.1217E+02 0.7588E+06 0.2869E+02 10.809 0.0000 0.1060E-30 0.1000E+01
2025 0.2271E-01 0.2533E+04 0.1121E-02 0.1209E+02 0.7605E+06 0.2929E+02 10.784 0.0000 0.9394E-31 0.1000E+01
2030 0.2301E-01 0.2528E+04 0.1097E-02 0.1201E+02 0.7620E+06 0.2988E+02 10.760 0.0000 0.8465E-31 0.1000E+01
2035 0.2331E-01 0.2523E+04 0.1074E-02 0.1193E+02 0.7634E+06 0.3047E+02 10.736 0.0000 0.7723E-31 0.1000E+01
2040 0.2362E-01 0.2518E+04 0.1051E-02 0.1185E+02 0.7647E+06 0.3106E+02 10.713 0.0000 0.7115E-31 0.1000E+01
2045 0.2392E-01 0.2512E+04 0.1029E-02 0.1178E+02 0.7660E+06 0.3164E+02 10.690 0.0000 0.6606E-31 0.1000E+01
2050 0.2423E-01 0.2507E+04 0.1008E-02 0.1171E+02 0.7671E+06 0.3223E+02 10.667 0.0000 0.6169E-31 0.1000E+01
2055 0.2454E-01 0.2501E+04 0.9874E-03 0.1164E+02 0.7682E+06 0.3281E+02 10.645 0.0000 0.5790E-31 0.1000E+01
2060 0.2485E-01 0.2496E+04 0.9674E-03 0.1157E+02 0.7692E+06 0.3339E+02 10.623 0.0000 0.5457E-31 0.1000E+01
2065 0.2517E-01 0.2490E+04 0.9479E-03 0.1150E+02 0.7702E+06 0.3397E+02 10.602 0.0000 0.5161E-31 0.1000E+01
2070 0.2548E-01 0.2485E+04 0.9289E-03 0.1144E+02 0.7711E+06 0.3455E+02 10.581 0.0000 0.4897E-31 0.1000E+01
2075 0.2580E-01 0.2479E+04 0.9105E-03 0.1137E+02 0.7720E+06 0.3513E+02 10.560 0.0000 0.4658E-31 0.1000E+01
2080 0.2613E-01 0.2474E+04 0.8925E-03 0.1131E+02 0.7727E+06 0.3571E+02 10.539 0.0000 0.4443E-31 0.1000E+01
2085 0.2645E-01 0.2468E+04 0.8749E-03 0.1125E+02 0.7734E+06 0.3628E+02 10.518 0.0000 0.4247E-31 0.1000E+01
2090 0.2678E-01 0.2462E+04 0.8578E-03 0.1119E+02 0.7741E+06 0.3686E+02 10.498 0.0000 0.4067E-31 0.1000E+01
2095 0.2711E-01 0.2457E+04 0.8409E-03 0.1113E+02 0.7747E+06 0.3744E+02 10.478 0.0000 0.3901E-31 0.1000E+01
2100 0.2744E-01 0.2451E+04 0.8244E-03 0.1108E+02 0.7752E+06 0.3803E+02 10.458 0.0000 0.3747E-31 0.1000E+01
2105 0.2778E-01 0.2445E+04 0.8082E-03 0.1102E+02 0.7757E+06 0.3861E+02 10.439 0.0000 0.3605E-31 0.1000E+01
2110 0.2813E-01 0.2439E+04 0.7924E-03 0.1097E+02 0.7761E+06 0.3919E+02 10.419 0.0000 0.3472E-31 0.1000E+01
2115 0.2848E-01 0.2433E+04 0.7769E-03 0.1091E+02 0.7765E+06 0.3978E+02 10.400 0.0000 0.3349E-31 0.1000E+01
2120 0.2883E-01 0.2427E+04 0.7619E-03 0.1086E+02 0.7769E+06 0.4036E+02 10.381 0.0000 0.3233E-31 0.1000E+01
2125 0.2918E-01 0.2421E+04 0.7472E-03 0.1081E+02 0.7771E+06 0.4095E+02 10.362 0.0000 0.3125E-31 0.1000E+01
2130 0.2954E-01 0.2415E+04 0.7328E-03 0.1075E+02 0.7774E+06 0.4154E+02 10.343 0.0000 0.3023E-31 0.1000E+01
2135 0.2991E-01 0.2409E+04 0.7187E-03 0.1070E+02 0.7776E+06 0.4213E+02 10.324 0.0000 0.2927E-31 0.1000E+01
2140 0.3028E-01 0.2403E+04 0.7050E-03 0.1065E+02 0.7777E+06 0.4273E+02 10.305 0.0000 0.2837E-31 0.1000E+01
2145 0.3066E-01 0.2397E+04 0.6916E-03 0.1060E+02 0.7778E+06 0.4333E+02 10.286 0.0000 0.2751E-31 0.1000E+01
2150 0.3104E-01 0.2391E+04 0.6787E-03 0.1056E+02 0.7779E+06 0.4393E+02 10.268 0.0000 0.2671E-31 0.1000E+01
2155 0.3143E-01 0.2386E+04 0.6662E-03 0.1051E+02 0.7779E+06 0.4453E+02 10.250 0.0000 0.2594E-31 0.1000E+01
2160 0.3182E-01 0.2380E+04 0.6540E-03 0.1046E+02 0.7778E+06 0.4513E+02 10.231 0.0000 0.2521E-31 0.1000E+01
2165 0.3221E-01 0.2374E+04 0.6421E-03 0.1041E+02 0.7778E+06 0.4573E+02 10.213 0.0000 0.2453E-31 0.1000E+01
2170 0.3262E-01 0.2369E+04 0.6304E-03 0.1037E+02 0.7777E+06 0.4634E+02 10.195 0.0000 0.2387E-31 0.1000E+01
2175 0.3302E-01 0.2363E+04 0.6190E-03 0.1032E+02 0.7775E+06 0.4695E+02 10.177 0.0000 0.2325E-31 0.1000E+01
2180 0.3344E-01 0.2358E+04 0.6078E-03 0.1028E+02 0.7773E+06 0.4757E+02 10.159 0.0000 0.2265E-31 0.1000E+01
2185 0.3386E-01 0.2352E+04 0.5968E-03 0.1023E+02 0.7770E+06 0.4819E+02 10.141 0.0000 0.2208E-31 0.1000E+01
2190 0.3429E-01 0.2346E+04 0.5858E-03 0.1019E+02 0.7767E+06 0.4881E+02 10.123 0.0000 0.2154E-31 0.1000E+01
2195 0.3472E-01 0.2340E+04 0.5750E-03 0.1015E+02 0.7764E+06 0.4943E+02 10.105 0.0000 0.2102E-31 0.1000E+01
2200 0.3516E-01 0.2334E+04 0.5644E-03 0.1011E+02 0.7760E+06 0.5006E+02 10.088 0.0000 0.2053E-31 0.1000E+01
2205 0.3560E-01 0.2328E+04 0.5540E-03 0.1006E+02 0.7756E+06 0.5069E+02 10.070 0.0000 0.2005E-31 0.1000E+01
2210 0.3606E-01 0.2322E+04 0.5438E-03 0.1002E+02 0.7751E+06 0.5132E+02 10.052 0.0000 0.1960E-31 0.1000E+01
2215 0.3652E-01 0.2316E+04 0.5337E-03 0.9981E+01 0.7746E+06 0.5196E+02 10.035 0.0000 0.1916E-31 0.1000E+01
2220 0.3698E-01 0.2310E+04 0.5237E-03 0.9940E+01 0.7741E+06 0.5259E+02 10.017 0.0000 0.1874E-31 0.1000E+01
2225 0.3746E-01 0.2303E+04 0.5139E-03 0.9900E+01 0.7735E+06 0.5323E+02 10.000 0.0000 0.1834E-31 0.1000E+01
2230 0.3794E-01 0.2297E+04 0.5042E-03 0.9861E+01 0.7729E+06 0.5388E+02  9.982 0.0000 0.1796E-31 0.1000E+01
2235 0.3843E-01 0.2291E+04 0.4946E-03 0.9822E+01 0.7722E+06 0.5452E+02  9.965 0.0000 0.1759E-31 0.1000E+01
2240 0.3892E-01 0.2284E+04 0.4851E-03 0.9783E+01 0.7715E+06 0.5517E+02  9.947 0.0000 0.1723E-31 0.1000E+01
2245 0.3943E-01 0.2277E+04 0.4757E-03 0.9745E+01 0.7708E+06 0.5582E+02  9.930 0.0000 0.1689E-31 0.1000E+01
2250 0.3994E-01 0.2270E+04 0.4664E-03 0.9707E+01 0.7700E+06 0.5648E+02  9.913 0.0000 0.1656E-31 0.1000E+01
2255 0.4046E-01 0.2263E+04 0.4571E-03 0.9670E+01 0.7691E+06 0.5714E+02  9.896 0.0000 0.1624E-31 0.1000E+01
2260 0.4099E-01 0.2256E+04 0.4478E-03 0.9633E+01 0.7683E+06 0.5780E+02  9.879 0.0000 0.1594E-31 0.1000E+01
2265 0.4153E-01 0.2248E+04 0.4383E-03 0.9596E+01 0.7674E+06 0.5846E+02  9.861 0.0000 0.1564E-31 0.1000E+01
2270 0.4208E-01 0.2240E+04 0.4286E-03 0.9560E+01 0.7664E+06 0.5912E+02  9.844 0.0000 0.1536E-31 0.1000E+01
2275 0.4264E-01 0.2231E+04 0.4189E-03 0.9525E+01 0.7654E+06 0.5979E+02  9.827 0.0000 0.1508E-31 0.1000E+01
2280 0.4322E-01 0.2222E+04 0.4090E-03 0.9489E+01 0.7644E+06 0.6046E+02  9.810 0.0000 0.1482E-31 0.1000E+01
2285 0.4380E-01 0.2213E+04 0.3990E-03 0.9455E+01 0.7634E+06 0.6113E+02  9.793 0.0000 0.1456E-31 0.1000E+01
2290 0.4440E-01 0.2203E+04 0.3891E-03 0.9420E+01 0.7623E+06 0.6181E+02  9.776 0.0000 0.1431E-31 0.1000E+01
2295 0.4501E-01 0.2193E+04 0.3792E-03 0.9386E+01 0.7611E+06 0.6249E+02  9.760 0.0000 0.1407E-31 0.1000E+01
2300 0.4563E-01 0.2182E+04 0.3693E-03 0.9352E+01 0.7600E+06 0.6317E+02  9.743 0.0000 0.1383E-31 0.1000E+01
2305 0.4627E-01 0.2171E+04 0.3595E-03 0.9319E+01 0.7588E+06 0.6385E+02  9.726 0.0000 0.1360E-31 0.1000E+01
2310 0.4692E-01 0.2160E+04 0.3499E-03 0.9286E+01 0.7575E+06 0.6453E+02  9.709 0.0000 0.1338E-31 0.1000E+01
2315 0.4759E-01 0.2149E+04 0.3402E-03 0.9253E+01 0.7562E+06 0.6522E+02  9.692 0.0000 0.1317E-31 0.1000E+01
2320 0.4828E-01 0.2138E+04 0.3306E-03 0.9221E+01 0.7549E+06 0.6591E+02  9.676 0.0000 0.1296E-31 0.1000E+01
2325 0.4899E-01 0.2126E+04 0.3211E-03 0.9189E+01 0.7535E+06 0.6660E+02  9.659 0.0000 0.1275E-31 0.1000E+01
2330 0.4971E-01 0.2113E+04 0.3114E-03 0.9157E+01 0.7521E+06 0.6729E+02  9.642 0.0000 0.1255E-31 0.1000E+01
2332 0.5000E-01 0.2108E+04 0.3076E-03 0.9145E+01 0.7516E+06 0.6757E+02  9.636 0.0000 0.1248E-31 0.1000E+01
2335 0.5045E-01 0.2100E+04 0.3019E-03 0.9126E+01 0.7507E+06 0.6799E+02  9.626 0.0000 0.1236E-31 0.1000E+01
2340 0.5121E-01 0.2087E+04 0.2923E-03 0.9095E+01 0.7492E+06 0.6868E+02  9.609 0.0000 0.1217E-31 0.1000E+01
2345 0.5200E-01 0.2073E+04 0.2826E-03 0.9065E+01 0.7477E+06 0.6938E+02  9.593 0.0000 0.1199E-31 0.1000E+01
2350 0.5282E-01 0.2059E+04 0.2730E-03 0.9034E+01 0.7462E+06 0.7008E+02  9.576 0.0000 0.1181E-31 0.1000E+01
2355 0.5365E-01 0.2044E+04 0.2633E-03 0.9005E+01 0.7447E+06 0.7079E+02  9.559 0.0000 0.1164E-31 0.1000E+01
2360 0.5452E-01 0.2028E+04 0.2538E-03 0.8975E+01 0.7431E+06 0.7149E+02  9.543 0.0000 0.1146E-31 0.1000E+01
2365 0.5542E-01 0.2012E+04 0.2445E-03 0.8946E+01 0.7414E+06 0.7220E+02  9.527 0.0000 0.1130E-31 0.1000E+01
2370 0.5634E-01 0.1997E+04 0.2353E-03 0.8917E+01 0.7398E+06 0.7291E+02  9.510 0.0000 0.1113E-31 0.1000E+01
2375 0.5730E-01 0.1981E+04 0.2265E-03 0.8888E+01 0.7381E+06 0.7362E+02  9.494 0.0000 0.1097E-31 0.1000E+01
2380 0.5830E-01 0.1965E+04 0.2179E-03 0.8860E+01 0.7364E+06 0.7433E+02  9.477 0.0000 0.1081E-31 0.1000E+01
2385 0.5933E-01 0.1949E+04 0.2095E-03 0.8831E+01 0.7346E+06 0.7504E+02  9.461 0.0000 0.1066E-31 0.1000E+01
2390 0.6039E-01 0.1933E+04 0.2015E-03 0.8804E+01 0.7328E+06 0.7576E+02  9.445 0.0000 0.1051E-31 0.1000E+01
2395 0.6149E-01 0.1917E+04 0.1939E-03 0.8776E+01 0.7310E+06 0.7647E+02  9.429 0.0000 0.1036E-31 0.1000E+01
2400 0.6263E-01 0.1902E+04 0.1868E-03 0.8749E+01 0.7292E+06 0.7719E+02  9.412 0.0000 0.1022E-31 0.1000E+01
2405 0.6381E-01 0.1888E+04 0.1800E-03 0.8722E+01 0.7273E+06 0.7790E+02  9.396 0.0000 0.1008E-31 0.1000E+01
2410 0.6503E-01 0.1873E+04 0.1735E-03 0.8695E+01 0.7254E+06 0.7862E+02  9.380 0.0000 0.9943E-32 0.1000E+01
2415 0.6629E-01 0.1859E+04 0.1672E-03 0.8669E+01 0.7235E+06 0.7934E+02  9.364 0.0000 0.9809E-32 0.1000E+01
2420 0.6759E-01 0.1845E+04 0.1613E-03 0.8643E+01 0.7215E+06 0.8007E+02  9.348 0.0000 0.9680E-32 0.1000E+01
2425 0.6893E-01 0.1831E+04 0.1555E-03 0.8617E+01 0.7195E+06 0.8079E+02  9.332 0.0000 0.9553E-32 0.1000E+01
2429 0.7000E-01 0.1820E+04 0.1511E-03 0.8597E+01 0.7180E+06 0.8135E+02  9.319 0.0000 0.9458E-32 0.1000E+01
2430 0.7028E-01 0.1817E+04 0.1499E-03 0.8592E+01 0.7176E+06 0.8149E+02  9.316 0.0000 0.9434E-32 0.1000E+01
2435 0.7172E-01 0.1802E+04 0.1442E-03 0.8567E+01 0.7155E+06 0.8222E+02  9.300 0.0000 0.9313E-32 0.1000E+01
2440 0.7320E-01 0.1787E+04 0.1384E-03 0.8542E+01 0.7134E+06 0.8294E+02  9.284 0.0000 0.9196E-32 0.1000E+01
2445 0.7474E-01 0.1771E+04 0.1330E-03 0.8517E+01 0.7113E+06 0.8367E+02  9.268 0.0000 0.9081E-32 0.1000E+01
2450 0.7634E-01 0.1756E+04 0.1278E-03 0.8493E+01 0.7092E+06 0.8440E+02  9.252 0.0000 0.8969E-32 0.1000E+01
2455 0.7799E-01 0.1742E+04 0.1230E-03 0.8468E+01 0.7071E+06 0.8513E+02  9.236 0.0000 0.8859E-32 0.1000E+01
2460 0.7970E-01 0.1728E+04 0.1184E-03 0.8444E+01 0.7049E+06 0.8586E+02  9.220 0.0000 0.8753E-32 0.1000E+01
2465 0.8147E-01 0.1714E+04 0.1140E-03 0.8421E+01 0.7027E+06 0.8659E+02  9.204 0.0000 0.8649E-32 0.1000E+01
2470 0.8330E-01 0.1700E+04 0.1098E-03 0.8397E+01 0.7005E+06 0.8732E+02  9.188 0.0000 0.8548E-32 0.1000E+01
2475 0.8519E-01 0.1687E+04 0.1057E-03 0.8374E+01 0.6982E+06 0.8805E+02  9.172 0.0000 0.8450E-32 0.1000E+01
2480 0.8714E-01 0.1673E+04 0.1019E-03 0.8351E+01 0.6960E+06 0.8878E+02  9.157 0.0000 0.8354E-32 0.1000E+01
2485 0.8916E-01 0.1660E+04 0.9816E-04 0.8328E+01 0.6937E+06 0.8951E+02  9.141 0.0000 0.8261E-32 0.1000E+01
2490 0.9124E-01 0.1647E+04 0.9461E-04 0.8305E+01 0.6914E+06 0.9024E+02  9.125 0.0000 0.8170E-32 0.1000E+01
2495 0.9339E-01 0.1634E+04 0.9117E-04 0.8283E+01 0.6890E+06 0.9097E+02  9.109 0.0000 0.8082E-32 0.1000E+01
2500 0.9561E-01 0.1621E+04 0.8784E-04 0.8261E+01 0.6867E+06 0.9170E+02  9.093 0.0000 0.7997E-32 0.1000E+01
2505 0.9790E-01 0.1608E+04 0.8461E-04 0.8239E+01 0.6843E+06 0.9244E+02  9.078 0.0000 0.7913E-32 0.1000E+01
2510 0.1000E+00 0.1597E+04 0.8183E-04 0.8220E+01 0.6822E+06 0.9309E+02  9.064 0.0000 0.7841E-32 0.1000E+01
2510 0.1000E+00 0.1597E+04 0.8183E-04 0.8220E+01 0.6822E+06 0.9309E+02  9.064 0.0000 0.7841E-32 0.1000E+01
2515 0.1024E+00 0.1584E+04 0.7875E-04 0.8198E+01 0.6798E+06 0.9382E+02  9.048 0.0000 0.7762E-32 0.1000E+01
2520 0.1050E+00 0.1570E+04 0.7575E-04 0.8177E+01 0.6773E+06 0.9455E+02  9.032 0.0000 0.7685E-32 0.1000E+01
2525 0.1076E+00 0.1557E+04 0.7282E-04 0.8156E+01 0.6749E+06 0.9529E+02  9.017 0.0000 0.7610E-32 0.1000E+01
2530 0.1103E+00 0.1543E+04 0.6996E-04 0.8135E+01 0.6724E+06 0.9602E+02  9.001 0.0000 0.7537E-32 0.1000E+01
2535 0.1131E+00 0.1530E+04 0.6718E-04 0.8115E+01 0.6699E+06 0.9675E+02  8.986 0.0000 0.7466E-32 0.1000E+01
2540 0.1160E+00 0.1516E+04 0.6449E-04 0.8094E+01 0.6674E+06 0.9748E+02  8.970 0.0000 0.7396E-32 0.1000E+01
2545 0.1190E+00 0.1503E+04 0.6189E-04 0.8074E+01 0.6649E+06 0.9822E+02  8.954 0.0000 0.7328E-32 0.1000E+01
2550 0.1222E+00 0.1489E+04 0.5939E-04 0.8054E+01 0.6624E+06 0.9895E+02  8.939 0.0000 0.7262E-32 0.1000E+01
2555 0.1254E+00 0.1476E+04 0.5698E-04 0.8034E+01 0.6598E+06 0.9968E+02  8.923 0.0000 0.7197E-32 0.1000E+01
2560 0.1288E+00 0.1462E+04 0.5469E-04 0.8015E+01 0.6572E+06 0.1004E+03  8.908 0.0000 0.7134E-32 0.1000E+01
2565 0.1323E+00 0.1450E+04 0.5257E-04 0.7995E+01 0.6546E+06 0.1011E+03  8.892 0.0000 0.7073E-32 0.1000E+01
2570 0.1359E+00 0.1438E+04 0.5063E-04 0.7976E+01 0.6520E+06 0.1019E+03  8.877 0.0000 0.7014E-32 0.1000E+01
2575 0.1396E+00 0.1427E+04 0.4888E-04 0.7957E+01 0.6494E+06 0.1026E+03  8.861 0.0000 0.6956E-32 0.1000E+01
2580 0.1434E+00 0.1417E+04 0.4728E-04 0.7938E+01 0.6467E+06 0.1033E+03  8.846 0.0000 0.6900E-32 0.1000E+01
2585 0.1473E+00 0.1407E+04 0.4578E-04 0.7919E+01 0.6440E+06 0.1041E+03  8.831 0.0000 0.6846E-32 0.1000E+01
2589 0.1500E+00 0.1401E+04 0.4483E-04 0.7907E+01 0.6423E+06 0.1046E+03  8.820 0.0000 0.6811E-32 0.1000E+01
2590 0.1508E+00 0.1399E+04 0.4454E-04 0.7903E+01 0.6417E+06 0.1047E+03  8.817 0.0000 0.6801E-32 0.1000E+01
2595 0.1549E+00 0.1390E+04 0.4316E-04 0.7885E+01 0.6390E+06 0.1054E+03  8.802 0.0000 0.6750E-32 0.1000E+01
2600 0.1592E+00 0.1380E+04 0.4184E-04 0.7867E+01 0.6363E+06 0.1062E+03  8.786 0.0000 0.6701E-32 0.1000E+01
2605 0.1635E+00 0.1371E+04 0.4056E-04 0.7848E+01 0.6336E+06 0.1069E+03  8.771 0.0000 0.6654E-32 0.1000E+01
2610 0.1680E+00 0.1362E+04 0.3933E-04 0.7831E+01 0.6309E+06 0.1076E+03  8.756 0.0000 0.6609E-32 0.1000E+01
2615 0.1726E+00 0.1353E+04 0.3814E-04 0.7813E+01 0.6281E+06 0.1084E+03  8.740 0.0000 0.6565E-32 0.1000E+01
2620 0.1773E+00 0.1344E+04 0.3698E-04 0.7795E+01 0.6254E+06 0.1091E+03  8.725 0.0000 0.6523E-32 0.1000E+01
2625 0.1821E+00 0.1336E+04 0.3586E-04 0.7778E+01 0.6226E+06 0.1098E+03  8.709 0.0000 0.6482E-32 0.1000E+01
2630 0.1871E+00 0.1327E+04 0.3477E-04 0.7761E+01 0.6199E+06 0.1105E+03  8.694 0.0000 0.6442E-32 0.1000E+01
2635 0.1922E+00 0.1318E+04 0.3371E-04 0.7744E+01 0.6171E+06 0.1113E+03  8.679 0.0000 0.6404E-32 0.1000E+01
2640 0.1974E+00 0.1309E+04 0.3269E-04 0.7727E+01 0.6143E+06 0.1120E+03  8.663 0.0000 0.6368E-32 0.1000E+01
2643 0.2000E+00 0.1305E+04 0.3220E-04 0.7719E+01 0.6129E+06 0.1123E+03  8.656 0.0000 0.6350E-32 0.1000E+01
2645 0.2021E+00 0.1302E+04 0.3180E-04 0.7712E+01 0.6118E+06 0.1126E+03  8.650 0.0000 0.6336E-32 0.1000E+01
2650 0.2076E+00 0.1293E+04 0.3084E-04 0.7696E+01 0.6089E+06 0.1134E+03  8.634 0.0000 0.6302E-32 0.1000E+01
2655 0.2132E+00 0.1285E+04 0.2991E-04 0.7679E+01 0.6061E+06 0.1141E+03  8.619 0.0000 0.6269E-32 0.1000E+01
2660 0.2189E+00 0.1276E+04 0.2900E-04 0.7663E+01 0.6033E+06 0.1148E+03  8.604 0.0000 0.6237E-32 0.1000E+01
2665 0.2248E+00 0.1268E+04 0.2812E-04 0.7647E+01 0.6004E+06 0.1155E+03  8.589 0.0000 0.6206E-32 0.1000E+01
2670 0.2309E+00 0.1259E+04 0.2726E-04 0.7631E+01 0.5976E+06 0.1162E+03  8.574 0.0000 0.6177E-32 0.1000E+01
2675 0.2371E+00 0.1251E+04 0.2643E-04 0.7615E+01 0.5947E+06 0.1170E+03  8.558 0.0000 0.6148E-32 0.1000E+01
2680 0.2435E+00 0.1242E+04 0.2561E-04 0.7600E+01 0.5919E+06 0.1177E+03  8.543 0.0000 0.6121E-32 0.1000E+01
2685 0.2500E+00 0.1234E+04 0.2482E-04 0.7584E+01 0.5890E+06 0.1184E+03  8.528 0.0000 0.6094E-32 0.1000E+01
2685 0.2500E+00 0.1234E+04 0.2482E-04 0.7584E+01 0.5890E+06 0.1184E+03  8.528 0.0000 0.6094E-32 0.1000E+01
2690 0.2567E+00 0.1225E+04 0.2404E-04 0.7569E+01 0.5861E+06 0.1191E+03  8.513 0.0000 0.6068E-32 0.1000E+01
2695 0.2636E+00 0.1216E+04 0.2327E-04 0.7554E+01 0.5832E+06 0.1198E+03  8.498 0.0000 0.6044E-32 0.1000E+01
2700 0.2707E+00 0.1208E+04 0.2253E-04 0.7539E+01 0.5804E+06 0.1205E+03  8.482 0.0000 0.6020E-32 0.1000E+01
2705 0.2779E+00 0.1199E+04 0.2179E-04 0.7524E+01 0.5775E+06 0.1212E+03  8.467 0.0000 0.5997E-32 0.1000E+01
2710 0.2854E+00 0.1190E+04 0.2108E-04 0.7509E+01 0.5746E+06 0.1219E+03  8.452 0.0000 0.5974E-32 0.1000E+01
2715 0.2931E+00 0.1181E+04 0.2038E-04 0.7495E+01 0.5717E+06 0.1226E+03  8.437 0.0000 0.5953E-32 0.1000E+01
2720 0.3000E+00 0.1174E+04 0.1979E-04 0.7482E+01 0.5692E+06 0.1233E+03  8.424 0.0000 0.5935E-32 0.1000E+01
2720 0.3000E+00 0.1174E+04 0.1979E-04 0.7482E+01 0.5692E+06 0.1233E+03  8.424 0.0000 0.5935E-32 0.1000E+01
2725 0.3081E+00 0.1165E+04 0.1913E-04 0.7468E+01 0.5663E+06 0.1240E+03  8.409 0.0000 0.5915E-32 0.1000E+01
2730 0.3164E+00 0.1156E+04 0.1850E-04 0.7453E+01 0.5633E+06 0.1247E+03  8.394 0.0000 0.5895E-32 0.1000E+01
2735 0.3250E+00 0.1148E+04 0.1788E-04 0.7439E+01 0.5604E+06 0.1254E+03  8.379 0.0000 0.5876E-32 0.1000E+01
2740 0.3338E+00 0.1139E+04 0.1729E-04 0.7425E+01 0.5575E+06 0.1261E+03  8.364 0.0000 0.5858E-32 0.1000E+01
2745 0.3429E+00 0.1131E+04 0.1671E-04 0.7412E+01 0.5546E+06 0.1268E+03  8.349 0.0000 0.5841E-32 0.1000E+01
2749 0.3500E+00 0.1124E+04 0.1628E-04 0.7401E+01 0.5524E+06 0.1273E+03  8.337 0.0000 0.5828E-32 0.1000E+01
2750 0.3519E+00 0.1122E+04 0.1617E-04 0.7398E+01 0.5518E+06 0.1274E+03  8.334 0.0000 0.5824E-32 0.1000E+01
2755 0.3615E+00 0.1114E+04 0.1563E-04 0.7385E+01 0.5489E+06 0.1281E+03  8.319 0.0000 0.5808E-32 0.1000E+01
2760 0.3713E+00 0.1105E+04 0.1509E-04 0.7371E+01 0.5459E+06 0.1288E+03  8.304 0.0000 0.5792E-32 0.1000E+01
2765 0.3815E+00 0.1096E+04 0.1457E-04 0.7358E+01 0.5430E+06 0.1295E+03  8.289 0.0000 0.5777E-32 0.1000E+01
2770 0.3920E+00 0.1088E+04 0.1406E-04 0.7345E+01 0.5401E+06 0.1302E+03  8.274 0.0000 0.5762E-32 0.1000E+01
2774 0.4000E+00 0.1081E+04 0.1368E-04 0.7335E+01 0.5379E+06 0.1307E+03  8.263 0.0000 0.5752E-32 0.1000E+01
2775 0.4022E+00 0.1079E+04 0.1357E-04 0.7333E+01 0.5373E+06 0.1308E+03  8.260 0.0000 0.5749E-32 0.1000E+01
2780 0.4133E+00 0.1070E+04 0.1306E-04 0.7320E+01 0.5344E+06 0.1315E+03  8.245 0.0000 0.5735E-32 0.1000E+01
2785 0.4248E+00 0.1060E+04 0.1256E-04 0.7307E+01 0.5314E+06 0.1322E+03  8.230 0.0000 0.5722E-32 0.1000E+01
2790 0.4367E+00 0.1051E+04 0.1207E-04 0.7294E+01 0.5285E+06 0.1329E+03  8.215 0.0000 0.5709E-32 0.1000E+01
2795 0.4490E+00 0.1041E+04 0.1159E-04 0.7281E+01 0.5256E+06 0.1336E+03  8.200 0.0000 0.5696E-32 0.1000E+01
2796 0.4500E+00 0.1040E+04 0.1155E-04 0.7280E+01 0.5253E+06 0.1336E+03  8.199 0.0000 0.5695E-32 0.1000E+01
2800 0.4602E+00 0.1032E+04 0.1118E-04 0.7270E+01 0.5230E+06 0.1342E+03  8.187 0.0000 0.5686E-32 0.1000E+01
2805 0.4733E+00 0.1023E+04 0.1073E-04 0.7258E+01 0.5201E+06 0.1348E+03  8.172 0.0000 0.5674E-32 0.1000E+01
2810 0.4869E+00 0.1013E+04 0.1029E-04 0.7246E+01 0.5171E+06 0.1355E+03  8.157 0.0000 0.5663E-32 0.1000E+01
2815 0.5000E+00 0.1004E+04 0.9903E-05 0.7235E+01 0.5144E+06 0.1361E+03  8.143 0.0000 0.5652E-32 0.1000E+01
2815 0.5000E+00 0.1004E+04 0.9903E-05 0.7235E+01 0.5144E+06 0.1361E+03  8.143 0.0000 0.5652E-32 0.1000E+01
2820 0.5146E+00 0.9943E+03 0.9497E-05 0.7223E+01 0.5115E+06 0.1368E+03  8.128 0.0000 0.5642E-32 0.1000E+01
2825 0.5297E+00 0.9847E+03 0.9104E-05 0.7211E+01 0.5086E+06 0.1375E+03  8.113 0.0000 0.5631E-32 0.1000E+01
2830 0.5454E+00 0.9751E+03 0.8726E-05 0.7199E+01 0.5057E+06 0.1381E+03  8.098 0.0000 0.5621E-32 0.1000E+01
2832 0.5500E+00 0.9724E+03 0.8621E-05 0.7195E+01 0.5048E+06 0.1383E+03  8.094 0.0000 0.5618E-32 0.1000E+01
2835 0.5598E+00 0.9667E+03 0.8404E-05 0.7188E+01 0.5031E+06 0.1387E+03  8.085 0.0000 0.5613E-32 0.1000E+01
2840 0.5766E+00 0.9572E+03 0.8053E-05 0.7177E+01 0.5002E+06 0.1394E+03  8.070 0.0000 0.5603E-32 0.1000E+01
2845 0.5941E+00 0.9477E+03 0.7715E-05 0.7165E+01 0.4972E+06 0.1401E+03  8.055 0.0000 0.5594E-32 0.1000E+01
2847 0.6000E+00 0.9446E+03 0.7605E-05 0.7161E+01 0.4963E+06 0.1403E+03  8.050 0.0000 0.5591E-32 0.1000E+01
2850 0.6109E+00 0.9390E+03 0.7412E-05 0.7155E+01 0.4945E+06 0.1407E+03  8.041 0.0000 0.5586E-32 0.1000E+01
2855 0.6296E+00 0.9297E+03 0.7099E-05 0.7143E+01 0.4916E+06 0.1413E+03  8.026 0.0000 0.5577E-32 0.1000E+01
2860 0.6491E+00 0.9204E+03 0.6798E-05 0.7132E+01 0.4887E+06 0.1420E+03  8.011 0.0000 0.5569E-32 0.1000E+01
2861 0.6500E+00 0.9200E+03 0.6785E-05 0.7132E+01 0.4886E+06 0.1420E+03  8.011 0.0000 0.5568E-32 0.1000E+01
2865 0.6661E+00 0.9125E+03 0.6552E-05 0.7123E+01 0.4863E+06 0.1425E+03  7.999 0.0000 0.5562E-32 0.1000E+01
2870 0.6869E+00 0.9033E+03 0.6272E-05 0.7112E+01 0.4834E+06 0.1432E+03  7.984 0.0000 0.5554E-32 0.1000E+01
2874 0.7000E+00 0.8977E+03 0.6107E-05 0.7105E+01 0.4816E+06 0.1436E+03  7.975 0.0000 0.5549E-32 0.1000E+01
2875 0.7043E+00 0.8958E+03 0.6051E-05 0.7103E+01 0.4810E+06 0.1437E+03  7.972 0.0000 0.5548E-32 0.1000E+01
2880 0.7267E+00 0.8867E+03 0.5791E-05 0.7092E+01 0.4781E+06 0.1444E+03  7.957 0.0000 0.5540E-32 0.1000E+01
2885 0.7499E+00 0.8776E+03 0.5540E-05 0.7081E+01 0.4752E+06 0.1450E+03  7.942 0.0000 0.5533E-32 0.1000E+01
2886 0.7500E+00 0.8776E+03 0.5539E-05 0.7081E+01 0.4752E+06 0.1450E+03  7.942 0.0000 0.5533E-32 0.1000E+01
2890 0.7692E+00 0.8703E+03 0.5344E-05 0.7073E+01 0.4729E+06 0.1455E+03  7.930 0.0000 0.5528E-32 0.1000E+01
2895 0.7940E+00 0.8613E+03 0.5112E-05 0.7062E+01 0.4700E+06 0.1462E+03  7.915 0.0000 0.5521E-32 0.1000E+01
2897 0.8000E+00 0.8592E+03 0.5059E-05 0.7060E+01 0.4693E+06 0.1463E+03  7.912 0.0000 0.5519E-32 0.1000E+01
2900 0.8155E+00 0.8539E+03 0.4926E-05 0.7053E+01 0.4676E+06 0.1467E+03  7.903 0.0000 0.5515E-32 0.1000E+01
2905 0.8421E+00 0.8451E+03 0.4712E-05 0.7043E+01 0.4647E+06 0.1473E+03  7.888 0.0000 0.5509E-32 0.1000E+01
2907 0.8500E+00 0.8426E+03 0.4652E-05 0.7040E+01 0.4639E+06 0.1475E+03  7.884 0.0000 0.5507E-32 0.1000E+01
2910 0.8666E+00 0.8373E+03 0.4530E-05 0.7034E+01 0.4621E+06 0.1479E+03  7.875 0.0000 0.5504E-32 0.1000E+01
2915 0.8953E+00 0.8287E+03 0.4334E-05 0.7024E+01 0.4593E+06 0.1485E+03  7.860 0.0000 0.5498E-32 0.1000E+01
2916 0.9000E+00 0.8274E+03 0.4303E-05 0.7022E+01 0.4588E+06 0.1486E+03  7.857 0.0000 0.5497E-32 0.1000E+01
2920 0.9238E+00 0.8206E+03 0.4154E-05 0.7014E+01 0.4565E+06 0.1492E+03  7.845 0.0000 0.5492E-32 0.1000E+01
2925 0.9500E+00 0.8134E+03 0.4001E-05 0.7005E+01 0.4541E+06 0.1497E+03  7.833 0.0000 0.5488E-32 0.1000E+01
2925 0.9500E+00 0.8134E+03 0.4001E-05 0.7005E+01 0.4541E+06 0.1497E+03  7.833 0.0000 0.5488E-32 0.1000E+01
2930 0.9817E+00 0.8052E+03 0.3830E-05 0.6995E+01 0.4512E+06 0.1503E+03  7.818 0.0000 0.5482E-32 0.1000E+01
2933 0.1000E+01 0.8006E+03 0.3738E-05 0.6990E+01 0.4496E+06 0.1507E+03  7.810 0.0000 0.5479E-32 0.1000E+01
2935 0.1013E+01 0.7973E+03 0.3673E-05 0.6986E+01 0.4485E+06 0.1509E+03  7.804 0.0000 0.5477E-32 0.1000E+01
2940 0.1048E+01 0.7891E+03 0.3515E-05 0.6976E+01 0.4456E+06 0.1515E+03  7.789 0.0000 0.5472E-32 0.1000E+01
2945 0.1083E+01 0.7809E+03 0.3362E-05 0.6966E+01 0.4428E+06 0.1522E+03  7.774 0.0000 0.5468E-32 0.1000E+01
2950 0.1120E+01 0.7728E+03 0.3215E-05 0.6957E+01 0.4399E+06 0.1528E+03  7.759 0.0000 0.5463E-32 0.1000E+01
2955 0.1158E+01 0.7646E+03 0.3072E-05 0.6947E+01 0.4371E+06 0.1534E+03  7.744 0.0000 0.5459E-32 0.1000E+01
2960 0.1198E+01 0.7563E+03 0.2933E-05 0.6938E+01 0.4343E+06 0.1540E+03  7.730 0.0000 0.5454E-32 0.1000E+01
2965 0.1240E+01 0.7479E+03 0.2797E-05 0.6929E+01 0.4314E+06 0.1546E+03  7.715 0.0000 0.5450E-32 0.1000E+01
2970 0.1283E+01 0.7393E+03 0.2663E-05 0.6919E+01 0.4286E+06 0.1552E+03  7.700 0.0000 0.5446E-32 0.1000E+01
2975 0.1328E+01 0.7304E+03 0.2531E-05 0.6910E+01 0.4258E+06 0.1558E+03  7.685 0.0000 0.5443E-32 0.1000E+01
2980 0.1376E+01 0.7212E+03 0.2400E-05 0.6901E+01 0.4230E+06 0.1564E+03  7.670 0.0000 0.5439E-32 0.1000E+01
2985 0.1425E+01 0.7118E+03 0.2271E-05 0.6892E+01 0.4202E+06 0.1570E+03  7.655 0.0000 0.5435E-32 0.1000E+01
2990 0.1478E+01 0.7023E+03 0.2146E-05 0.6883E+01 0.4174E+06 0.1576E+03  7.641 0.0000 0.5432E-32 0.1000E+01
2993 0.1500E+01 0.6983E+03 0.2096E-05 0.6880E+01 0.4163E+06 0.1579E+03  7.635 0.0000 0.5430E-32 0.1000E+01
2995 0.1522E+01 0.6944E+03 0.2048E-05 0.6876E+01 0.4152E+06 0.1581E+03  7.629 0.0000 0.5429E-32 0.1000E+01
3000 0.1579E+01 0.6848E+03 0.1932E-05 0.6867E+01 0.4124E+06 0.1587E+03  7.614 0.0000 0.5426E-32 0.1000E+01
3005 0.1640E+01 0.6752E+03 0.1821E-05 0.6859E+01 0.4096E+06 0.1593E+03  7.599 0.0000 0.5423E-32 0.1000E+01
3010 0.1703E+01 0.6657E+03 0.1716E-05 0.6850E+01 0.4068E+06 0.1599E+03  7.584 0.0000 0.5419E-32 0.1000E+01
3015 0.1770E+01 0.6562E+03 0.1616E-05 0.6842E+01 0.4041E+06 0.1604E+03  7.569 0.0000 0.5416E-32 0.1000E+01
3020 0.1841E+01 0.6468E+03 0.1522E-05 0.6833E+01 0.4013E+06 0.1610E+03  7.555 0.0000 0.5413E-32 0.1000E+01
3025 0.1916E+01 0.6376E+03 0.1434E-05 0.6825E+01 0.3986E+06 0.1616E+03  7.540 0.0000 0.5411E-32 0.1000E+01
3030 0.1994E+01 0.6285E+03 0.1351E-05 0.6817E+01 0.3958E+06 0.1622E+03  7.525 0.0000 0.5408E-32 0.1000E+01
3031 0.2000E+01 0.6279E+03 0.1345E-05 0.6816E+01 0.3956E+06 0.1622E+03  7.524 0.0000 0.5408E-32 0.1000E+01
3035 0.2066E+01 0.6208E+03 0.1283E-05 0.6810E+01 0.3935E+06 0.1627E+03  7.512 0.0000 0.5405E-32 0.1000E+01
3040 0.2153E+01 0.6120E+03 0.1208E-05 0.6801E+01 0.3907E+06 0.1633E+03  7.497 0.0000 0.5403E-32 0.1000E+01
3045 0.2244E+01 0.6033E+03 0.1139E-05 0.6793E+01 0.3880E+06 0.1638E+03  7.483 0.0000 0.5400E-32 0.1000E+01
3050 0.2341E+01 0.5948E+03 0.1073E-05 0.6785E+01 0.3853E+06 0.1644E+03  7.468 0.0000 0.5398E-32 0.1000E+01
3055 0.2442E+01 0.5864E+03 0.1012E-05 0.6778E+01 0.3826E+06 0.1649E+03  7.453 0.0000 0.5395E-32 0.1000E+01
3058 0.2500E+01 0.5819E+03 0.9799E-06 0.6773E+01 0.3812E+06 0.1653E+03  7.445 0.0000 0.5394E-32 0.1000E+01
3060 0.2543E+01 0.5786E+03 0.9571E-06 0.6770E+01 0.3801E+06 0.1655E+03  7.439 0.0000 0.5393E-32 0.1000E+01
3065 0.2656E+01 0.5705E+03 0.9024E-06 0.6762E+01 0.3774E+06 0.1660E+03  7.424 0.0000 0.5391E-32 0.1000E+01
3070 0.2774E+01 0.5626E+03 0.8512E-06 0.6755E+01 0.3748E+06 0.1666E+03  7.409 0.0000 0.5389E-32 0.1000E+01
3075 0.2898E+01 0.5548E+03 0.8031E-06 0.6747E+01 0.3721E+06 0.1671E+03  7.395 0.0000 0.5387E-32 0.1000E+01
3079 0.3000E+01 0.5488E+03 0.7676E-06 0.6741E+01 0.3701E+06 0.1676E+03  7.383 0.0000 0.5385E-32 0.1000E+01
3080 0.3027E+01 0.5473E+03 0.7588E-06 0.6740E+01 0.3696E+06 0.1677E+03  7.380 0.0000 0.5385E-32 0.1000E+01
3085 0.3164E+01 0.5397E+03 0.7164E-06 0.6732E+01 0.3669E+06 0.1682E+03  7.365 0.0000 0.5383E-32 0.1000E+01
3090 0.3309E+01 0.5323E+03 0.6764E-06 0.6725E+01 0.3643E+06 0.1688E+03  7.351 0.0000 0.5381E-32 0.1000E+01
3095 0.3461E+01 0.5251E+03 0.6388E-06 0.6717E+01 0.3617E+06 0.1693E+03  7.336 0.0000 0.5379E-32 0.1000E+01
3097 0.3500E+01 0.5233E+03 0.6299E-06 0.6716E+01 0.3611E+06 0.1694E+03  7.332 0.0000 0.5378E-32 0.1000E+01
3100 0.3596E+01 0.5190E+03 0.6086E-06 0.6711E+01 0.3595E+06 0.1697E+03  7.323 0.0000 0.5377E-32 0.1000E+01
3105 0.3763E+01 0.5119E+03 0.5749E-06 0.6704E+01 0.3570E+06 0.1703E+03  7.309 0.0000 0.5376E-32 0.1000E+01
3110 0.3938E+01 0.5050E+03 0.5431E-06 0.6697E+01 0.3544E+06 0.1708E+03  7.294 0.0000 0.5374E-32 0.1000E+01
3112 0.4000E+01 0.5026E+03 0.5327E-06 0.6694E+01 0.3535E+06 0.1710E+03  7.289 0.0000 0.5373E-32 0.1000E+01
3115 0.4111E+01 0.4985E+03 0.5148E-06 0.6690E+01 0.3520E+06 0.1713E+03  7.280 0.0000 0.5372E-32 0.1000E+01
3120 0.4304E+01 0.4918E+03 0.4865E-06 0.6683E+01 0.3494E+06 0.1718E+03  7.265 0.0000 0.5371E-32 0.1000E+01
3125 0.4500E+01 0.4854E+03 0.4608E-06 0.6676E+01 0.3470E+06 0.1723E+03  7.251 0.0000 0.5370E-32 0.1000E+01
3125 0.4500E+01 0.4854E+03 0.4608E-06 0.6676E+01 0.3470E+06 0.1723E+03  7.251 0.0000 0.5370E-32 0.1000E+01
3130 0.4713E+01 0.4789E+03 0.4356E-06 0.6670E+01 0.3445E+06 0.1728E+03  7.236 0.0000 0.5368E-32 0.1000E+01
3135 0.4937E+01 0.4725E+03 0.4120E-06 0.6663E+01 0.3420E+06 0.1734E+03  7.221 0.0000 0.5367E-32 0.1000E+01
3137 0.5000E+01 0.4707E+03 0.4057E-06 0.6661E+01 0.3413E+06 0.1735E+03  7.217 0.0000 0.5366E-32 0.1000E+01
3140 0.5141E+01 0.4670E+03 0.3925E-06 0.6657E+01 0.3398E+06 0.1738E+03  7.209 0.0000 0.5366E-32 0.1000E+01
3145 0.5386E+01 0.4608E+03 0.3714E-06 0.6650E+01 0.3373E+06 0.1743E+03  7.194 0.0000 0.5364E-32 0.1000E+01
3148 0.5500E+01 0.4581E+03 0.3623E-06 0.6647E+01 0.3362E+06 0.1745E+03  7.187 0.0000 0.5364E-32 0.1000E+01
3150 0.5603E+01 0.4557E+03 0.3545E-06 0.6644E+01 0.3352E+06 0.1748E+03  7.181 0.0000 0.5363E-32 0.1000E+01
3155 0.5870E+01 0.4497E+03 0.3356E-06 0.6638E+01 0.3327E+06 0.1753E+03  7.166 0.0000 0.5362E-32 0.1000E+01
3158 0.6000E+01 0.4469E+03 0.3271E-06 0.6635E+01 0.3316E+06 0.1755E+03  7.160 0.0000 0.5362E-32 0.1000E+01
3160 0.6112E+01 0.4446E+03 0.3200E-06 0.6632E+01 0.3306E+06 0.1757E+03  7.154 0.0000 0.5361E-32 0.1000E+01
3165 0.6404E+01 0.4388E+03 0.3031E-06 0.6626E+01 0.3282E+06 0.1762E+03  7.139 0.0000 0.5360E-32 0.1000E+01
3167 0.6500E+01 0.4370E+03 0.2978E-06 0.6623E+01 0.3274E+06 0.1763E+03  7.134 0.0000 0.5360E-32 0.1000E+01
3170 0.6684E+01 0.4335E+03 0.2883E-06 0.6620E+01 0.3260E+06 0.1766E+03  7.125 0.0000 0.5359E-32 0.1000E+01
3175 0.7000E+01 0.4279E+03 0.2732E-06 0.6613E+01 0.3236E+06 0.1771E+03  7.111 0.0000 0.5358E-32 0.1000E+01
3175 0.7000E+01 0.4279E+03 0.2732E-06 0.6613E+01 0.3236E+06 0.1771E+03  7.111 0.0000 0.5358E-32 0.1000E+01
3180 0.7334E+01 0.4224E+03 0.2587E-06 0.6607E+01 0.3212E+06 0.1776E+03  7.096 0.0000 0.5357E-32 0.1000E+01
3183 0.7500E+01 0.4197E+03 0.2521E-06 0.6604E+01 0.3201E+06 0.1779E+03  7.089 0.0000 0.5357E-32 0.1000E+01
3185 0.7641E+01 0.4175E+03 0.2466E-06 0.6601E+01 0.3191E+06 0.1780E+03  7.083 0.0000 0.5356E-32 0.1000E+01
3190 0.8000E+01 0.4122E+03 0.2338E-06 0.6595E+01 0.3168E+06 0.1785E+03  7.069 0.0000 0.5356E-32 0.1000E+01
3190 0.8000E+01 0.4122E+03 0.2338E-06 0.6595E+01 0.3168E+06 0.1785E+03  7.069 0.0000 0.5356E-32 0.1000E+01
3195 0.8382E+01 0.4068E+03 0.2214E-06 0.6589E+01 0.3145E+06 0.1790E+03  7.054 0.0000 0.5355E-32 0.1000E+01
3197 0.8500E+01 0.4052E+03 0.2178E-06 0.6587E+01 0.3137E+06 0.1791E+03  7.049 0.0000 0.5354E-32 0.1000E+01
3200 0.8741E+01 0.4020E+03 0.2108E-06 0.6584E+01 0.3124E+06 0.1794E+03  7.041 0.0000 0.5354E-32 0.1000E+01
3204 0.9000E+01 0.3987E+03 0.2037E-06 0.6580E+01 0.3109E+06 0.1797E+03  7.031 0.0000 0.5353E-32 0.1000E+01
3205 0.9084E+01 0.3976E+03 0.2015E-06 0.6579E+01 0.3104E+06 0.1798E+03  7.028 0.0000 0.5353E-32 0.1000E+01
3210 0.9500E+01 0.3926E+03 0.1912E-06 0.6573E+01 0.3082E+06 0.1803E+03  7.014 0.0000 0.5353E-32 0.1000E+01
3210 0.9500E+01 0.3926E+03 0.1912E-06 0.6573E+01 0.3082E+06 0.1803E+03  7.014 0.0000 0.5353E-32 0.1000E+01
3215 0.9955E+01 0.3874E+03 0.1809E-06 0.6567E+01 0.3059E+06 0.1807E+03  7.000 0.0000 0.5352E-32 0.1000E+01
3216 0.1000E+02 0.3869E+03 0.1799E-06 0.6566E+01 0.3057E+06 0.1808E+03  6.998 0.0000 0.5352E-32 0.1000E+01
