 $INPUT
 IMODEL	=             1
 N	=           120
 MINSTP	=             0
 VEOS	=  1.000000000000000
 ILOOP	=             1
 STATIC	=   F
 FRACT	=  2.0000000000000000E-03
 SHINE	=  0.3000000000000000
 SHAVE	=  9.9999999999999995E-08
 POUT	=  5000000.000000000
 AMETH	=             2
 CMETH	=             1
 NOBOND	=             1
 TBEG	=  5.0000000000000004E-06
 TIMEF	=  10.00000000000000
 DTIMEO	=  5.0000000000000003E-02
 STEPO	=  0.5000000000000000
 LCORR	=   T
 LSTART	=   F
 MAXSTP	=          5000
 SPK	=  11.40000000000000
 STARL	=  0.0000000000000000E+00
 DIST	=  5.200000000000000
 ALB	=  0.3500000000000000
 TEFFS	=  5770.000000000000
 LCONV	=   T
 LTRANS	=   T
 LPOUT	=   F
 LFILL	=   F
 LCONT	=   T
 LBURN	=   T
 MAG	=  'O '
 GAM	=  '7X'
 MASS	=  11.39484000000000
 YHEA	=  0.2500000000000000
 YDI	=  2.0000000000000002E-05
 HB	=  1.000000000000000
 $end
 
 
 Gam,Mass,Yhe,Ydi,Dist,starl,alb=  7X  11.395   0.250 0.200E-04 0.520E+01 0.000E+00 0.350E+00
  I  Time(Gyrs) Teff        Lumin      Rad(Gcm)  Tc         Rhoc       S      Ratio  Yd         Yl


   5 0.4950E-05 0.2266E+04 0.1524E-02 0.1762E+02 0.1791E+06 0.2293E+01 11.392 0.0000 0.2000E-04 0.1000E+01
   6 0.0000E+00 0.2266E+04 0.1524E-02 0.1762E+02 0.1791E+06 0.2294E+01 11.392 0.0000 0.2000E-04 0.1000E+01
  10 0.4993E-05 0.2264E+04 0.1509E-02 0.1756E+02 0.1793E+06 0.2312E+01 11.382 0.0000 0.2000E-04 0.1000E+01
  15 0.1130E-04 0.2262E+04 0.1492E-02 0.1749E+02 0.1796E+06 0.2334E+01 11.370 0.0000 0.2000E-04 0.1000E+01
  20 0.1768E-04 0.2260E+04 0.1475E-02 0.1742E+02 0.1798E+06 0.2356E+01 11.359 0.0000 0.2000E-04 0.1000E+01
  25 0.2413E-04 0.2258E+04 0.1458E-02 0.1735E+02 0.1800E+06 0.2378E+01 11.347 0.0000 0.2000E-04 0.1000E+01
  30 0.3066E-04 0.2256E+04 0.1441E-02 0.1728E+02 0.1803E+06 0.2401E+01 11.336 0.0000 0.2000E-04 0.1000E+01
  35 0.3725E-04 0.2254E+04 0.1424E-02 0.1721E+02 0.1805E+06 0.2423E+01 11.324 0.0000 0.2000E-04 0.1000E+01
  40 0.4392E-04 0.2252E+04 0.1408E-02 0.1715E+02 0.1807E+06 0.2446E+01 11.312 0.0000 0.2000E-04 0.1000E+01
  45 0.5066E-04 0.2250E+04 0.1391E-02 0.1708E+02 0.1809E+06 0.2468E+01 11.301 0.0000 0.2000E-04 0.1000E+01
  50 0.5748E-04 0.2247E+04 0.1375E-02 0.1701E+02 0.1811E+06 0.2491E+01 11.289 0.0000 0.2000E-04 0.1000E+01
  55 0.6437E-04 0.2245E+04 0.1358E-02 0.1695E+02 0.1814E+06 0.2514E+01 11.278 0.0000 0.2000E-04 0.1000E+01
  60 0.7134E-04 0.2242E+04 0.1341E-02 0.1688E+02 0.1816E+06 0.2537E+01 11.267 0.0000 0.2000E-04 0.1000E+01
  65 0.7839E-04 0.2239E+04 0.1325E-02 0.1682E+02 0.1818E+06 0.2560E+01 11.255 0.0000 0.2000E-04 0.1000E+01
  70 0.8552E-04 0.2237E+04 0.1309E-02 0.1676E+02 0.1820E+06 0.2584E+01 11.244 0.0000 0.2000E-04 0.1000E+01
  75 0.9273E-04 0.2234E+04 0.1293E-02 0.1669E+02 0.1822E+06 0.2607E+01 11.232 0.0000 0.2000E-04 0.1000E+01
  80 0.1000E-03 0.2231E+04 0.1277E-02 0.1663E+02 0.1824E+06 0.2631E+01 11.221 0.0000 0.2000E-04 0.1000E+01
  85 0.1074E-03 0.2229E+04 0.1261E-02 0.1657E+02 0.1826E+06 0.2655E+01 11.210 0.0000 0.2000E-04 0.1000E+01
  90 0.1149E-03 0.2226E+04 0.1245E-02 0.1651E+02 0.1828E+06 0.2678E+01 11.198 0.0000 0.2000E-04 0.1000E+01
  95 0.1224E-03 0.2223E+04 0.1230E-02 0.1645E+02 0.1830E+06 0.2702E+01 11.187 0.0000 0.2000E-04 0.1000E+01
 100 0.1301E-03 0.2220E+04 0.1214E-02 0.1638E+02 0.1832E+06 0.2727E+01 11.176 0.0000 0.2000E-04 0.1000E+01
 105 0.1378E-03 0.2217E+04 0.1199E-02 0.1632E+02 0.1834E+06 0.2751E+01 11.165 0.0000 0.2000E-04 0.1000E+01
 110 0.1456E-03 0.2214E+04 0.1183E-02 0.1627E+02 0.1836E+06 0.2775E+01 11.153 0.0000 0.2000E-04 0.1000E+01
 115 0.1536E-03 0.2211E+04 0.1168E-02 0.1621E+02 0.1838E+06 0.2800E+01 11.142 0.0000 0.2000E-04 0.1000E+01
 120 0.1616E-03 0.2208E+04 0.1153E-02 0.1615E+02 0.1840E+06 0.2824E+01 11.131 0.0000 0.2000E-04 0.1000E+01
 125 0.1697E-03 0.2204E+04 0.1138E-02 0.1609E+02 0.1842E+06 0.2849E+01 11.120 0.0000 0.2000E-04 0.1000E+01
 130 0.1779E-03 0.2201E+04 0.1124E-02 0.1603E+02 0.1844E+06 0.2874E+01 11.109 0.0000 0.2000E-04 0.1000E+01
 135 0.1863E-03 0.2198E+04 0.1109E-02 0.1597E+02 0.1845E+06 0.2899E+01 11.098 0.0000 0.2000E-04 0.1000E+01
 140 0.1947E-03 0.2195E+04 0.1094E-02 0.1592E+02 0.1847E+06 0.2924E+01 11.086 0.0000 0.2000E-04 0.1000E+01
 145 0.2033E-03 0.2191E+04 0.1080E-02 0.1586E+02 0.1849E+06 0.2950E+01 11.075 0.0000 0.2000E-04 0.1000E+01
 150 0.2120E-03 0.2188E+04 0.1066E-02 0.1580E+02 0.1851E+06 0.2975E+01 11.064 0.0000 0.2000E-04 0.1000E+01
 155 0.2208E-03 0.2184E+04 0.1052E-02 0.1575E+02 0.1852E+06 0.3001E+01 11.053 0.0000 0.2000E-04 0.1000E+01
 160 0.2297E-03 0.2181E+04 0.1038E-02 0.1569E+02 0.1854E+06 0.3027E+01 11.042 0.0000 0.2000E-04 0.1000E+01
 165 0.2387E-03 0.2177E+04 0.1024E-02 0.1564E+02 0.1856E+06 0.3053E+01 11.031 0.0000 0.2000E-04 0.1000E+01
 170 0.2478E-03 0.2174E+04 0.1010E-02 0.1558E+02 0.1857E+06 0.3079E+01 11.020 0.0000 0.2000E-04 0.1000E+01
 175 0.2570E-03 0.2170E+04 0.9963E-03 0.1553E+02 0.1859E+06 0.3105E+01 11.009 0.0000 0.2000E-04 0.1000E+01
 180 0.2664E-03 0.2166E+04 0.9827E-03 0.1548E+02 0.1861E+06 0.3132E+01 10.998 0.0000 0.2000E-04 0.1000E+01
 185 0.2759E-03 0.2163E+04 0.9693E-03 0.1542E+02 0.1862E+06 0.3158E+01 10.987 0.0000 0.2000E-04 0.1000E+01
 190 0.2855E-03 0.2159E+04 0.9560E-03 0.1537E+02 0.1864E+06 0.3185E+01 10.976 0.0000 0.2000E-04 0.1000E+01
 195 0.2952E-03 0.2155E+04 0.9428E-03 0.1532E+02 0.1866E+06 0.3212E+01 10.965 0.0000 0.2000E-04 0.1000E+01
 200 0.3052E-03 0.2151E+04 0.9296E-03 0.1527E+02 0.1867E+06 0.3239E+01 10.954 0.0000 0.2000E-04 0.1000E+01
 205 0.3152E-03 0.2147E+04 0.9165E-03 0.1521E+02 0.1869E+06 0.3266E+01 10.943 0.0000 0.2000E-04 0.1000E+01
 210 0.3254E-03 0.2143E+04 0.9035E-03 0.1516E+02 0.1870E+06 0.3293E+01 10.932 0.0000 0.2000E-04 0.1000E+01
 215 0.3357E-03 0.2139E+04 0.8907E-03 0.1511E+02 0.1872E+06 0.3321E+01 10.921 0.0000 0.2000E-04 0.1000E+01
 220 0.3462E-03 0.2135E+04 0.8779E-03 0.1506E+02 0.1873E+06 0.3348E+01 10.910 0.0000 0.2000E-04 0.1000E+01
 225 0.3568E-03 0.2131E+04 0.8652E-03 0.1501E+02 0.1874E+06 0.3376E+01 10.899 0.0000 0.2000E-04 0.1000E+01
 230 0.3676E-03 0.2127E+04 0.8526E-03 0.1496E+02 0.1876E+06 0.3404E+01 10.888 0.0000 0.2000E-04 0.1000E+01
 235 0.3785E-03 0.2122E+04 0.8400E-03 0.1491E+02 0.1877E+06 0.3432E+01 10.877 0.0000 0.2000E-04 0.1000E+01
 240 0.3896E-03 0.2118E+04 0.8274E-03 0.1486E+02 0.1879E+06 0.3460E+01 10.866 0.0000 0.2000E-04 0.1000E+01
 245 0.4009E-03 0.2113E+04 0.8150E-03 0.1481E+02 0.1880E+06 0.3489E+01 10.855 0.0000 0.2000E-04 0.1000E+01
 250 0.4124E-03 0.2109E+04 0.8026E-03 0.1476E+02 0.1881E+06 0.3517E+01 10.844 0.0000 0.2000E-04 0.1000E+01
 255 0.4240E-03 0.2104E+04 0.7902E-03 0.1472E+02 0.1882E+06 0.3546E+01 10.834 0.0000 0.2000E-04 0.1000E+01
 260 0.4358E-03 0.2099E+04 0.7780E-03 0.1467E+02 0.1884E+06 0.3575E+01 10.823 0.0000 0.2000E-04 0.1000E+01
 265 0.4478E-03 0.2094E+04 0.7658E-03 0.1462E+02 0.1885E+06 0.3604E+01 10.812 0.0000 0.2000E-04 0.1000E+01
 270 0.4600E-03 0.2089E+04 0.7538E-03 0.1457E+02 0.1886E+06 0.3633E+01 10.801 0.0000 0.2000E-04 0.1000E+01
 275 0.4724E-03 0.2085E+04 0.7418E-03 0.1452E+02 0.1887E+06 0.3663E+01 10.790 0.0000 0.2000E-04 0.1000E+01
 280 0.4850E-03 0.2080E+04 0.7301E-03 0.1448E+02 0.1889E+06 0.3692E+01 10.779 0.0000 0.2000E-04 0.1000E+01
 285 0.4978E-03 0.2075E+04 0.7185E-03 0.1443E+02 0.1890E+06 0.3722E+01 10.768 0.0000 0.2000E-04 0.1000E+01
 290 0.5107E-03 0.2070E+04 0.7070E-03 0.1439E+02 0.1891E+06 0.3751E+01 10.757 0.0000 0.2000E-04 0.1000E+01
 295 0.5239E-03 0.2065E+04 0.6957E-03 0.1434E+02 0.1892E+06 0.3781E+01 10.746 0.0000 0.2000E-04 0.1000E+01
 300 0.5374E-03 0.2060E+04 0.6846E-03 0.1429E+02 0.1893E+06 0.3812E+01 10.736 0.0000 0.2000E-04 0.1000E+01
 305 0.5510E-03 0.2055E+04 0.6737E-03 0.1425E+02 0.1894E+06 0.3842E+01 10.725 0.0000 0.2000E-04 0.1000E+01
 310 0.5648E-03 0.2050E+04 0.6629E-03 0.1420E+02 0.1895E+06 0.3872E+01 10.714 0.0000 0.2000E-04 0.1000E+01
 315 0.5789E-03 0.2045E+04 0.6524E-03 0.1416E+02 0.1896E+06 0.3903E+01 10.703 0.0000 0.2000E-04 0.1000E+01
 320 0.5932E-03 0.2040E+04 0.6420E-03 0.1411E+02 0.1897E+06 0.3934E+01 10.692 0.0000 0.2000E-04 0.1000E+01
 325 0.6077E-03 0.2035E+04 0.6318E-03 0.1407E+02 0.1898E+06 0.3965E+01 10.681 0.0000 0.2000E-04 0.1000E+01
 330 0.6225E-03 0.2030E+04 0.6219E-03 0.1403E+02 0.1899E+06 0.3996E+01 10.671 0.0000 0.2000E-04 0.1000E+01
 335 0.6374E-03 0.2025E+04 0.6122E-03 0.1398E+02 0.1899E+06 0.4027E+01 10.660 0.0000 0.2000E-04 0.1000E+01
 340 0.6526E-03 0.2020E+04 0.6027E-03 0.1394E+02 0.1900E+06 0.4058E+01 10.649 0.0000 0.2000E-04 0.1000E+01
 345 0.6680E-03 0.2016E+04 0.5934E-03 0.1390E+02 0.1901E+06 0.4090E+01 10.638 0.0000 0.2000E-04 0.1000E+01
 350 0.6837E-03 0.2011E+04 0.5843E-03 0.1385E+02 0.1902E+06 0.4121E+01 10.627 0.0000 0.2000E-04 0.1000E+01
 355 0.6996E-03 0.2006E+04 0.5755E-03 0.1381E+02 0.1903E+06 0.4153E+01 10.617 0.0000 0.2000E-04 0.1000E+01
 360 0.7157E-03 0.2002E+04 0.5669E-03 0.1377E+02 0.1903E+06 0.4185E+01 10.606 0.0000 0.2000E-04 0.1000E+01
 365 0.7321E-03 0.1997E+04 0.5586E-03 0.1373E+02 0.1904E+06 0.4217E+01 10.595 0.0000 0.2000E-04 0.1000E+01
 370 0.7487E-03 0.1993E+04 0.5505E-03 0.1368E+02 0.1905E+06 0.4249E+01 10.584 0.0000 0.2000E-04 0.1000E+01
 375 0.7656E-03 0.1989E+04 0.5426E-03 0.1364E+02 0.1905E+06 0.4282E+01 10.573 0.0000 0.2000E-04 0.1000E+01
 380 0.7827E-03 0.1985E+04 0.5350E-03 0.1360E+02 0.1906E+06 0.4314E+01 10.563 0.0000 0.2000E-04 0.1000E+01
 385 0.8000E-03 0.1981E+04 0.5277E-03 0.1356E+02 0.1907E+06 0.4347E+01 10.552 0.0000 0.2000E-04 0.1000E+01
 390 0.8175E-03 0.1977E+04 0.5205E-03 0.1352E+02 0.1907E+06 0.4380E+01 10.541 0.0000 0.2000E-04 0.1000E+01
 395 0.8352E-03 0.1974E+04 0.5136E-03 0.1348E+02 0.1908E+06 0.4413E+01 10.530 0.0000 0.2000E-04 0.1000E+01
 400 0.8532E-03 0.1970E+04 0.5068E-03 0.1344E+02 0.1908E+06 0.4446E+01 10.520 0.0000 0.2000E-04 0.1000E+01
 405 0.8713E-03 0.1966E+04 0.5002E-03 0.1340E+02 0.1908E+06 0.4479E+01 10.509 0.0000 0.2000E-04 0.1000E+01
 410 0.8898E-03 0.1963E+04 0.4938E-03 0.1336E+02 0.1909E+06 0.4512E+01 10.498 0.0000 0.2000E-04 0.1000E+01
 415 0.9084E-03 0.1960E+04 0.4875E-03 0.1332E+02 0.1909E+06 0.4546E+01 10.488 0.0000 0.2000E-04 0.1000E+01
 420 0.9273E-03 0.1956E+04 0.4813E-03 0.1329E+02 0.1910E+06 0.4579E+01 10.477 0.0000 0.2000E-04 0.1000E+01
 425 0.9463E-03 0.1953E+04 0.4752E-03 0.1325E+02 0.1910E+06 0.4613E+01 10.466 0.0000 0.2000E-04 0.1000E+01
 430 0.9656E-03 0.1949E+04 0.4692E-03 0.1321E+02 0.1910E+06 0.4647E+01 10.456 0.0000 0.2000E-04 0.1000E+01
 435 0.9852E-03 0.1946E+04 0.4633E-03 0.1317E+02 0.1911E+06 0.4681E+01 10.445 0.0000 0.2000E-04 0.1000E+01
 440 0.1005E-02 0.1943E+04 0.4575E-03 0.1313E+02 0.1911E+06 0.4715E+01 10.434 0.0000 0.2000E-04 0.1000E+01
 445 0.1025E-02 0.1939E+04 0.4518E-03 0.1310E+02 0.1911E+06 0.4750E+01 10.424 0.0000 0.2000E-04 0.1000E+01
 450 0.1045E-02 0.1936E+04 0.4462E-03 0.1306E+02 0.1911E+06 0.4784E+01 10.413 0.0000 0.2000E-04 0.1000E+01
 455 0.1066E-02 0.1933E+04 0.4407E-03 0.1302E+02 0.1911E+06 0.4819E+01 10.402 0.0000 0.2000E-04 0.1000E+01
 460 0.1086E-02 0.1929E+04 0.4352E-03 0.1299E+02 0.1911E+06 0.4854E+01 10.392 0.0000 0.2000E-04 0.1000E+01
 465 0.1107E-02 0.1926E+04 0.4298E-03 0.1295E+02 0.1911E+06 0.4889E+01 10.381 0.0000 0.2000E-04 0.1000E+01
 470 0.1129E-02 0.1923E+04 0.4244E-03 0.1291E+02 0.1911E+06 0.4924E+01 10.371 0.0000 0.2000E-04 0.1000E+01
 475 0.1150E-02 0.1919E+04 0.4191E-03 0.1288E+02 0.1911E+06 0.4959E+01 10.360 0.0000 0.2000E-04 0.1000E+01
 480 0.1172E-02 0.1916E+04 0.4138E-03 0.1284E+02 0.1911E+06 0.4994E+01 10.350 0.0000 0.2000E-04 0.1000E+01
 485 0.1194E-02 0.1912E+04 0.4086E-03 0.1281E+02 0.1911E+06 0.5030E+01 10.339 0.0000 0.2000E-04 0.1000E+01
 490 0.1216E-02 0.1909E+04 0.4033E-03 0.1277E+02 0.1911E+06 0.5065E+01 10.328 0.0000 0.2000E-04 0.1000E+01
 495 0.1238E-02 0.1905E+04 0.3981E-03 0.1274E+02 0.1911E+06 0.5101E+01 10.318 0.0000 0.2000E-04 0.1000E+01
 500 0.1261E-02 0.1902E+04 0.3930E-03 0.1270E+02 0.1911E+06 0.5137E+01 10.307 0.0000 0.2000E-04 0.1000E+01
 505 0.1284E-02 0.1898E+04 0.3878E-03 0.1267E+02 0.1911E+06 0.5173E+01 10.297 0.0000 0.2000E-04 0.1000E+01
 510 0.1307E-02 0.1894E+04 0.3826E-03 0.1263E+02 0.1911E+06 0.5209E+01 10.286 0.0000 0.2000E-04 0.1000E+01
 515 0.1331E-02 0.1890E+04 0.3775E-03 0.1260E+02 0.1910E+06 0.5245E+01 10.276 0.0000 0.2000E-04 0.1000E+01
 520 0.1355E-02 0.1886E+04 0.3724E-03 0.1257E+02 0.1910E+06 0.5282E+01 10.265 0.0000 0.2000E-04 0.1000E+01
 525 0.1379E-02 0.1882E+04 0.3673E-03 0.1253E+02 0.1910E+06 0.5319E+01 10.255 0.0000 0.2000E-04 0.1000E+01
 530 0.1404E-02 0.1878E+04 0.3623E-03 0.1250E+02 0.1909E+06 0.5355E+01 10.244 0.0000 0.2000E-04 0.1000E+01
 535 0.1429E-02 0.1874E+04 0.3572E-03 0.1247E+02 0.1909E+06 0.5392E+01 10.234 0.0000 0.2000E-04 0.1000E+01
 540 0.1454E-02 0.1870E+04 0.3522E-03 0.1243E+02 0.1909E+06 0.5429E+01 10.223 0.0000 0.2000E-04 0.1000E+01
 545 0.1479E-02 0.1866E+04 0.3472E-03 0.1240E+02 0.1908E+06 0.5466E+01 10.213 0.0000 0.2000E-04 0.1000E+01
 550 0.1505E-02 0.1862E+04 0.3423E-03 0.1237E+02 0.1908E+06 0.5504E+01 10.202 0.0000 0.2000E-04 0.1000E+01
 555 0.1531E-02 0.1857E+04 0.3373E-03 0.1234E+02 0.1907E+06 0.5541E+01 10.192 0.0000 0.2000E-04 0.1000E+01
 560 0.1558E-02 0.1853E+04 0.3324E-03 0.1231E+02 0.1907E+06 0.5579E+01 10.181 0.0000 0.2000E-04 0.1000E+01
 565 0.1585E-02 0.1848E+04 0.3275E-03 0.1227E+02 0.1906E+06 0.5616E+01 10.171 0.0000 0.2000E-04 0.1000E+01
 570 0.1612E-02 0.1844E+04 0.3226E-03 0.1224E+02 0.1906E+06 0.5654E+01 10.161 0.0000 0.2000E-04 0.1000E+01
 575 0.1640E-02 0.1839E+04 0.3178E-03 0.1221E+02 0.1905E+06 0.5692E+01 10.150 0.0000 0.2000E-04 0.1000E+01
 580 0.1668E-02 0.1834E+04 0.3128E-03 0.1218E+02 0.1904E+06 0.5730E+01 10.140 0.0000 0.2000E-04 0.1000E+01
 585 0.1696E-02 0.1829E+04 0.3079E-03 0.1215E+02 0.1904E+06 0.5768E+01 10.129 0.0000 0.2000E-04 0.1000E+01
 590 0.1725E-02 0.1824E+04 0.3029E-03 0.1212E+02 0.1903E+06 0.5807E+01 10.119 0.0000 0.2000E-04 0.1000E+01
 595 0.1755E-02 0.1819E+04 0.2980E-03 0.1209E+02 0.1902E+06 0.5845E+01 10.108 0.0000 0.2000E-04 0.1000E+01
 600 0.1784E-02 0.1814E+04 0.2931E-03 0.1206E+02 0.1901E+06 0.5884E+01 10.098 0.0000 0.2000E-04 0.1000E+01
 605 0.1815E-02 0.1808E+04 0.2882E-03 0.1203E+02 0.1901E+06 0.5923E+01 10.088 0.0000 0.2000E-04 0.1000E+01
 610 0.1845E-02 0.1803E+04 0.2832E-03 0.1200E+02 0.1900E+06 0.5962E+01 10.077 0.0000 0.2000E-04 0.1000E+01
 615 0.1877E-02 0.1797E+04 0.2783E-03 0.1197E+02 0.1899E+06 0.6001E+01 10.067 0.0000 0.2000E-04 0.1000E+01
 620 0.1909E-02 0.1791E+04 0.2734E-03 0.1194E+02 0.1898E+06 0.6040E+01 10.057 0.0000 0.2000E-04 0.1000E+01
 625 0.1941E-02 0.1785E+04 0.2684E-03 0.1191E+02 0.1897E+06 0.6079E+01 10.046 0.0000 0.2000E-04 0.1000E+01
 630 0.1974E-02 0.1779E+04 0.2635E-03 0.1188E+02 0.1896E+06 0.6119E+01 10.036 0.0000 0.2000E-04 0.1000E+01
 635 0.2007E-02 0.1773E+04 0.2584E-03 0.1186E+02 0.1895E+06 0.6159E+01 10.026 0.0000 0.2000E-04 0.1000E+01
 640 0.2041E-02 0.1766E+04 0.2534E-03 0.1183E+02 0.1894E+06 0.6198E+01 10.015 0.0000 0.2000E-04 0.1000E+01
 645 0.2076E-02 0.1759E+04 0.2483E-03 0.1180E+02 0.1893E+06 0.6238E+01 10.005 0.0000 0.2000E-04 0.1000E+01
 650 0.2112E-02 0.1752E+04 0.2432E-03 0.1177E+02 0.1892E+06 0.6278E+01  9.995 0.0000 0.2000E-04 0.1000E+01
 655 0.2148E-02 0.1745E+04 0.2381E-03 0.1174E+02 0.1891E+06 0.6318E+01  9.984 0.0000 0.2000E-04 0.1000E+01
 660 0.2185E-02 0.1737E+04 0.2330E-03 0.1172E+02 0.1890E+06 0.6359E+01  9.974 0.0000 0.2000E-04 0.1000E+01
 665 0.2222E-02 0.1730E+04 0.2279E-03 0.1169E+02 0.1889E+06 0.6399E+01  9.964 0.0000 0.2000E-04 0.1000E+01
 670 0.2261E-02 0.1722E+04 0.2228E-03 0.1166E+02 0.1887E+06 0.6439E+01  9.953 0.0000 0.2000E-04 0.1000E+01
 675 0.2300E-02 0.1714E+04 0.2177E-03 0.1163E+02 0.1886E+06 0.6480E+01  9.943 0.0000 0.2000E-04 0.1000E+01
 680 0.2340E-02 0.1706E+04 0.2127E-03 0.1161E+02 0.1885E+06 0.6521E+01  9.933 0.0000 0.2000E-04 0.1000E+01
 685 0.2381E-02 0.1698E+04 0.2078E-03 0.1158E+02 0.1884E+06 0.6562E+01  9.923 0.0000 0.2000E-04 0.1000E+01
 690 0.2423E-02 0.1690E+04 0.2029E-03 0.1155E+02 0.1882E+06 0.6603E+01  9.912 0.0000 0.2000E-04 0.1000E+01
 695 0.2466E-02 0.1682E+04 0.1980E-03 0.1153E+02 0.1881E+06 0.6644E+01  9.902 0.0000 0.2000E-04 0.1000E+01
 700 0.2510E-02 0.1673E+04 0.1932E-03 0.1150E+02 0.1880E+06 0.6685E+01  9.892 0.0000 0.2000E-04 0.1000E+01
 705 0.2555E-02 0.1665E+04 0.1885E-03 0.1148E+02 0.1878E+06 0.6727E+01  9.882 0.0000 0.2000E-04 0.1000E+01
 710 0.2601E-02 0.1656E+04 0.1838E-03 0.1145E+02 0.1877E+06 0.6768E+01  9.871 0.0000 0.2000E-04 0.1000E+01
 715 0.2648E-02 0.1647E+04 0.1791E-03 0.1142E+02 0.1875E+06 0.6810E+01  9.861 0.0000 0.2000E-04 0.1000E+01
 720 0.2697E-02 0.1639E+04 0.1745E-03 0.1140E+02 0.1874E+06 0.6852E+01  9.851 0.0000 0.2000E-04 0.1000E+01
 725 0.2746E-02 0.1630E+04 0.1700E-03 0.1137E+02 0.1872E+06 0.6894E+01  9.841 0.0000 0.2000E-04 0.1000E+01
 730 0.2797E-02 0.1621E+04 0.1656E-03 0.1135E+02 0.1871E+06 0.6936E+01  9.830 0.0000 0.2000E-04 0.1000E+01
 735 0.2849E-02 0.1612E+04 0.1614E-03 0.1132E+02 0.1869E+06 0.6979E+01  9.820 0.0000 0.2000E-04 0.1000E+01
 740 0.2902E-02 0.1604E+04 0.1572E-03 0.1130E+02 0.1867E+06 0.7021E+01  9.810 0.0000 0.2000E-04 0.1000E+01
 745 0.2957E-02 0.1595E+04 0.1532E-03 0.1127E+02 0.1866E+06 0.7064E+01  9.800 0.0000 0.2000E-04 0.1000E+01
 749 0.3000E-02 0.1588E+04 0.1502E-03 0.1126E+02 0.1864E+06 0.7096E+01  9.792 0.0000 0.2000E-04 0.1000E+01
 750 0.3011E-02 0.1587E+04 0.1494E-03 0.1125E+02 0.1864E+06 0.7105E+01  9.790 0.0000 0.2000E-04 0.1000E+01
 755 0.3069E-02 0.1578E+04 0.1456E-03 0.1123E+02 0.1862E+06 0.7148E+01  9.780 0.0000 0.2000E-04 0.1000E+01
 760 0.3128E-02 0.1570E+04 0.1419E-03 0.1120E+02 0.1861E+06 0.7191E+01  9.769 0.0000 0.2000E-04 0.1000E+01
 765 0.3188E-02 0.1561E+04 0.1383E-03 0.1118E+02 0.1859E+06 0.7234E+01  9.759 0.0000 0.2000E-04 0.1000E+01
 770 0.3250E-02 0.1553E+04 0.1348E-03 0.1115E+02 0.1857E+06 0.7277E+01  9.749 0.0000 0.2000E-04 0.1000E+01
 775 0.3313E-02 0.1545E+04 0.1313E-03 0.1113E+02 0.1855E+06 0.7321E+01  9.739 0.0000 0.2000E-04 0.1000E+01
 780 0.3378E-02 0.1536E+04 0.1280E-03 0.1111E+02 0.1853E+06 0.7364E+01  9.729 0.0000 0.2000E-04 0.1000E+01
 785 0.3444E-02 0.1528E+04 0.1248E-03 0.1108E+02 0.1851E+06 0.7408E+01  9.719 0.0000 0.2000E-04 0.1000E+01
 790 0.3512E-02 0.1520E+04 0.1217E-03 0.1106E+02 0.1849E+06 0.7452E+01  9.708 0.0000 0.2000E-04 0.1000E+01
 795 0.3582E-02 0.1512E+04 0.1187E-03 0.1104E+02 0.1847E+06 0.7496E+01  9.698 0.0000 0.2000E-04 0.1000E+01
 800 0.3653E-02 0.1505E+04 0.1158E-03 0.1102E+02 0.1845E+06 0.7540E+01  9.688 0.0000 0.2000E-04 0.1000E+01
 805 0.3726E-02 0.1497E+04 0.1131E-03 0.1099E+02 0.1843E+06 0.7584E+01  9.678 0.0000 0.2000E-04 0.1000E+01
 810 0.3801E-02 0.1490E+04 0.1104E-03 0.1097E+02 0.1841E+06 0.7629E+01  9.668 0.0000 0.2000E-04 0.1000E+01
 815 0.3877E-02 0.1483E+04 0.1079E-03 0.1095E+02 0.1839E+06 0.7673E+01  9.658 0.0000 0.2000E-04 0.1000E+01
 820 0.3955E-02 0.1476E+04 0.1054E-03 0.1092E+02 0.1837E+06 0.7718E+01  9.647 0.0000 0.2000E-04 0.1000E+01
 825 0.4034E-02 0.1469E+04 0.1031E-03 0.1090E+02 0.1835E+06 0.7763E+01  9.637 0.0000 0.2000E-04 0.1000E+01
 830 0.4115E-02 0.1463E+04 0.1010E-03 0.1088E+02 0.1833E+06 0.7808E+01  9.627 0.0000 0.2000E-04 0.1000E+01
 835 0.4198E-02 0.1457E+04 0.9888E-04 0.1086E+02 0.1831E+06 0.7853E+01  9.617 0.0000 0.2000E-04 0.1000E+01
 840 0.4282E-02 0.1451E+04 0.9691E-04 0.1084E+02 0.1829E+06 0.7898E+01  9.607 0.0000 0.2000E-04 0.1000E+01
 845 0.4368E-02 0.1445E+04 0.9502E-04 0.1081E+02 0.1826E+06 0.7943E+01  9.597 0.0000 0.2000E-04 0.1000E+01
 850 0.4455E-02 0.1440E+04 0.9320E-04 0.1079E+02 0.1824E+06 0.7989E+01  9.587 0.0000 0.2000E-04 0.1000E+01
 855 0.4544E-02 0.1434E+04 0.9145E-04 0.1077E+02 0.1822E+06 0.8035E+01  9.577 0.0000 0.2000E-04 0.1000E+01
 860 0.4634E-02 0.1429E+04 0.8975E-04 0.1075E+02 0.1819E+06 0.8080E+01  9.566 0.0000 0.2000E-04 0.1000E+01
 865 0.4726E-02 0.1424E+04 0.8810E-04 0.1073E+02 0.1817E+06 0.8126E+01  9.556 0.0000 0.2000E-04 0.1000E+01
 870 0.4820E-02 0.1419E+04 0.8650E-04 0.1071E+02 0.1815E+06 0.8172E+01  9.546 0.0000 0.2000E-04 0.1000E+01
 875 0.4915E-02 0.1414E+04 0.8493E-04 0.1069E+02 0.1812E+06 0.8219E+01  9.536 0.0000 0.2000E-04 0.1000E+01
 880 0.5012E-02 0.1409E+04 0.8341E-04 0.1067E+02 0.1810E+06 0.8265E+01  9.526 0.0000 0.2000E-04 0.1000E+01
 885 0.5110E-02 0.1404E+04 0.8191E-04 0.1065E+02 0.1807E+06 0.8311E+01  9.516 0.0000 0.2000E-04 0.1000E+01
 890 0.5210E-02 0.1399E+04 0.8045E-04 0.1063E+02 0.1805E+06 0.8358E+01  9.506 0.0000 0.2000E-04 0.1000E+01
 895 0.5311E-02 0.1394E+04 0.7902E-04 0.1060E+02 0.1802E+06 0.8404E+01  9.496 0.0000 0.2000E-04 0.1000E+01
 900 0.5414E-02 0.1389E+04 0.7761E-04 0.1058E+02 0.1800E+06 0.8451E+01  9.486 0.0000 0.2000E-04 0.1000E+01
 905 0.5519E-02 0.1384E+04 0.7620E-04 0.1056E+02 0.1797E+06 0.8498E+01  9.476 0.0000 0.2000E-04 0.1000E+01
 910 0.5626E-02 0.1379E+04 0.7480E-04 0.1054E+02 0.1794E+06 0.8545E+01  9.466 0.0000 0.2000E-04 0.1000E+01
 915 0.5734E-02 0.1374E+04 0.7342E-04 0.1052E+02 0.1792E+06 0.8592E+01  9.455 0.0000 0.2000E-04 0.1000E+01
 920 0.5844E-02 0.1368E+04 0.7207E-04 0.1050E+02 0.1789E+06 0.8639E+01  9.445 0.0000 0.2000E-04 0.1000E+01
 925 0.5956E-02 0.1363E+04 0.7074E-04 0.1048E+02 0.1786E+06 0.8687E+01  9.435 0.0000 0.2000E-04 0.1000E+01
 930 0.6070E-02 0.1358E+04 0.6944E-04 0.1047E+02 0.1784E+06 0.8734E+01  9.425 0.0000 0.2000E-04 0.1000E+01
 935 0.6186E-02 0.1353E+04 0.6815E-04 0.1045E+02 0.1781E+06 0.8782E+01  9.415 0.0000 0.2000E-04 0.1000E+01
 940 0.6304E-02 0.1348E+04 0.6689E-04 0.1043E+02 0.1778E+06 0.8830E+01  9.405 0.0000 0.2000E-04 0.1000E+01
 945 0.6424E-02 0.1343E+04 0.6564E-04 0.1041E+02 0.1775E+06 0.8878E+01  9.395 0.0000 0.2000E-04 0.1000E+01
 950 0.6546E-02 0.1338E+04 0.6441E-04 0.1039E+02 0.1772E+06 0.8925E+01  9.385 0.0000 0.2000E-04 0.1000E+01
 955 0.6670E-02 0.1333E+04 0.6320E-04 0.1037E+02 0.1770E+06 0.8974E+01  9.375 0.0000 0.2000E-04 0.1000E+01
 960 0.6797E-02 0.1328E+04 0.6201E-04 0.1035E+02 0.1767E+06 0.9022E+01  9.365 0.0000 0.2000E-04 0.1000E+01
 965 0.6925E-02 0.1323E+04 0.6083E-04 0.1033E+02 0.1764E+06 0.9070E+01  9.355 0.0000 0.2000E-04 0.1000E+01
 970 0.7056E-02 0.1317E+04 0.5967E-04 0.1031E+02 0.1761E+06 0.9118E+01  9.345 0.0000 0.2000E-04 0.1000E+01
 975 0.7189E-02 0.1312E+04 0.5852E-04 0.1029E+02 0.1758E+06 0.9167E+01  9.335 0.0000 0.2000E-04 0.1000E+01
 980 0.7325E-02 0.1307E+04 0.5739E-04 0.1028E+02 0.1755E+06 0.9216E+01  9.325 0.0000 0.2000E-04 0.1000E+01
 985 0.7462E-02 0.1302E+04 0.5625E-04 0.1026E+02 0.1752E+06 0.9264E+01  9.315 0.0000 0.2000E-04 0.1000E+01
 990 0.7603E-02 0.1296E+04 0.5514E-04 0.1024E+02 0.1749E+06 0.9313E+01  9.305 0.0000 0.2000E-04 0.1000E+01
 995 0.7746E-02 0.1291E+04 0.5404E-04 0.1022E+02 0.1746E+06 0.9362E+01  9.295 0.0000 0.2000E-04 0.1000E+01
1000 0.7891E-02 0.1286E+04 0.5296E-04 0.1020E+02 0.1743E+06 0.9411E+01  9.285 0.0000 0.2000E-04 0.1000E+01
1005 0.8040E-02 0.1280E+04 0.5189E-04 0.1019E+02 0.1740E+06 0.9461E+01  9.275 0.0000 0.2000E-04 0.1000E+01
1010 0.8191E-02 0.1275E+04 0.5085E-04 0.1017E+02 0.1737E+06 0.9510E+01  9.265 0.0000 0.2000E-04 0.1000E+01
1015 0.8345E-02 0.1269E+04 0.4982E-04 0.1015E+02 0.1733E+06 0.9559E+01  9.255 0.0000 0.2000E-04 0.1000E+01
1020 0.8501E-02 0.1264E+04 0.4881E-04 0.1013E+02 0.1730E+06 0.9609E+01  9.245 0.0000 0.2000E-04 0.1000E+01
1025 0.8661E-02 0.1259E+04 0.4781E-04 0.1011E+02 0.1727E+06 0.9658E+01  9.235 0.0000 0.2000E-04 0.1000E+01
1030 0.8823E-02 0.1253E+04 0.4683E-04 0.1010E+02 0.1724E+06 0.9708E+01  9.225 0.0000 0.2000E-04 0.1000E+01
1035 0.8989E-02 0.1248E+04 0.4587E-04 0.1008E+02 0.1720E+06 0.9758E+01  9.215 0.0000 0.2000E-04 0.1000E+01
1040 0.9158E-02 0.1242E+04 0.4492E-04 0.1006E+02 0.1717E+06 0.9808E+01  9.205 0.0000 0.2000E-04 0.1000E+01
1045 0.9330E-02 0.1237E+04 0.4399E-04 0.1005E+02 0.1714E+06 0.9858E+01  9.195 0.0000 0.2000E-04 0.1000E+01
1050 0.9506E-02 0.1231E+04 0.4306E-04 0.1003E+02 0.1710E+06 0.9908E+01  9.185 0.0000 0.2000E-04 0.1000E+01
1055 0.9685E-02 0.1226E+04 0.4215E-04 0.1001E+02 0.1707E+06 0.9958E+01  9.175 0.0000 0.2000E-04 0.1000E+01
1060 0.9868E-02 0.1220E+04 0.4125E-04 0.9995E+01 0.1704E+06 0.1001E+02  9.165 0.0000 0.2000E-04 0.1000E+01
1065 0.1005E-01 0.1215E+04 0.4036E-04 0.9978E+01 0.1700E+06 0.1006E+02  9.155 0.0000 0.2000E-04 0.1000E+01
1070 0.1024E-01 0.1209E+04 0.3950E-04 0.9962E+01 0.1697E+06 0.1011E+02  9.145 0.0000 0.2000E-04 0.1000E+01
1075 0.1044E-01 0.1204E+04 0.3865E-04 0.9945E+01 0.1693E+06 0.1016E+02  9.135 0.0000 0.2000E-04 0.1000E+01
1080 0.1064E-01 0.1198E+04 0.3781E-04 0.9929E+01 0.1690E+06 0.1021E+02  9.125 0.0000 0.2000E-04 0.1000E+01
1085 0.1084E-01 0.1192E+04 0.3699E-04 0.9912E+01 0.1686E+06 0.1026E+02  9.115 0.0000 0.2000E-04 0.1000E+01
1090 0.1104E-01 0.1187E+04 0.3619E-04 0.9896E+01 0.1683E+06 0.1031E+02  9.105 0.0000 0.2000E-04 0.1000E+01
1095 0.1125E-01 0.1181E+04 0.3541E-04 0.9880E+01 0.1679E+06 0.1036E+02  9.095 0.0000 0.2000E-04 0.1000E+01
1100 0.1146E-01 0.1176E+04 0.3463E-04 0.9864E+01 0.1676E+06 0.1041E+02  9.085 0.0000 0.2000E-04 0.1000E+01
1105 0.1168E-01 0.1170E+04 0.3388E-04 0.9848E+01 0.1672E+06 0.1047E+02  9.075 0.0000 0.2000E-04 0.1000E+01
1110 0.1191E-01 0.1165E+04 0.3313E-04 0.9832E+01 0.1668E+06 0.1052E+02  9.065 0.0000 0.2000E-04 0.1000E+01
1115 0.1213E-01 0.1159E+04 0.3240E-04 0.9816E+01 0.1665E+06 0.1057E+02  9.055 0.0000 0.2000E-04 0.1000E+01
1120 0.1236E-01 0.1154E+04 0.3168E-04 0.9800E+01 0.1661E+06 0.1062E+02  9.045 0.0000 0.2000E-04 0.1000E+01
1125 0.1260E-01 0.1148E+04 0.3097E-04 0.9784E+01 0.1657E+06 0.1067E+02  9.035 0.0000 0.2000E-04 0.1000E+01
1130 0.1284E-01 0.1142E+04 0.3028E-04 0.9769E+01 0.1654E+06 0.1072E+02  9.025 0.0000 0.2000E-04 0.1000E+01
1135 0.1309E-01 0.1137E+04 0.2960E-04 0.9753E+01 0.1650E+06 0.1077E+02  9.015 0.0000 0.2000E-04 0.1000E+01
1140 0.1334E-01 0.1131E+04 0.2893E-04 0.9738E+01 0.1646E+06 0.1083E+02  9.005 0.0000 0.2000E-04 0.1000E+01
1145 0.1360E-01 0.1126E+04 0.2828E-04 0.9723E+01 0.1642E+06 0.1088E+02  8.995 0.0000 0.2000E-04 0.1000E+01
1150 0.1386E-01 0.1120E+04 0.2764E-04 0.9708E+01 0.1639E+06 0.1093E+02  8.985 0.0000 0.2000E-04 0.1000E+01
1155 0.1413E-01 0.1115E+04 0.2701E-04 0.9692E+01 0.1635E+06 0.1098E+02  8.975 0.0000 0.2000E-04 0.1000E+01
1160 0.1440E-01 0.1109E+04 0.2639E-04 0.9677E+01 0.1631E+06 0.1103E+02  8.965 0.0000 0.2000E-04 0.1000E+01
1165 0.1468E-01 0.1104E+04 0.2579E-04 0.9662E+01 0.1627E+06 0.1109E+02  8.956 0.0000 0.2000E-04 0.1000E+01
1170 0.1496E-01 0.1098E+04 0.2520E-04 0.9647E+01 0.1623E+06 0.1114E+02  8.946 0.0000 0.2000E-04 0.1000E+01
1175 0.1525E-01 0.1093E+04 0.2462E-04 0.9633E+01 0.1619E+06 0.1119E+02  8.936 0.0000 0.2000E-04 0.1000E+01
1180 0.1555E-01 0.1087E+04 0.2405E-04 0.9618E+01 0.1616E+06 0.1124E+02  8.926 0.0000 0.2000E-04 0.1000E+01
1185 0.1585E-01 0.1081E+04 0.2349E-04 0.9603E+01 0.1612E+06 0.1129E+02  8.916 0.0000 0.2000E-04 0.1000E+01
1190 0.1616E-01 0.1076E+04 0.2295E-04 0.9589E+01 0.1608E+06 0.1135E+02  8.906 0.0000 0.2000E-04 0.1000E+01
1195 0.1648E-01 0.1070E+04 0.2241E-04 0.9574E+01 0.1604E+06 0.1140E+02  8.896 0.0000 0.2000E-04 0.1000E+01
1200 0.1680E-01 0.1065E+04 0.2189E-04 0.9560E+01 0.1600E+06 0.1145E+02  8.886 0.0000 0.2000E-04 0.1000E+01
1205 0.1713E-01 0.1059E+04 0.2138E-04 0.9545E+01 0.1596E+06 0.1150E+02  8.876 0.0000 0.2000E-04 0.1000E+01
1210 0.1747E-01 0.1054E+04 0.2088E-04 0.9531E+01 0.1592E+06 0.1156E+02  8.866 0.0000 0.2000E-04 0.1000E+01
1215 0.1781E-01 0.1049E+04 0.2039E-04 0.9517E+01 0.1588E+06 0.1161E+02  8.856 0.0000 0.2000E-04 0.1000E+01
1220 0.1817E-01 0.1043E+04 0.1991E-04 0.9503E+01 0.1584E+06 0.1166E+02  8.846 0.0000 0.2000E-04 0.1000E+01
1225 0.1853E-01 0.1038E+04 0.1944E-04 0.9489E+01 0.1580E+06 0.1172E+02  8.836 0.0000 0.2000E-04 0.1000E+01
1230 0.1889E-01 0.1032E+04 0.1898E-04 0.9475E+01 0.1575E+06 0.1177E+02  8.826 0.0000 0.2000E-04 0.1000E+01
1235 0.1927E-01 0.1027E+04 0.1853E-04 0.9461E+01 0.1571E+06 0.1182E+02  8.816 0.0000 0.2000E-04 0.1000E+01
1240 0.1965E-01 0.1021E+04 0.1809E-04 0.9447E+01 0.1567E+06 0.1187E+02  8.807 0.0000 0.2000E-04 0.1000E+01
1245 0.2004E-01 0.1016E+04 0.1766E-04 0.9433E+01 0.1563E+06 0.1193E+02  8.797 0.0000 0.2000E-04 0.1000E+01
1250 0.2044E-01 0.1011E+04 0.1724E-04 0.9420E+01 0.1559E+06 0.1198E+02  8.787 0.0000 0.2000E-04 0.1000E+01
1255 0.2085E-01 0.1005E+04 0.1683E-04 0.9406E+01 0.1555E+06 0.1203E+02  8.777 0.0000 0.2000E-04 0.1000E+01
1260 0.2127E-01 0.9998E+03 0.1642E-04 0.9393E+01 0.1551E+06 0.1209E+02  8.767 0.0000 0.2000E-04 0.1000E+01
1265 0.2170E-01 0.9945E+03 0.1602E-04 0.9379E+01 0.1546E+06 0.1214E+02  8.757 0.0000 0.2000E-04 0.1000E+01
1270 0.2214E-01 0.9891E+03 0.1563E-04 0.9366E+01 0.1542E+06 0.1219E+02  8.747 0.0000 0.2000E-04 0.1000E+01
1275 0.2258E-01 0.9837E+03 0.1525E-04 0.9352E+01 0.1538E+06 0.1225E+02  8.737 0.0000 0.2000E-04 0.1000E+01
1280 0.2304E-01 0.9782E+03 0.1488E-04 0.9339E+01 0.1534E+06 0.1230E+02  8.727 0.0000 0.2000E-04 0.1000E+01
1285 0.2351E-01 0.9728E+03 0.1451E-04 0.9326E+01 0.1529E+06 0.1235E+02  8.717 0.0000 0.2000E-04 0.1000E+01
1290 0.2398E-01 0.9674E+03 0.1415E-04 0.9313E+01 0.1525E+06 0.1241E+02  8.707 0.0000 0.2000E-04 0.1000E+01
1295 0.2447E-01 0.9619E+03 0.1379E-04 0.9300E+01 0.1521E+06 0.1246E+02  8.697 0.0000 0.2000E-04 0.1000E+01
1300 0.2497E-01 0.9564E+03 0.1344E-04 0.9287E+01 0.1517E+06 0.1251E+02  8.688 0.0000 0.2000E-04 0.1000E+01
1305 0.2548E-01 0.9509E+03 0.1310E-04 0.9274E+01 0.1512E+06 0.1257E+02  8.678 0.0000 0.2000E-04 0.1000E+01
1310 0.2601E-01 0.9454E+03 0.1276E-04 0.9261E+01 0.1508E+06 0.1262E+02  8.668 0.0000 0.2000E-04 0.1000E+01
1315 0.2654E-01 0.9399E+03 0.1243E-04 0.9249E+01 0.1504E+06 0.1267E+02  8.658 0.0000 0.2000E-04 0.1000E+01
1320 0.2709E-01 0.9344E+03 0.1211E-04 0.9236E+01 0.1499E+06 0.1272E+02  8.648 0.0000 0.2000E-04 0.1000E+01
1325 0.2765E-01 0.9289E+03 0.1180E-04 0.9223E+01 0.1495E+06 0.1278E+02  8.638 0.0000 0.2000E-04 0.1000E+01
1330 0.2823E-01 0.9235E+03 0.1149E-04 0.9211E+01 0.1491E+06 0.1283E+02  8.628 0.0000 0.2000E-04 0.1000E+01
1335 0.2882E-01 0.9180E+03 0.1119E-04 0.9198E+01 0.1486E+06 0.1289E+02  8.618 0.0000 0.2000E-04 0.1000E+01
1340 0.2942E-01 0.9126E+03 0.1090E-04 0.9186E+01 0.1482E+06 0.1294E+02  8.608 0.0000 0.2000E-04 0.1000E+01
1345 0.3004E-01 0.9071E+03 0.1061E-04 0.9173E+01 0.1477E+06 0.1299E+02  8.598 0.0000 0.2000E-04 0.1000E+01
1350 0.3067E-01 0.9017E+03 0.1033E-04 0.9161E+01 0.1473E+06 0.1304E+02  8.589 0.0000 0.2000E-04 0.1000E+01
1355 0.3132E-01 0.8963E+03 0.1006E-04 0.9149E+01 0.1469E+06 0.1310E+02  8.579 0.0000 0.2000E-04 0.1000E+01
1360 0.3199E-01 0.8909E+03 0.9794E-05 0.9137E+01 0.1464E+06 0.1315E+02  8.569 0.0000 0.2000E-04 0.1000E+01
1365 0.3267E-01 0.8855E+03 0.9534E-05 0.9125E+01 0.1460E+06 0.1320E+02  8.559 0.0000 0.2000E-04 0.1000E+01
1370 0.3336E-01 0.8801E+03 0.9280E-05 0.9113E+01 0.1455E+06 0.1326E+02  8.549 0.0000 0.2000E-04 0.1000E+01
1375 0.3408E-01 0.8748E+03 0.9033E-05 0.9101E+01 0.1451E+06 0.1331E+02  8.539 0.0000 0.2000E-04 0.1000E+01
1380 0.3481E-01 0.8694E+03 0.8791E-05 0.9089E+01 0.1446E+06 0.1336E+02  8.529 0.0000 0.2000E-04 0.1000E+01
1385 0.3556E-01 0.8641E+03 0.8555E-05 0.9077E+01 0.1442E+06 0.1342E+02  8.519 0.0000 0.2000E-04 0.1000E+01
1390 0.3633E-01 0.8588E+03 0.8325E-05 0.9065E+01 0.1437E+06 0.1347E+02  8.509 0.0000 0.2000E-04 0.1000E+01
1395 0.3712E-01 0.8535E+03 0.8100E-05 0.9053E+01 0.1433E+06 0.1352E+02  8.499 0.0000 0.2000E-04 0.1000E+01
1400 0.3793E-01 0.8482E+03 0.7882E-05 0.9042E+01 0.1428E+06 0.1358E+02  8.490 0.0000 0.2000E-04 0.1000E+01
1405 0.3875E-01 0.8430E+03 0.7668E-05 0.9030E+01 0.1424E+06 0.1363E+02  8.480 0.0000 0.2000E-04 0.1000E+01
1410 0.3960E-01 0.8377E+03 0.7459E-05 0.9019E+01 0.1419E+06 0.1368E+02  8.470 0.0000 0.2000E-04 0.1000E+01
1415 0.4047E-01 0.8324E+03 0.7254E-05 0.9007E+01 0.1415E+06 0.1374E+02  8.460 0.0000 0.2000E-04 0.1000E+01
1420 0.4136E-01 0.8272E+03 0.7055E-05 0.8996E+01 0.1410E+06 0.1379E+02  8.450 0.0000 0.2000E-04 0.1000E+01
1425 0.4228E-01 0.8219E+03 0.6860E-05 0.8984E+01 0.1406E+06 0.1384E+02  8.440 0.0000 0.2000E-04 0.1000E+01
1430 0.4321E-01 0.8167E+03 0.6670E-05 0.8973E+01 0.1401E+06 0.1390E+02  8.430 0.0000 0.2000E-04 0.1000E+01
1435 0.4417E-01 0.8114E+03 0.6484E-05 0.8962E+01 0.1397E+06 0.1395E+02  8.420 0.0000 0.2000E-04 0.1000E+01
1440 0.4516E-01 0.8062E+03 0.6303E-05 0.8951E+01 0.1392E+06 0.1400E+02  8.410 0.0000 0.2000E-04 0.1000E+01
1445 0.4617E-01 0.8010E+03 0.6126E-05 0.8939E+01 0.1388E+06 0.1406E+02  8.401 0.0000 0.2000E-04 0.1000E+01
1450 0.4721E-01 0.7957E+03 0.5952E-05 0.8928E+01 0.1383E+06 0.1411E+02  8.391 0.0000 0.2000E-04 0.1000E+01
1455 0.4827E-01 0.7905E+03 0.5783E-05 0.8917E+01 0.1379E+06 0.1416E+02  8.381 0.0000 0.2000E-04 0.1000E+01
1460 0.4936E-01 0.7853E+03 0.5618E-05 0.8906E+01 0.1374E+06 0.1421E+02  8.371 0.0000 0.2000E-04 0.1000E+01
1463 0.5000E-01 0.7823E+03 0.5525E-05 0.8900E+01 0.1372E+06 0.1425E+02  8.365 0.0000 0.2000E-04 0.1000E+01
1465 0.5045E-01 0.7802E+03 0.5460E-05 0.8896E+01 0.1370E+06 0.1427E+02  8.361 0.0000 0.2000E-04 0.1000E+01
1470 0.5160E-01 0.7750E+03 0.5304E-05 0.8885E+01 0.1365E+06 0.1432E+02  8.351 0.0000 0.2000E-04 0.1000E+01
1475 0.5278E-01 0.7698E+03 0.5152E-05 0.8874E+01 0.1361E+06 0.1437E+02  8.342 0.0000 0.2000E-04 0.1000E+01
1480 0.5399E-01 0.7647E+03 0.5003E-05 0.8863E+01 0.1356E+06 0.1442E+02  8.332 0.0000 0.2000E-04 0.1000E+01
1485 0.5523E-01 0.7596E+03 0.4859E-05 0.8853E+01 0.1352E+06 0.1448E+02  8.322 0.0000 0.2000E-04 0.1000E+01
1490 0.5651E-01 0.7544E+03 0.4717E-05 0.8842E+01 0.1347E+06 0.1453E+02  8.312 0.0000 0.2000E-04 0.1000E+01
1495 0.5782E-01 0.7493E+03 0.4580E-05 0.8831E+01 0.1342E+06 0.1458E+02  8.302 0.0000 0.2000E-04 0.1000E+01
1500 0.5916E-01 0.7442E+03 0.4446E-05 0.8821E+01 0.1338E+06 0.1463E+02  8.292 0.0000 0.2000E-04 0.1000E+01
1505 0.6054E-01 0.7392E+03 0.4316E-05 0.8810E+01 0.1333E+06 0.1469E+02  8.282 0.0000 0.2000E-04 0.1000E+01
1510 0.6196E-01 0.7341E+03 0.4189E-05 0.8800E+01 0.1329E+06 0.1474E+02  8.273 0.0000 0.2000E-04 0.1000E+01
1515 0.6341E-01 0.7290E+03 0.4065E-05 0.8790E+01 0.1324E+06 0.1479E+02  8.263 0.0000 0.2000E-04 0.1000E+01
1520 0.6491E-01 0.7240E+03 0.3944E-05 0.8779E+01 0.1320E+06 0.1484E+02  8.253 0.0000 0.2000E-04 0.1000E+01
1525 0.6645E-01 0.7190E+03 0.3827E-05 0.8769E+01 0.1315E+06 0.1490E+02  8.243 0.0000 0.2000E-04 0.1000E+01
1530 0.6803E-01 0.7140E+03 0.3713E-05 0.8759E+01 0.1311E+06 0.1495E+02  8.233 0.0000 0.2000E-04 0.1000E+01
1535 0.6965E-01 0.7090E+03 0.3602E-05 0.8749E+01 0.1306E+06 0.1500E+02  8.223 0.0000 0.2000E-04 0.1000E+01
1537 0.7000E-01 0.7079E+03 0.3579E-05 0.8747E+01 0.1305E+06 0.1501E+02  8.221 0.0000 0.2000E-04 0.1000E+01
1540 0.7100E-01 0.7050E+03 0.3514E-05 0.8741E+01 0.1302E+06 0.1504E+02  8.215 0.0000 0.2000E-04 0.1000E+01
1545 0.7270E-01 0.7000E+03 0.3409E-05 0.8731E+01 0.1298E+06 0.1509E+02  8.205 0.0000 0.2000E-04 0.1000E+01
1550 0.7445E-01 0.6951E+03 0.3307E-05 0.8721E+01 0.1293E+06 0.1514E+02  8.196 0.0000 0.2000E-04 0.1000E+01
1555 0.7625E-01 0.6902E+03 0.3207E-05 0.8711E+01 0.1289E+06 0.1520E+02  8.186 0.0000 0.2000E-04 0.1000E+01
1560 0.7810E-01 0.6853E+03 0.3110E-05 0.8701E+01 0.1284E+06 0.1525E+02  8.176 0.0000 0.2000E-04 0.1000E+01
1565 0.7999E-01 0.6805E+03 0.3016E-05 0.8691E+01 0.1280E+06 0.1530E+02  8.166 0.0000 0.2000E-04 0.1000E+01
1570 0.8194E-01 0.6757E+03 0.2925E-05 0.8681E+01 0.1275E+06 0.1535E+02  8.156 0.0000 0.2000E-04 0.1000E+01
1575 0.8395E-01 0.6708E+03 0.2836E-05 0.8671E+01 0.1271E+06 0.1540E+02  8.146 0.0000 0.2000E-04 0.1000E+01
1580 0.8602E-01 0.6661E+03 0.2750E-05 0.8662E+01 0.1266E+06 0.1545E+02  8.137 0.0000 0.2000E-04 0.1000E+01
1585 0.8814E-01 0.6613E+03 0.2666E-05 0.8652E+01 0.1262E+06 0.1550E+02  8.127 0.0000 0.2000E-04 0.1000E+01
1590 0.9032E-01 0.6565E+03 0.2584E-05 0.8642E+01 0.1257E+06 0.1556E+02  8.117 0.0000 0.2000E-04 0.1000E+01
1595 0.9256E-01 0.6518E+03 0.2505E-05 0.8633E+01 0.1253E+06 0.1561E+02  8.107 0.0000 0.2000E-04 0.1000E+01
1600 0.9486E-01 0.6471E+03 0.2429E-05 0.8623E+01 0.1248E+06 0.1566E+02  8.097 0.0000 0.2000E-04 0.1000E+01
1605 0.9723E-01 0.6424E+03 0.2354E-05 0.8614E+01 0.1244E+06 0.1571E+02  8.087 0.0000 0.2000E-04 0.1000E+01
1610 0.9967E-01 0.6378E+03 0.2282E-05 0.8605E+01 0.1239E+06 0.1576E+02  8.078 0.0000 0.2000E-04 0.1000E+01
1611 0.1000E+00 0.6372E+03 0.2272E-05 0.8603E+01 0.1238E+06 0.1577E+02  8.076 0.0000 0.2000E-04 0.1000E+01
1615 0.1020E+00 0.6335E+03 0.2216E-05 0.8596E+01 0.1235E+06 0.1581E+02  8.068 0.0000 0.2000E-04 0.1000E+01
1620 0.1046E+00 0.6289E+03 0.2148E-05 0.8586E+01 0.1230E+06 0.1586E+02  8.058 0.0000 0.2000E-04 0.1000E+01
1625 0.1072E+00 0.6243E+03 0.2082E-05 0.8577E+01 0.1226E+06 0.1591E+02  8.049 0.0000 0.2000E-04 0.1000E+01
1630 0.1099E+00 0.6198E+03 0.2017E-05 0.8568E+01 0.1221E+06 0.1596E+02  8.039 0.0000 0.2000E-04 0.1000E+01
1635 0.1127E+00 0.6153E+03 0.1955E-05 0.8559E+01 0.1217E+06 0.1601E+02  8.029 0.0000 0.2000E-04 0.1000E+01
1640 0.1156E+00 0.6108E+03 0.1894E-05 0.8550E+01 0.1212E+06 0.1606E+02  8.019 0.0000 0.2000E-04 0.1000E+01
1645 0.1185E+00 0.6063E+03 0.1836E-05 0.8541E+01 0.1208E+06 0.1611E+02  8.009 0.0000 0.2000E-04 0.1000E+01
1650 0.1216E+00 0.6019E+03 0.1779E-05 0.8532E+01 0.1203E+06 0.1616E+02  8.000 0.0000 0.2000E-04 0.1000E+01
1655 0.1247E+00 0.5975E+03 0.1724E-05 0.8523E+01 0.1199E+06 0.1621E+02  7.990 0.0000 0.2000E-04 0.1000E+01
1660 0.1279E+00 0.5931E+03 0.1670E-05 0.8514E+01 0.1195E+06 0.1626E+02  7.980 0.0000 0.2000E-04 0.1000E+01
1665 0.1312E+00 0.5888E+03 0.1619E-05 0.8505E+01 0.1190E+06 0.1631E+02  7.970 0.0000 0.2000E-04 0.1000E+01
1670 0.1346E+00 0.5844E+03 0.1569E-05 0.8496E+01 0.1186E+06 0.1636E+02  7.960 0.0000 0.2000E-04 0.1000E+01
1675 0.1381E+00 0.5802E+03 0.1520E-05 0.8487E+01 0.1181E+06 0.1641E+02  7.950 0.0000 0.2000E-04 0.1000E+01
1680 0.1417E+00 0.5759E+03 0.1473E-05 0.8478E+01 0.1177E+06 0.1646E+02  7.941 0.0000 0.2000E-04 0.1000E+01
1685 0.1454E+00 0.5717E+03 0.1427E-05 0.8470E+01 0.1172E+06 0.1651E+02  7.931 0.0000 0.2000E-04 0.1000E+01
1690 0.1492E+00 0.5675E+03 0.1383E-05 0.8461E+01 0.1168E+06 0.1656E+02  7.921 0.0000 0.2000E-04 0.1000E+01
1692 0.1500E+00 0.5666E+03 0.1373E-05 0.8459E+01 0.1167E+06 0.1657E+02  7.919 0.0000 0.2000E-04 0.1000E+01
1695 0.1523E+00 0.5641E+03 0.1348E-05 0.8454E+01 0.1164E+06 0.1660E+02  7.913 0.0000 0.2000E-04 0.1000E+01
1700 0.1563E+00 0.5599E+03 0.1306E-05 0.8445E+01 0.1160E+06 0.1665E+02  7.903 0.0000 0.2000E-04 0.1000E+01
1705 0.1604E+00 0.5558E+03 0.1265E-05 0.8437E+01 0.1155E+06 0.1670E+02  7.893 0.0000 0.2000E-04 0.1000E+01
1710 0.1646E+00 0.5518E+03 0.1226E-05 0.8428E+01 0.1151E+06 0.1675E+02  7.883 0.0000 0.2000E-04 0.1000E+01
1715 0.1690E+00 0.5477E+03 0.1188E-05 0.8420E+01 0.1147E+06 0.1679E+02  7.874 0.0000 0.2000E-04 0.1000E+01
1720 0.1734E+00 0.5437E+03 0.1151E-05 0.8412E+01 0.1142E+06 0.1684E+02  7.864 0.0000 0.2000E-04 0.1000E+01
1725 0.1780E+00 0.5397E+03 0.1116E-05 0.8403E+01 0.1138E+06 0.1689E+02  7.854 0.0000 0.2000E-04 0.1000E+01
1730 0.1827E+00 0.5357E+03 0.1081E-05 0.8395E+01 0.1133E+06 0.1694E+02  7.844 0.0000 0.2000E-04 0.1000E+01
1735 0.1875E+00 0.5318E+03 0.1048E-05 0.8387E+01 0.1129E+06 0.1699E+02  7.834 0.0000 0.2000E-04 0.1000E+01
1740 0.1925E+00 0.5279E+03 0.1015E-05 0.8378E+01 0.1125E+06 0.1704E+02  7.825 0.0000 0.2000E-04 0.1000E+01
1745 0.1976E+00 0.5240E+03 0.9837E-06 0.8370E+01 0.1120E+06 0.1709E+02  7.815 0.0000 0.2000E-04 0.1000E+01
1748 0.2000E+00 0.5222E+03 0.9697E-06 0.8367E+01 0.1118E+06 0.1711E+02  7.810 0.0000 0.2000E-04 0.1000E+01
1750 0.2021E+00 0.5207E+03 0.9575E-06 0.8363E+01 0.1117E+06 0.1713E+02  7.807 0.0000 0.2000E-04 0.1000E+01
1755 0.2075E+00 0.5168E+03 0.9276E-06 0.8355E+01 0.1112E+06 0.1718E+02  7.797 0.0000 0.2000E-04 0.1000E+01
1760 0.2130E+00 0.5130E+03 0.8985E-06 0.8347E+01 0.1108E+06 0.1722E+02  7.787 0.0000 0.2000E-04 0.1000E+01
1765 0.2187E+00 0.5091E+03 0.8702E-06 0.8339E+01 0.1104E+06 0.1727E+02  7.777 0.0000 0.2000E-04 0.1000E+01
1770 0.2245E+00 0.5053E+03 0.8428E-06 0.8331E+01 0.1099E+06 0.1732E+02  7.767 0.0000 0.2000E-04 0.1000E+01
1775 0.2305E+00 0.5015E+03 0.8161E-06 0.8323E+01 0.1095E+06 0.1737E+02  7.758 0.0000 0.2000E-04 0.1000E+01
1780 0.2367E+00 0.4977E+03 0.7903E-06 0.8315E+01 0.1091E+06 0.1741E+02  7.748 0.0000 0.2000E-04 0.1000E+01
1785 0.2431E+00 0.4939E+03 0.7651E-06 0.8308E+01 0.1086E+06 0.1746E+02  7.738 0.0000 0.2000E-04 0.1000E+01
1790 0.2496E+00 0.4902E+03 0.7408E-06 0.8300E+01 0.1082E+06 0.1751E+02  7.728 0.0000 0.2000E-04 0.1000E+01
1791 0.2500E+00 0.4900E+03 0.7394E-06 0.8299E+01 0.1082E+06 0.1751E+02  7.728 0.0000 0.2000E-04 0.1000E+01
1795 0.2554E+00 0.4870E+03 0.7205E-06 0.8293E+01 0.1078E+06 0.1755E+02  7.720 0.0000 0.2000E-04 0.1000E+01
1800 0.2622E+00 0.4833E+03 0.6974E-06 0.8285E+01 0.1074E+06 0.1760E+02  7.710 0.0000 0.2000E-04 0.1000E+01
1805 0.2693E+00 0.4796E+03 0.6751E-06 0.8278E+01 0.1070E+06 0.1764E+02  7.701 0.0000 0.2000E-04 0.1000E+01
1810 0.2766E+00 0.4759E+03 0.6535E-06 0.8270E+01 0.1066E+06 0.1769E+02  7.691 0.0000 0.2000E-04 0.1000E+01
1815 0.2841E+00 0.4723E+03 0.6325E-06 0.8263E+01 0.1061E+06 0.1774E+02  7.681 0.0000 0.2000E-04 0.1000E+01
1820 0.2918E+00 0.4686E+03 0.6122E-06 0.8255E+01 0.1057E+06 0.1778E+02  7.671 0.0000 0.2000E-04 0.1000E+01
1825 0.2998E+00 0.4650E+03 0.5925E-06 0.8248E+01 0.1053E+06 0.1783E+02  7.662 0.0000 0.2000E-04 0.1000E+01
1826 0.3000E+00 0.4649E+03 0.5919E-06 0.8247E+01 0.1053E+06 0.1783E+02  7.661 0.0000 0.2000E-04 0.1000E+01
1830 0.3065E+00 0.4621E+03 0.5766E-06 0.8241E+01 0.1049E+06 0.1787E+02  7.654 0.0000 0.2000E-04 0.1000E+01
1835 0.3149E+00 0.4585E+03 0.5581E-06 0.8234E+01 0.1045E+06 0.1791E+02  7.644 0.0000 0.2000E-04 0.1000E+01
1840 0.3235E+00 0.4550E+03 0.5402E-06 0.8227E+01 0.1041E+06 0.1796E+02  7.634 0.0000 0.2000E-04 0.1000E+01
1845 0.3323E+00 0.4515E+03 0.5228E-06 0.8219E+01 0.1037E+06 0.1801E+02  7.624 0.0000 0.2000E-04 0.1000E+01
1850 0.3414E+00 0.4480E+03 0.5061E-06 0.8212E+01 0.1033E+06 0.1805E+02  7.615 0.0000 0.2000E-04 0.1000E+01
1855 0.3500E+00 0.4449E+03 0.4912E-06 0.8205E+01 0.1029E+06 0.1809E+02  7.606 0.0000 0.2000E-04 0.1000E+01
1855 0.3500E+00 0.4449E+03 0.4912E-06 0.8205E+01 0.1029E+06 0.1809E+02  7.606 0.0000 0.2000E-04 0.1000E+01
1860 0.3596E+00 0.4415E+03 0.4754E-06 0.8198E+01 0.1025E+06 0.1814E+02  7.596 0.0000 0.2000E-04 0.1000E+01
1865 0.3695E+00 0.4381E+03 0.4603E-06 0.8191E+01 0.1021E+06 0.1818E+02  7.586 0.0000 0.2000E-04 0.1000E+01
1870 0.3796E+00 0.4347E+03 0.4455E-06 0.8184E+01 0.1017E+06 0.1823E+02  7.577 0.0000 0.2000E-04 0.1000E+01
1875 0.3901E+00 0.4314E+03 0.4312E-06 0.8177E+01 0.1012E+06 0.1827E+02  7.567 0.0000 0.2000E-04 0.1000E+01
1880 0.4000E+00 0.4283E+03 0.4184E-06 0.8170E+01 0.1009E+06 0.1832E+02  7.558 0.0000 0.2000E-04 0.1000E+01
1880 0.4000E+00 0.4283E+03 0.4184E-06 0.8170E+01 0.1009E+06 0.1832E+02  7.558 0.0000 0.2000E-04 0.1000E+01
1885 0.4110E+00 0.4250E+03 0.4049E-06 0.8163E+01 0.1004E+06 0.1836E+02  7.548 0.0000 0.2000E-04 0.1000E+01
1890 0.4224E+00 0.4217E+03 0.3919E-06 0.8156E+01 0.1000E+06 0.1841E+02  7.539 0.0000 0.2000E-04 0.1000E+01
1895 0.4340E+00 0.4185E+03 0.3793E-06 0.8149E+01 0.9963E+05 0.1845E+02  7.529 0.0000 0.2000E-04 0.1000E+01
1900 0.4460E+00 0.4153E+03 0.3671E-06 0.8142E+01 0.9922E+05 0.1849E+02  7.519 0.0000 0.2000E-04 0.1000E+01
1902 0.4500E+00 0.4142E+03 0.3633E-06 0.8140E+01 0.9909E+05 0.1851E+02  7.516 0.0000 0.2000E-04 0.1000E+01
1905 0.4574E+00 0.4123E+03 0.3562E-06 0.8136E+01 0.9885E+05 0.1854E+02  7.510 0.0000 0.2000E-04 0.1000E+01
1910 0.4701E+00 0.4091E+03 0.3448E-06 0.8129E+01 0.9844E+05 0.1858E+02  7.501 0.0000 0.2000E-04 0.1000E+01
1915 0.4831E+00 0.4060E+03 0.3338E-06 0.8122E+01 0.9804E+05 0.1862E+02  7.491 0.0000 0.2000E-04 0.1000E+01
1920 0.4965E+00 0.4029E+03 0.3231E-06 0.8115E+01 0.9764E+05 0.1867E+02  7.481 0.0000 0.2000E-04 0.1000E+01
1922 0.5000E+00 0.4021E+03 0.3204E-06 0.8113E+01 0.9753E+05 0.1868E+02  7.479 0.0000 0.2000E-04 0.1000E+01
1925 0.5083E+00 0.4002E+03 0.3142E-06 0.8109E+01 0.9729E+05 0.1871E+02  7.473 0.0000 0.2000E-04 0.1000E+01
1930 0.5223E+00 0.3971E+03 0.3042E-06 0.8103E+01 0.9689E+05 0.1875E+02  7.463 0.0000 0.2000E-04 0.1000E+01
1935 0.5368E+00 0.3941E+03 0.2944E-06 0.8096E+01 0.9649E+05 0.1879E+02  7.454 0.0000 0.2000E-04 0.1000E+01
1940 0.5500E+00 0.3914E+03 0.2861E-06 0.8090E+01 0.9614E+05 0.1883E+02  7.445 0.0000 0.2000E-04 0.1000E+01
1940 0.5500E+00 0.3914E+03 0.2861E-06 0.8090E+01 0.9614E+05 0.1883E+02  7.445 0.0000 0.2000E-04 0.1000E+01
1945 0.5652E+00 0.3884E+03 0.2769E-06 0.8084E+01 0.9574E+05 0.1887E+02  7.436 0.0000 0.2000E-04 0.1000E+01
1950 0.5809E+00 0.3854E+03 0.2681E-06 0.8077E+01 0.9534E+05 0.1892E+02  7.426 0.0000 0.2000E-04 0.1000E+01
1955 0.5971E+00 0.3824E+03 0.2595E-06 0.8071E+01 0.9495E+05 0.1896E+02  7.417 0.0000 0.2000E-04 0.1000E+01
1956 0.6000E+00 0.3819E+03 0.2580E-06 0.8069E+01 0.9488E+05 0.1897E+02  7.415 0.0000 0.2000E-04 0.1000E+01
1960 0.6133E+00 0.3796E+03 0.2514E-06 0.8064E+01 0.9456E+05 0.1900E+02  7.407 0.0000 0.2000E-04 0.1000E+01
1965 0.6303E+00 0.3766E+03 0.2433E-06 0.8058E+01 0.9417E+05 0.1905E+02  7.398 0.0000 0.2000E-04 0.1000E+01
1970 0.6478E+00 0.3737E+03 0.2355E-06 0.8051E+01 0.9378E+05 0.1909E+02  7.388 0.0000 0.2000E-04 0.1000E+01
1971 0.6500E+00 0.3734E+03 0.2346E-06 0.8051E+01 0.9373E+05 0.1909E+02  7.387 0.0000 0.2000E-04 0.1000E+01
1975 0.6644E+00 0.3711E+03 0.2286E-06 0.8045E+01 0.9342E+05 0.1913E+02  7.379 0.0000 0.2000E-04 0.1000E+01
1980 0.6829E+00 0.3682E+03 0.2213E-06 0.8039E+01 0.9303E+05 0.1917E+02  7.370 0.0000 0.2000E-04 0.1000E+01
1985 0.7000E+00 0.3657E+03 0.2149E-06 0.8033E+01 0.9268E+05 0.1921E+02  7.361 0.0000 0.2000E-04 0.1000E+01
1985 0.7000E+00 0.3657E+03 0.2149E-06 0.8033E+01 0.9268E+05 0.1921E+02  7.361 0.0000 0.2000E-04 0.1000E+01
1990 0.7194E+00 0.3628E+03 0.2080E-06 0.8027E+01 0.9229E+05 0.1925E+02  7.351 0.0000 0.2000E-04 0.1000E+01
1995 0.7394E+00 0.3601E+03 0.2014E-06 0.8021E+01 0.9191E+05 0.1929E+02  7.342 0.0000 0.2000E-04 0.1000E+01
1998 0.7500E+00 0.3586E+03 0.1980E-06 0.8018E+01 0.9171E+05 0.1931E+02  7.337 0.0000 0.2000E-04 0.1000E+01
2000 0.7582E+00 0.3575E+03 0.1955E-06 0.8015E+01 0.9155E+05 0.1933E+02  7.333 0.0000 0.2000E-04 0.1000E+01
2005 0.7793E+00 0.3548E+03 0.1892E-06 0.8009E+01 0.9117E+05 0.1937E+02  7.324 0.0000 0.2000E-04 0.1000E+01
2010 0.8000E+00 0.3521E+03 0.1834E-06 0.8003E+01 0.9080E+05 0.1941E+02  7.314 0.0000 0.2000E-04 0.1000E+01
2010 0.8000E+00 0.3521E+03 0.1834E-06 0.8003E+01 0.9080E+05 0.1941E+02  7.314 0.0000 0.2000E-04 0.1000E+01
2015 0.8222E+00 0.3494E+03 0.1776E-06 0.7997E+01 0.9042E+05 0.1945E+02  7.305 0.0000 0.2000E-04 0.1000E+01
2020 0.8450E+00 0.3467E+03 0.1719E-06 0.7991E+01 0.9004E+05 0.1949E+02  7.296 0.0000 0.2000E-04 0.1000E+01
2022 0.8500E+00 0.3462E+03 0.1707E-06 0.7990E+01 0.8996E+05 0.1950E+02  7.293 0.0000 0.2000E-04 0.1000E+01
2025 0.8640E+00 0.3446E+03 0.1674E-06 0.7986E+01 0.8973E+05 0.1953E+02  7.288 0.0000 0.2000E-04 0.1000E+01
2030 0.8880E+00 0.3419E+03 0.1621E-06 0.7980E+01 0.8935E+05 0.1957E+02  7.278 0.0000 0.2000E-04 0.1000E+01
2033 0.9000E+00 0.3406E+03 0.1595E-06 0.7977E+01 0.8917E+05 0.1959E+02  7.274 0.0000 0.2000E-04 0.1000E+01
2035 0.9099E+00 0.3396E+03 0.1575E-06 0.7975E+01 0.8902E+05 0.1960E+02  7.270 0.0000 0.2000E-04 0.1000E+01
2040 0.9352E+00 0.3369E+03 0.1524E-06 0.7969E+01 0.8864E+05 0.1965E+02  7.260 0.0000 0.2000E-04 0.1000E+01
2043 0.9500E+00 0.3354E+03 0.1496E-06 0.7965E+01 0.8843E+05 0.1967E+02  7.255 0.0000 0.2000E-04 0.1000E+01
2045 0.9605E+00 0.3344E+03 0.1477E-06 0.7963E+01 0.8828E+05 0.1969E+02  7.251 0.0000 0.2000E-04 0.1000E+01
2050 0.9872E+00 0.3318E+03 0.1430E-06 0.7957E+01 0.8790E+05 0.1973E+02  7.242 0.0000 0.2000E-04 0.1000E+01
2053 0.1000E+01 0.3306E+03 0.1408E-06 0.7954E+01 0.8772E+05 0.1974E+02  7.237 0.0000 0.2000E-04 0.1000E+01
2055 0.1011E+01 0.3296E+03 0.1390E-06 0.7952E+01 0.8758E+05 0.1976E+02  7.234 0.0000 0.2000E-04 0.1000E+01
2060 0.1039E+01 0.3270E+03 0.1345E-06 0.7946E+01 0.8720E+05 0.1980E+02  7.224 0.0000 0.2000E-04 0.1000E+01
2065 0.1068E+01 0.3245E+03 0.1302E-06 0.7940E+01 0.8683E+05 0.1984E+02  7.215 0.0000 0.2000E-04 0.1000E+01
2070 0.1098E+01 0.3220E+03 0.1260E-06 0.7935E+01 0.8646E+05 0.1988E+02  7.205 0.0000 0.2000E-04 0.1000E+01
2075 0.1128E+01 0.3195E+03 0.1220E-06 0.7929E+01 0.8610E+05 0.1992E+02  7.196 0.0000 0.2000E-04 0.1000E+01
2080 0.1159E+01 0.3170E+03 0.1181E-06 0.7923E+01 0.8573E+05 0.1996E+02  7.186 0.0000 0.2000E-04 0.1000E+01
2085 0.1192E+01 0.3146E+03 0.1143E-06 0.7918E+01 0.8536E+05 0.2000E+02  7.177 0.0000 0.2000E-04 0.1000E+01
2090 0.1225E+01 0.3121E+03 0.1106E-06 0.7912E+01 0.8500E+05 0.2004E+02  7.168 0.0000 0.2000E-04 0.1000E+01
2095 0.1259E+01 0.3097E+03 0.1071E-06 0.7906E+01 0.8464E+05 0.2008E+02  7.158 0.0000 0.2000E-04 0.1000E+01
2100 0.1293E+01 0.3073E+03 0.1037E-06 0.7901E+01 0.8428E+05 0.2012E+02  7.149 0.0000 0.2000E-04 0.1000E+01
2105 0.1330E+01 0.3048E+03 0.1003E-06 0.7895E+01 0.8390E+05 0.2016E+02  7.139 0.0000 0.2000E-04 0.1000E+01
2110 0.1368E+01 0.3024E+03 0.9695E-07 0.7890E+01 0.8353E+05 0.2020E+02  7.130 0.0000 0.2000E-04 0.1000E+01
2115 0.1408E+01 0.3000E+03 0.9374E-07 0.7884E+01 0.8316E+05 0.2024E+02  7.120 0.0000 0.2000E-04 0.1000E+01
2120 0.1448E+01 0.2976E+03 0.9064E-07 0.7878E+01 0.8279E+05 0.2028E+02  7.110 0.0000 0.2000E-04 0.1000E+01
2125 0.1489E+01 0.2952E+03 0.8764E-07 0.7873E+01 0.8242E+05 0.2032E+02  7.101 0.0000 0.2000E-04 0.1000E+01
2127 0.1500E+01 0.2946E+03 0.8692E-07 0.7871E+01 0.8233E+05 0.2033E+02  7.098 0.0000 0.2000E-04 0.1000E+01
2130 0.1526E+01 0.2932E+03 0.8518E-07 0.7868E+01 0.8211E+05 0.2035E+02  7.093 0.0000 0.2000E-04 0.1000E+01
2135 0.1569E+01 0.2908E+03 0.8237E-07 0.7863E+01 0.8174E+05 0.2039E+02  7.083 0.0000 0.2000E-04 0.1000E+01
2140 0.1614E+01 0.2885E+03 0.7965E-07 0.7857E+01 0.8138E+05 0.2043E+02  7.073 0.0000 0.2000E-04 0.1000E+01
2145 0.1661E+01 0.2862E+03 0.7702E-07 0.7852E+01 0.8101E+05 0.2047E+02  7.064 0.0000 0.2000E-04 0.1000E+01
2150 0.1708E+01 0.2839E+03 0.7449E-07 0.7846E+01 0.8065E+05 0.2051E+02  7.054 0.0000 0.2000E-04 0.1000E+01
2155 0.1757E+01 0.2816E+03 0.7204E-07 0.7841E+01 0.8028E+05 0.2055E+02  7.045 0.0000 0.2000E-04 0.1000E+01
2160 0.1808E+01 0.2794E+03 0.6966E-07 0.7836E+01 0.7992E+05 0.2058E+02  7.035 0.0000 0.2000E-04 0.1000E+01
2165 0.1860E+01 0.2771E+03 0.6737E-07 0.7830E+01 0.7956E+05 0.2062E+02  7.026 0.0000 0.2000E-04 0.1000E+01
2170 0.1913E+01 0.2749E+03 0.6515E-07 0.7825E+01 0.7920E+05 0.2066E+02  7.016 0.0000 0.2000E-04 0.1000E+01
2175 0.1967E+01 0.2728E+03 0.6303E-07 0.7820E+01 0.7884E+05 0.2070E+02  7.007 0.0000 0.2000E-04 0.1000E+01
2179 0.2000E+01 0.2715E+03 0.6180E-07 0.7817E+01 0.7864E+05 0.2072E+02  7.001 0.0000 0.2000E-04 0.1000E+01
2180 0.2011E+01 0.2711E+03 0.6141E-07 0.7816E+01 0.7857E+05 0.2073E+02  6.999 0.0000 0.2000E-04 0.1000E+01
2185 0.2066E+01 0.2690E+03 0.5948E-07 0.7811E+01 0.7823E+05 0.2076E+02  6.990 0.0000 0.2000E-04 0.1000E+01
2190 0.2123E+01 0.2669E+03 0.5761E-07 0.7806E+01 0.7789E+05 0.2080E+02  6.981 0.0000 0.2000E-04 0.1000E+01
2195 0.2181E+01 0.2649E+03 0.5581E-07 0.7801E+01 0.7755E+05 0.2084E+02  6.972 0.0000 0.2000E-04 0.1000E+01
2200 0.2241E+01 0.2629E+03 0.5406E-07 0.7796E+01 0.7721E+05 0.2087E+02  6.963 0.0000 0.2000E-04 0.1000E+01
2205 0.2302E+01 0.2609E+03 0.5237E-07 0.7791E+01 0.7687E+05 0.2091E+02  6.954 0.0000 0.2000E-04 0.1000E+01
2210 0.2365E+01 0.2589E+03 0.5075E-07 0.7786E+01 0.7654E+05 0.2094E+02  6.944 0.0000 0.2000E-04 0.1000E+01
2215 0.2430E+01 0.2570E+03 0.4917E-07 0.7781E+01 0.7620E+05 0.2098E+02  6.935 0.0000 0.2000E-04 0.1000E+01
2220 0.2496E+01 0.2550E+03 0.4764E-07 0.7777E+01 0.7587E+05 0.2102E+02  6.926 0.0000 0.2000E-04 0.1000E+01
2221 0.2500E+01 0.2549E+03 0.4756E-07 0.7776E+01 0.7585E+05 0.2102E+02  6.926 0.0000 0.2000E-04 0.1000E+01
2225 0.2554E+01 0.2534E+03 0.4638E-07 0.7772E+01 0.7559E+05 0.2105E+02  6.919 0.0000 0.2000E-04 0.1000E+01
2230 0.2624E+01 0.2515E+03 0.4495E-07 0.7768E+01 0.7526E+05 0.2108E+02  6.909 0.0000 0.2000E-04 0.1000E+01
2235 0.2696E+01 0.2496E+03 0.4357E-07 0.7763E+01 0.7493E+05 0.2112E+02  6.900 0.0000 0.2000E-04 0.1000E+01
2240 0.2769E+01 0.2477E+03 0.4223E-07 0.7758E+01 0.7460E+05 0.2115E+02  6.891 0.0000 0.2000E-04 0.1000E+01
2245 0.2844E+01 0.2459E+03 0.4094E-07 0.7754E+01 0.7428E+05 0.2119E+02  6.882 0.0000 0.2000E-04 0.1000E+01
2250 0.2921E+01 0.2441E+03 0.3969E-07 0.7749E+01 0.7395E+05 0.2122E+02  6.873 0.0000 0.2000E-04 0.1000E+01
2255 0.3000E+01 0.2423E+03 0.3848E-07 0.7745E+01 0.7363E+05 0.2125E+02  6.864 0.0000 0.2000E-04 0.1000E+01
2255 0.3000E+01 0.2423E+03 0.3848E-07 0.7745E+01 0.7363E+05 0.2125E+02  6.864 0.0000 0.2000E-04 0.1000E+01
2260 0.3081E+01 0.2405E+03 0.3732E-07 0.7740E+01 0.7330E+05 0.2129E+02  6.855 0.0000 0.2000E-04 0.1000E+01
2265 0.3165E+01 0.2387E+03 0.3619E-07 0.7735E+01 0.7298E+05 0.2132E+02  6.846 0.0000 0.2000E-04 0.1000E+01
2270 0.3250E+01 0.2370E+03 0.3511E-07 0.7731E+01 0.7266E+05 0.2136E+02  6.837 0.0000 0.2000E-04 0.1000E+01
2275 0.3338E+01 0.2353E+03 0.3406E-07 0.7727E+01 0.7234E+05 0.2139E+02  6.828 0.0000 0.2000E-04 0.1000E+01
2280 0.3427E+01 0.2336E+03 0.3305E-07 0.7722E+01 0.7202E+05 0.2142E+02  6.819 0.0000 0.2000E-04 0.1000E+01
2284 0.3500E+01 0.2322E+03 0.3227E-07 0.7719E+01 0.7177E+05 0.2145E+02  6.812 0.0000 0.2000E-04 0.1000E+01
2285 0.3519E+01 0.2319E+03 0.3207E-07 0.7718E+01 0.7171E+05 0.2146E+02  6.811 0.0000 0.2000E-04 0.1000E+01
2290 0.3613E+01 0.2302E+03 0.3113E-07 0.7713E+01 0.7139E+05 0.2149E+02  6.802 0.0000 0.2000E-04 0.1000E+01
2295 0.3710E+01 0.2286E+03 0.3022E-07 0.7709E+01 0.7108E+05 0.2152E+02  6.793 0.0000 0.2000E-04 0.1000E+01
2300 0.3809E+01 0.2269E+03 0.2933E-07 0.7705E+01 0.7077E+05 0.2156E+02  6.784 0.0000 0.2000E-04 0.1000E+01
2305 0.3910E+01 0.2254E+03 0.2848E-07 0.7700E+01 0.7046E+05 0.2159E+02  6.775 0.0000 0.2000E-04 0.1000E+01
2310 0.4000E+01 0.2240E+03 0.2777E-07 0.7697E+01 0.7019E+05 0.2162E+02  6.767 0.0000 0.2000E-04 0.1000E+01
2310 0.4000E+01 0.2240E+03 0.2777E-07 0.7697E+01 0.7019E+05 0.2162E+02  6.767 0.0000 0.2000E-04 0.1000E+01
2315 0.4106E+01 0.2224E+03 0.2697E-07 0.7692E+01 0.6989E+05 0.2165E+02  6.758 0.0000 0.2000E-04 0.1000E+01
2320 0.4215E+01 0.2209E+03 0.2620E-07 0.7688E+01 0.6958E+05 0.2168E+02  6.749 0.0000 0.2000E-04 0.1000E+01
2325 0.4326E+01 0.2194E+03 0.2546E-07 0.7684E+01 0.6928E+05 0.2172E+02  6.741 0.0000 0.2000E-04 0.1000E+01
2330 0.4440E+01 0.2179E+03 0.2474E-07 0.7680E+01 0.6897E+05 0.2175E+02  6.732 0.0000 0.2000E-04 0.1000E+01
2333 0.4500E+01 0.2171E+03 0.2438E-07 0.7678E+01 0.6881E+05 0.2176E+02  6.727 0.0000 0.2000E-04 0.1000E+01
2335 0.4547E+01 0.2165E+03 0.2410E-07 0.7676E+01 0.6869E+05 0.2178E+02  6.724 0.0000 0.2000E-04 0.1000E+01
2340 0.4666E+01 0.2150E+03 0.2344E-07 0.7672E+01 0.6839E+05 0.2181E+02  6.715 0.0000 0.2000E-04 0.1000E+01
2345 0.4787E+01 0.2136E+03 0.2280E-07 0.7668E+01 0.6810E+05 0.2184E+02  6.706 0.0000 0.2000E-04 0.1000E+01
2350 0.4912E+01 0.2122E+03 0.2217E-07 0.7664E+01 0.6780E+05 0.2187E+02  6.697 0.0000 0.2000E-04 0.1000E+01
2354 0.5000E+01 0.2112E+03 0.2175E-07 0.7661E+01 0.6759E+05 0.2189E+02  6.691 0.0000 0.2000E-04 0.1000E+01
2355 0.5026E+01 0.2109E+03 0.2163E-07 0.7660E+01 0.6753E+05 0.2190E+02  6.689 0.0000 0.2000E-04 0.1000E+01
2360 0.5155E+01 0.2096E+03 0.2106E-07 0.7656E+01 0.6724E+05 0.2193E+02  6.680 0.0000 0.2000E-04 0.1000E+01
2365 0.5288E+01 0.2082E+03 0.2050E-07 0.7652E+01 0.6694E+05 0.2196E+02  6.671 0.0000 0.2000E-04 0.1000E+01
2370 0.5424E+01 0.2069E+03 0.1996E-07 0.7648E+01 0.6665E+05 0.2199E+02  6.663 0.0000 0.2000E-04 0.1000E+01
2373 0.5500E+01 0.2062E+03 0.1966E-07 0.7646E+01 0.6649E+05 0.2201E+02  6.658 0.0000 0.2000E-04 0.1000E+01
2375 0.5556E+01 0.2056E+03 0.1946E-07 0.7644E+01 0.6637E+05 0.2202E+02  6.654 0.0000 0.2000E-04 0.1000E+01
2380 0.5697E+01 0.2044E+03 0.1896E-07 0.7640E+01 0.6608E+05 0.2205E+02  6.645 0.0000 0.2000E-04 0.1000E+01
2385 0.5841E+01 0.2031E+03 0.1847E-07 0.7636E+01 0.6579E+05 0.2208E+02  6.637 0.0000 0.2000E-04 0.1000E+01
2390 0.5989E+01 0.2018E+03 0.1800E-07 0.7633E+01 0.6551E+05 0.2211E+02  6.628 0.0000 0.2000E-04 0.1000E+01
2391 0.6000E+01 0.2017E+03 0.1796E-07 0.7632E+01 0.6548E+05 0.2212E+02  6.627 0.0000 0.2000E-04 0.1000E+01
2395 0.6120E+01 0.2007E+03 0.1760E-07 0.7629E+01 0.6525E+05 0.2214E+02  6.620 0.0000 0.2000E-04 0.1000E+01
2400 0.6273E+01 0.1995E+03 0.1716E-07 0.7625E+01 0.6497E+05 0.2217E+02  6.611 0.0000 0.2000E-04 0.1000E+01
2405 0.6430E+01 0.1983E+03 0.1673E-07 0.7621E+01 0.6469E+05 0.2220E+02  6.603 0.0000 0.2000E-04 0.1000E+01
2408 0.6500E+01 0.1978E+03 0.1655E-07 0.7620E+01 0.6456E+05 0.2221E+02  6.599 0.0000 0.2000E-04 0.1000E+01
2410 0.6564E+01 0.1973E+03 0.1638E-07 0.7618E+01 0.6445E+05 0.2223E+02  6.595 0.0000 0.2000E-04 0.1000E+01
2415 0.6726E+01 0.1961E+03 0.1598E-07 0.7615E+01 0.6417E+05 0.2226E+02  6.586 0.0000 0.2000E-04 0.1000E+01
2420 0.6891E+01 0.1950E+03 0.1559E-07 0.7611E+01 0.6389E+05 0.2229E+02  6.578 0.0000 0.2000E-04 0.1000E+01
2424 0.7000E+01 0.1942E+03 0.1534E-07 0.7608E+01 0.6370E+05 0.2231E+02  6.572 0.0000 0.2000E-04 0.1000E+01
2425 0.7034E+01 0.1940E+03 0.1527E-07 0.7608E+01 0.6365E+05 0.2231E+02  6.570 0.0000 0.2000E-04 0.1000E+01
2430 0.7205E+01 0.1929E+03 0.1490E-07 0.7604E+01 0.6337E+05 0.2234E+02  6.562 0.0000 0.2000E-04 0.1000E+01
2435 0.7380E+01 0.1917E+03 0.1454E-07 0.7600E+01 0.6309E+05 0.2237E+02  6.553 0.0000 0.2000E-04 0.1000E+01
2439 0.7500E+01 0.1910E+03 0.1431E-07 0.7598E+01 0.6291E+05 0.2239E+02  6.547 0.0000 0.2000E-04 0.1000E+01
2440 0.7536E+01 0.1908E+03 0.1424E-07 0.7597E+01 0.6285E+05 0.2240E+02  6.545 0.0000 0.2000E-04 0.1000E+01
2445 0.7717E+01 0.1897E+03 0.1390E-07 0.7593E+01 0.6258E+05 0.2242E+02  6.536 0.0000 0.2000E-04 0.1000E+01
2450 0.7902E+01 0.1886E+03 0.1357E-07 0.7590E+01 0.6231E+05 0.2245E+02  6.528 0.0000 0.2000E-04 0.1000E+01
2453 0.8000E+01 0.1880E+03 0.1340E-07 0.7588E+01 0.6216E+05 0.2247E+02  6.523 0.0000 0.2000E-04 0.1000E+01
2455 0.8076E+01 0.1876E+03 0.1328E-07 0.7586E+01 0.6205E+05 0.2248E+02  6.520 0.0000 0.2000E-04 0.1000E+01
2460 0.8267E+01 0.1866E+03 0.1297E-07 0.7583E+01 0.6178E+05 0.2251E+02  6.511 0.0000 0.2000E-04 0.1000E+01
2465 0.8463E+01 0.1855E+03 0.1267E-07 0.7579E+01 0.6151E+05 0.2254E+02  6.502 0.0000 0.2000E-04 0.1000E+01
2466 0.8500E+01 0.1853E+03 0.1261E-07 0.7579E+01 0.6146E+05 0.2254E+02  6.501 0.0000 0.2000E-04 0.1000E+01
2470 0.8659E+01 0.1845E+03 0.1238E-07 0.7576E+01 0.6125E+05 0.2257E+02  6.494 0.0000 0.2000E-04 0.1000E+01
2475 0.8862E+01 0.1835E+03 0.1210E-07 0.7572E+01 0.6098E+05 0.2259E+02  6.485 0.0000 0.2000E-04 0.1000E+01
2479 0.9000E+01 0.1828E+03 0.1191E-07 0.7570E+01 0.6080E+05 0.2261E+02  6.479 0.0000 0.2000E-04 0.1000E+01
2480 0.9041E+01 0.1826E+03 0.1186E-07 0.7569E+01 0.6075E+05 0.2262E+02  6.477 0.0000 0.2000E-04 0.1000E+01
2485 0.9251E+01 0.1816E+03 0.1159E-07 0.7566E+01 0.6048E+05 0.2265E+02  6.469 0.0000 0.2000E-04 0.1000E+01
2490 0.9465E+01 0.1806E+03 0.1133E-07 0.7562E+01 0.6022E+05 0.2268E+02  6.460 0.0000 0.2000E-04 0.1000E+01
2491 0.9500E+01 0.1804E+03 0.1129E-07 0.7562E+01 0.6017E+05 0.2268E+02  6.459 0.0000 0.2000E-04 0.1000E+01
2495 0.9674E+01 0.1796E+03 0.1108E-07 0.7559E+01 0.5996E+05 0.2270E+02  6.452 0.0000 0.2000E-04 0.1000E+01
2500 0.9896E+01 0.1787E+03 0.1084E-07 0.7556E+01 0.5970E+05 0.2273E+02  6.443 0.0000 0.2000E-04 0.1000E+01
2503 0.1000E+02 0.1782E+03 0.1073E-07 0.7554E+01 0.5958E+05 0.2274E+02  6.439 0.0000 0.2000E-04 0.1000E+01
