 $INPUT
 IMODEL	=             1
 N	=           120
 MINSTP	=             0
 VEOS	=  1.000000000000000
 ILOOP	=             1
 STATIC	=   F
 FRACT	=  2.5000000000000001E-03
 SHINE	=  0.3000000000000000
 SHAVE	=  9.9999999999999995E-08
 POUT	=  5000000.000000000
 AMETH	=             2
 CMETH	=             1
 NOBOND	=             1
 TBEG	=  5.0000000000000004E-06
 TIMEF	=  10.00000000000000
 DTIMEO	=  5.0000000000000003E-02
 STEPO	=  0.5000000000000000
 LCORR	=   T
 LSTART	=   F
 MAXSTP	=          5000
 SPK	=  10.90000000000000
 STARL	=  0.0000000000000000E+00
 DIST	=  10.00000000000000
 ALB	=  0.3500000000000000
 TEFFS	=  5770.000000000000
 LCONV	=   T
 LTRANS	=   T
 LPOUT	=   F
 LFILL	=   F
 LCONT	=   T
 LBURN	=   T
 MAG	=  'O '
 GAM	=  '7X'
 MASS	=  3.798280000000000
 YHEA	=  0.2500000000000000
 YDI	=  2.0000000000000002E-05
 HB	=  1.000000000000000
 $end
 
 
 Gam,Mass,Yhe,Ydi,Dist,starl,alb=  7X   3.798   0.250 0.200E-04 0.100E+02 0.000E+00 0.350E+00
  I  Time(Gyrs) Teff        Lumin      Rad(Gcm)  Tc         Rhoc       S      Ratio  Yd         Yl


   5 0.1771E-05 0.1766E+04 0.5742E-03 0.1781E+02 0.7972E+05 0.1040E+01 10.892 0.0000 0.2000E-04 0.1000E+01
  10 0.4523E-05 0.1760E+04 0.5600E-03 0.1771E+02 0.7981E+05 0.1051E+01 10.880 0.0000 0.2000E-04 0.1000E+01
  11 0.0000E+00 0.1759E+04 0.5575E-03 0.1769E+02 0.7982E+05 0.1053E+01 10.878 0.0000 0.2000E-04 0.1000E+01
  15 0.2265E-05 0.1753E+04 0.5459E-03 0.1761E+02 0.7989E+05 0.1061E+01 10.868 0.0000 0.2000E-04 0.1000E+01
  20 0.5164E-05 0.1747E+04 0.5314E-03 0.1751E+02 0.7998E+05 0.1072E+01 10.855 0.0000 0.2000E-04 0.1000E+01
  25 0.8146E-05 0.1739E+04 0.5167E-03 0.1741E+02 0.8006E+05 0.1083E+01 10.843 0.0000 0.2000E-04 0.1000E+01
  30 0.1122E-04 0.1731E+04 0.5017E-03 0.1731E+02 0.8014E+05 0.1094E+01 10.831 0.0000 0.2000E-04 0.1000E+01
  35 0.1439E-04 0.1723E+04 0.4868E-03 0.1722E+02 0.8021E+05 0.1105E+01 10.818 0.0000 0.2000E-04 0.1000E+01
  40 0.1767E-04 0.1714E+04 0.4716E-03 0.1712E+02 0.8029E+05 0.1116E+01 10.806 0.0000 0.2000E-04 0.1000E+01
  45 0.2106E-04 0.1705E+04 0.4565E-03 0.1702E+02 0.8036E+05 0.1127E+01 10.793 0.0000 0.2000E-04 0.1000E+01
  50 0.2456E-04 0.1696E+04 0.4416E-03 0.1693E+02 0.8043E+05 0.1138E+01 10.781 0.0000 0.2000E-04 0.1000E+01
  55 0.2819E-04 0.1686E+04 0.4270E-03 0.1684E+02 0.8050E+05 0.1149E+01 10.769 0.0000 0.2000E-04 0.1000E+01
  60 0.3194E-04 0.1677E+04 0.4127E-03 0.1675E+02 0.8056E+05 0.1160E+01 10.756 0.0000 0.2000E-04 0.1000E+01
  65 0.3583E-04 0.1667E+04 0.3988E-03 0.1666E+02 0.8062E+05 0.1172E+01 10.744 0.0000 0.2000E-04 0.1000E+01
  70 0.3986E-04 0.1657E+04 0.3853E-03 0.1656E+02 0.8068E+05 0.1183E+01 10.732 0.0000 0.2000E-04 0.1000E+01
  75 0.4403E-04 0.1647E+04 0.3723E-03 0.1648E+02 0.8074E+05 0.1195E+01 10.719 0.0000 0.2000E-04 0.1000E+01
  80 0.4836E-04 0.1638E+04 0.3597E-03 0.1639E+02 0.8080E+05 0.1206E+01 10.707 0.0000 0.2000E-04 0.1000E+01
  85 0.5284E-04 0.1628E+04 0.3478E-03 0.1630E+02 0.8085E+05 0.1218E+01 10.694 0.0000 0.2000E-04 0.1000E+01
  90 0.5747E-04 0.1619E+04 0.3363E-03 0.1622E+02 0.8090E+05 0.1229E+01 10.682 0.0000 0.2000E-04 0.1000E+01
  95 0.6225E-04 0.1610E+04 0.3254E-03 0.1613E+02 0.8095E+05 0.1241E+01 10.670 0.0000 0.2000E-04 0.1000E+01
 100 0.6719E-04 0.1601E+04 0.3153E-03 0.1605E+02 0.8100E+05 0.1253E+01 10.657 0.0000 0.2000E-04 0.1000E+01
 105 0.7230E-04 0.1593E+04 0.3056E-03 0.1596E+02 0.8104E+05 0.1265E+01 10.645 0.0000 0.2000E-04 0.1000E+01
 110 0.7756E-04 0.1585E+04 0.2966E-03 0.1588E+02 0.8109E+05 0.1277E+01 10.633 0.0000 0.2000E-04 0.1000E+01
 115 0.8299E-04 0.1578E+04 0.2882E-03 0.1580E+02 0.8113E+05 0.1289E+01 10.620 0.0000 0.2000E-04 0.1000E+01
 120 0.8858E-04 0.1571E+04 0.2802E-03 0.1572E+02 0.8116E+05 0.1301E+01 10.608 0.0000 0.2000E-04 0.1000E+01
 125 0.9433E-04 0.1564E+04 0.2726E-03 0.1564E+02 0.8120E+05 0.1313E+01 10.595 0.0000 0.2000E-04 0.1000E+01
 130 0.1002E-03 0.1558E+04 0.2656E-03 0.1556E+02 0.8123E+05 0.1325E+01 10.583 0.0000 0.2000E-04 0.1000E+01
 135 0.1063E-03 0.1552E+04 0.2588E-03 0.1549E+02 0.8127E+05 0.1337E+01 10.571 0.0000 0.2000E-04 0.1000E+01
 140 0.1125E-03 0.1546E+04 0.2524E-03 0.1541E+02 0.8130E+05 0.1349E+01 10.558 0.0000 0.2000E-04 0.1000E+01
 145 0.1189E-03 0.1540E+04 0.2463E-03 0.1533E+02 0.8133E+05 0.1361E+01 10.546 0.0000 0.2000E-04 0.1000E+01
 150 0.1254E-03 0.1535E+04 0.2405E-03 0.1526E+02 0.8135E+05 0.1374E+01 10.533 0.0000 0.2000E-04 0.1000E+01
 155 0.1321E-03 0.1529E+04 0.2350E-03 0.1518E+02 0.8137E+05 0.1386E+01 10.521 0.0000 0.2000E-04 0.1000E+01
 160 0.1390E-03 0.1524E+04 0.2296E-03 0.1511E+02 0.8139E+05 0.1399E+01 10.509 0.0000 0.2000E-04 0.1000E+01
 165 0.1460E-03 0.1520E+04 0.2245E-03 0.1504E+02 0.8140E+05 0.1412E+01 10.496 0.0000 0.2000E-04 0.1000E+01
 170 0.1531E-03 0.1515E+04 0.2197E-03 0.1497E+02 0.8142E+05 0.1424E+01 10.484 0.0000 0.2000E-04 0.1000E+01
 175 0.1604E-03 0.1510E+04 0.2150E-03 0.1490E+02 0.8143E+05 0.1437E+01 10.471 0.0000 0.2000E-04 0.1000E+01
 180 0.1679E-03 0.1506E+04 0.2105E-03 0.1483E+02 0.8143E+05 0.1450E+01 10.459 0.0000 0.2000E-04 0.1000E+01
 185 0.1756E-03 0.1501E+04 0.2061E-03 0.1476E+02 0.8145E+05 0.1462E+01 10.447 0.0000 0.2000E-04 0.1000E+01
 190 0.1834E-03 0.1497E+04 0.2018E-03 0.1469E+02 0.8145E+05 0.1475E+01 10.434 0.0000 0.2000E-04 0.1000E+01
 195 0.1913E-03 0.1493E+04 0.1976E-03 0.1462E+02 0.8145E+05 0.1488E+01 10.422 0.0000 0.2000E-04 0.1000E+01
 200 0.1995E-03 0.1488E+04 0.1934E-03 0.1455E+02 0.8145E+05 0.1502E+01 10.410 0.0000 0.2000E-04 0.1000E+01
 205 0.2078E-03 0.1484E+04 0.1893E-03 0.1449E+02 0.8144E+05 0.1515E+01 10.397 0.0000 0.2000E-04 0.1000E+01
 210 0.2163E-03 0.1479E+04 0.1853E-03 0.1442E+02 0.8144E+05 0.1528E+01 10.385 0.0000 0.2000E-04 0.1000E+01
 215 0.2249E-03 0.1474E+04 0.1814E-03 0.1436E+02 0.8143E+05 0.1541E+01 10.372 0.0000 0.2000E-04 0.1000E+01
 220 0.2338E-03 0.1470E+04 0.1774E-03 0.1429E+02 0.8142E+05 0.1554E+01 10.360 0.0000 0.2000E-04 0.1000E+01
 225 0.2429E-03 0.1465E+04 0.1735E-03 0.1423E+02 0.8140E+05 0.1568E+01 10.348 0.0000 0.2000E-04 0.1000E+01
 230 0.2521E-03 0.1459E+04 0.1696E-03 0.1417E+02 0.8138E+05 0.1581E+01 10.335 0.0000 0.2000E-04 0.1000E+01
 235 0.2616E-03 0.1454E+04 0.1657E-03 0.1410E+02 0.8137E+05 0.1595E+01 10.323 0.0000 0.2000E-04 0.1000E+01
 240 0.2713E-03 0.1449E+04 0.1618E-03 0.1404E+02 0.8135E+05 0.1608E+01 10.310 0.0000 0.2000E-04 0.1000E+01
 245 0.2813E-03 0.1443E+04 0.1580E-03 0.1398E+02 0.8132E+05 0.1622E+01 10.298 0.0000 0.2000E-04 0.1000E+01
 250 0.2914E-03 0.1438E+04 0.1542E-03 0.1392E+02 0.8130E+05 0.1635E+01 10.286 0.0000 0.2000E-04 0.1000E+01
 255 0.3019E-03 0.1432E+04 0.1505E-03 0.1386E+02 0.8127E+05 0.1649E+01 10.273 0.0000 0.2000E-04 0.1000E+01
 260 0.3126E-03 0.1426E+04 0.1469E-03 0.1380E+02 0.8123E+05 0.1663E+01 10.261 0.0000 0.2000E-04 0.1000E+01
 265 0.3235E-03 0.1420E+04 0.1432E-03 0.1375E+02 0.8120E+05 0.1677E+01 10.249 0.0000 0.2000E-04 0.1000E+01
 270 0.3347E-03 0.1414E+04 0.1397E-03 0.1369E+02 0.8116E+05 0.1691E+01 10.236 0.0000 0.2000E-04 0.1000E+01
 275 0.3462E-03 0.1408E+04 0.1362E-03 0.1363E+02 0.8112E+05 0.1705E+01 10.224 0.0000 0.2000E-04 0.1000E+01
 280 0.3580E-03 0.1402E+04 0.1328E-03 0.1358E+02 0.8108E+05 0.1719E+01 10.211 0.0000 0.2000E-04 0.1000E+01
 285 0.3701E-03 0.1396E+04 0.1294E-03 0.1352E+02 0.8103E+05 0.1733E+01 10.199 0.0000 0.2000E-04 0.1000E+01
 290 0.3825E-03 0.1390E+04 0.1262E-03 0.1347E+02 0.8098E+05 0.1747E+01 10.187 0.0000 0.2000E-04 0.1000E+01
 295 0.3952E-03 0.1384E+04 0.1230E-03 0.1341E+02 0.8092E+05 0.1761E+01 10.174 0.0000 0.2000E-04 0.1000E+01
 300 0.4082E-03 0.1378E+04 0.1198E-03 0.1336E+02 0.8086E+05 0.1776E+01 10.162 0.0000 0.2000E-04 0.1000E+01
 305 0.4216E-03 0.1372E+04 0.1168E-03 0.1331E+02 0.8080E+05 0.1790E+01 10.149 0.0000 0.2000E-04 0.1000E+01
 310 0.4353E-03 0.1365E+04 0.1137E-03 0.1325E+02 0.8073E+05 0.1805E+01 10.137 0.0000 0.2000E-04 0.1000E+01
 315 0.4493E-03 0.1359E+04 0.1107E-03 0.1320E+02 0.8067E+05 0.1819E+01 10.125 0.0000 0.2000E-04 0.1000E+01
 320 0.4638E-03 0.1353E+04 0.1079E-03 0.1315E+02 0.8060E+05 0.1834E+01 10.112 0.0000 0.2000E-04 0.1000E+01
 325 0.4786E-03 0.1346E+04 0.1051E-03 0.1310E+02 0.8053E+05 0.1849E+01 10.100 0.0000 0.2000E-04 0.1000E+01
 330 0.4937E-03 0.1340E+04 0.1023E-03 0.1305E+02 0.8045E+05 0.1863E+01 10.088 0.0000 0.2000E-04 0.1000E+01
 335 0.5093E-03 0.1334E+04 0.9971E-04 0.1300E+02 0.8038E+05 0.1878E+01 10.075 0.0000 0.2000E-04 0.1000E+01
 340 0.5253E-03 0.1328E+04 0.9717E-04 0.1295E+02 0.8030E+05 0.1893E+01 10.063 0.0000 0.2000E-04 0.1000E+01
 345 0.5416E-03 0.1322E+04 0.9471E-04 0.1290E+02 0.8022E+05 0.1907E+01 10.050 0.0000 0.2000E-04 0.1000E+01
 350 0.5584E-03 0.1316E+04 0.9233E-04 0.1286E+02 0.8014E+05 0.1922E+01 10.038 0.0000 0.2000E-04 0.1000E+01
 355 0.5756E-03 0.1310E+04 0.9002E-04 0.1281E+02 0.8005E+05 0.1937E+01 10.026 0.0000 0.2000E-04 0.1000E+01
 360 0.5932E-03 0.1304E+04 0.8778E-04 0.1276E+02 0.7996E+05 0.1952E+01 10.013 0.0000 0.2000E-04 0.1000E+01
 365 0.6112E-03 0.1298E+04 0.8560E-04 0.1272E+02 0.7987E+05 0.1967E+01 10.001 0.0000 0.2000E-04 0.1000E+01
 370 0.6297E-03 0.1293E+04 0.8348E-04 0.1267E+02 0.7978E+05 0.1982E+01  9.989 0.0000 0.2000E-04 0.1000E+01
 375 0.6486E-03 0.1287E+04 0.8142E-04 0.1262E+02 0.7968E+05 0.1997E+01  9.976 0.0000 0.2000E-04 0.1000E+01
 380 0.6680E-03 0.1281E+04 0.7942E-04 0.1258E+02 0.7958E+05 0.2013E+01  9.964 0.0000 0.2000E-04 0.1000E+01
 385 0.6879E-03 0.1276E+04 0.7747E-04 0.1254E+02 0.7948E+05 0.2028E+01  9.951 0.0000 0.2000E-04 0.1000E+01
 390 0.7082E-03 0.1270E+04 0.7558E-04 0.1249E+02 0.7937E+05 0.2043E+01  9.939 0.0000 0.2000E-04 0.1000E+01
 395 0.7290E-03 0.1264E+04 0.7374E-04 0.1245E+02 0.7927E+05 0.2058E+01  9.927 0.0000 0.2000E-04 0.1000E+01
 400 0.7503E-03 0.1259E+04 0.7195E-04 0.1241E+02 0.7916E+05 0.2074E+01  9.914 0.0000 0.2000E-04 0.1000E+01
 405 0.7721E-03 0.1253E+04 0.7020E-04 0.1236E+02 0.7906E+05 0.2089E+01  9.902 0.0000 0.2000E-04 0.1000E+01
 410 0.7944E-03 0.1248E+04 0.6849E-04 0.1232E+02 0.7894E+05 0.2104E+01  9.890 0.0000 0.2000E-04 0.1000E+01
 415 0.8172E-03 0.1242E+04 0.6682E-04 0.1228E+02 0.7883E+05 0.2120E+01  9.877 0.0000 0.2000E-04 0.1000E+01
 420 0.8406E-03 0.1236E+04 0.6513E-04 0.1224E+02 0.7871E+05 0.2135E+01  9.865 0.0000 0.2000E-04 0.1000E+01
 425 0.8645E-03 0.1230E+04 0.6348E-04 0.1220E+02 0.7859E+05 0.2151E+01  9.853 0.0000 0.2000E-04 0.1000E+01
 430 0.8891E-03 0.1224E+04 0.6187E-04 0.1216E+02 0.7846E+05 0.2166E+01  9.840 0.0000 0.2000E-04 0.1000E+01
 435 0.9142E-03 0.1219E+04 0.6031E-04 0.1212E+02 0.7834E+05 0.2182E+01  9.828 0.0000 0.2000E-04 0.1000E+01
 440 0.9400E-03 0.1213E+04 0.5878E-04 0.1208E+02 0.7821E+05 0.2197E+01  9.816 0.0000 0.2000E-04 0.1000E+01
 445 0.9664E-03 0.1207E+04 0.5730E-04 0.1204E+02 0.7808E+05 0.2213E+01  9.803 0.0000 0.2000E-04 0.1000E+01
 450 0.9935E-03 0.1201E+04 0.5586E-04 0.1200E+02 0.7795E+05 0.2229E+01  9.791 0.0000 0.2000E-04 0.1000E+01
 455 0.1021E-02 0.1196E+04 0.5446E-04 0.1196E+02 0.7782E+05 0.2245E+01  9.779 0.0000 0.2000E-04 0.1000E+01
 460 0.1050E-02 0.1190E+04 0.5310E-04 0.1193E+02 0.7768E+05 0.2260E+01  9.766 0.0000 0.2000E-04 0.1000E+01
 465 0.1079E-02 0.1184E+04 0.5178E-04 0.1189E+02 0.7754E+05 0.2276E+01  9.754 0.0000 0.2000E-04 0.1000E+01
 470 0.1108E-02 0.1179E+04 0.5050E-04 0.1185E+02 0.7740E+05 0.2292E+01  9.741 0.0000 0.2000E-04 0.1000E+01
 475 0.1139E-02 0.1173E+04 0.4926E-04 0.1181E+02 0.7724E+05 0.2308E+01  9.729 0.0000 0.2000E-04 0.1000E+01
 480 0.1170E-02 0.1168E+04 0.4807E-04 0.1178E+02 0.7708E+05 0.2324E+01  9.717 0.0000 0.2000E-04 0.1000E+01
 485 0.1202E-02 0.1163E+04 0.4692E-04 0.1174E+02 0.7692E+05 0.2340E+01  9.704 0.0000 0.2000E-04 0.1000E+01
 490 0.1234E-02 0.1157E+04 0.4581E-04 0.1171E+02 0.7676E+05 0.2356E+01  9.692 0.0000 0.2000E-04 0.1000E+01
 495 0.1268E-02 0.1152E+04 0.4476E-04 0.1167E+02 0.7659E+05 0.2372E+01  9.680 0.0000 0.2000E-04 0.1000E+01
 500 0.1302E-02 0.1148E+04 0.4375E-04 0.1164E+02 0.7643E+05 0.2389E+01  9.667 0.0000 0.2000E-04 0.1000E+01
 505 0.1336E-02 0.1143E+04 0.4278E-04 0.1160E+02 0.7626E+05 0.2405E+01  9.655 0.0000 0.2000E-04 0.1000E+01
 510 0.1372E-02 0.1138E+04 0.4183E-04 0.1157E+02 0.7609E+05 0.2421E+01  9.643 0.0000 0.2000E-04 0.1000E+01
 515 0.1408E-02 0.1134E+04 0.4091E-04 0.1153E+02 0.7592E+05 0.2437E+01  9.630 0.0000 0.2000E-04 0.1000E+01
 520 0.1445E-02 0.1129E+04 0.4003E-04 0.1150E+02 0.7575E+05 0.2453E+01  9.618 0.0000 0.2000E-04 0.1000E+01
 525 0.1483E-02 0.1124E+04 0.3916E-04 0.1147E+02 0.7558E+05 0.2469E+01  9.606 0.0000 0.2000E-04 0.1000E+01
 530 0.1521E-02 0.1120E+04 0.3831E-04 0.1143E+02 0.7541E+05 0.2485E+01  9.594 0.0000 0.2000E-04 0.1000E+01
 535 0.1561E-02 0.1115E+04 0.3747E-04 0.1140E+02 0.7524E+05 0.2501E+01  9.581 0.0000 0.2000E-04 0.1000E+01
 540 0.1600E-02 0.1111E+04 0.3667E-04 0.1137E+02 0.7507E+05 0.2517E+01  9.569 0.0000 0.2000E-04 0.1000E+01
 545 0.1641E-02 0.1106E+04 0.3588E-04 0.1134E+02 0.7489E+05 0.2533E+01  9.557 0.0000 0.2000E-04 0.1000E+01
 550 0.1683E-02 0.1102E+04 0.3511E-04 0.1131E+02 0.7472E+05 0.2549E+01  9.544 0.0000 0.2000E-04 0.1000E+01
 555 0.1725E-02 0.1098E+04 0.3435E-04 0.1127E+02 0.7454E+05 0.2565E+01  9.532 0.0000 0.2000E-04 0.1000E+01
 560 0.1769E-02 0.1093E+04 0.3362E-04 0.1124E+02 0.7437E+05 0.2581E+01  9.520 0.0000 0.2000E-04 0.1000E+01
 565 0.1813E-02 0.1089E+04 0.3290E-04 0.1121E+02 0.7419E+05 0.2597E+01  9.507 0.0000 0.2000E-04 0.1000E+01
 570 0.1858E-02 0.1084E+04 0.3219E-04 0.1118E+02 0.7401E+05 0.2613E+01  9.495 0.0000 0.2000E-04 0.1000E+01
 575 0.1904E-02 0.1080E+04 0.3150E-04 0.1115E+02 0.7383E+05 0.2629E+01  9.483 0.0000 0.2000E-04 0.1000E+01
 580 0.1951E-02 0.1075E+04 0.3079E-04 0.1112E+02 0.7365E+05 0.2645E+01  9.470 0.0000 0.2000E-04 0.1000E+01
 585 0.1999E-02 0.1071E+04 0.3011E-04 0.1109E+02 0.7347E+05 0.2661E+01  9.458 0.0000 0.2000E-04 0.1000E+01
 590 0.2048E-02 0.1066E+04 0.2944E-04 0.1106E+02 0.7329E+05 0.2677E+01  9.446 0.0000 0.2000E-04 0.1000E+01
 595 0.2098E-02 0.1061E+04 0.2878E-04 0.1103E+02 0.7311E+05 0.2693E+01  9.434 0.0000 0.2000E-04 0.1000E+01
 600 0.2148E-02 0.1057E+04 0.2814E-04 0.1101E+02 0.7293E+05 0.2709E+01  9.421 0.0000 0.2000E-04 0.1000E+01
 605 0.2200E-02 0.1052E+04 0.2753E-04 0.1098E+02 0.7275E+05 0.2724E+01  9.409 0.0000 0.2000E-04 0.1000E+01
 610 0.2253E-02 0.1048E+04 0.2691E-04 0.1095E+02 0.7256E+05 0.2740E+01  9.397 0.0000 0.2000E-04 0.1000E+01
 615 0.2307E-02 0.1043E+04 0.2633E-04 0.1092E+02 0.7237E+05 0.2756E+01  9.385 0.0000 0.2000E-04 0.1000E+01
 620 0.2362E-02 0.1039E+04 0.2573E-04 0.1090E+02 0.7217E+05 0.2772E+01  9.373 0.0000 0.2000E-04 0.1000E+01
 625 0.2419E-02 0.1034E+04 0.2514E-04 0.1087E+02 0.7198E+05 0.2788E+01  9.361 0.0000 0.2000E-04 0.1000E+01
 630 0.2476E-02 0.1029E+04 0.2457E-04 0.1084E+02 0.7178E+05 0.2804E+01  9.348 0.0000 0.2000E-04 0.1000E+01
 635 0.2535E-02 0.1025E+04 0.2400E-04 0.1081E+02 0.7159E+05 0.2820E+01  9.336 0.0000 0.2000E-04 0.1000E+01
 640 0.2595E-02 0.1020E+04 0.2344E-04 0.1079E+02 0.7139E+05 0.2836E+01  9.324 0.0000 0.2000E-04 0.1000E+01
 645 0.2656E-02 0.1015E+04 0.2287E-04 0.1076E+02 0.7119E+05 0.2852E+01  9.311 0.0000 0.2000E-04 0.1000E+01
 650 0.2719E-02 0.1010E+04 0.2232E-04 0.1073E+02 0.7100E+05 0.2868E+01  9.299 0.0000 0.2000E-04 0.1000E+01
 655 0.2783E-02 0.1005E+04 0.2177E-04 0.1071E+02 0.7081E+05 0.2883E+01  9.287 0.0000 0.2000E-04 0.1000E+01
 660 0.2849E-02 0.9999E+03 0.2124E-04 0.1068E+02 0.7061E+05 0.2899E+01  9.275 0.0000 0.2000E-04 0.1000E+01
 665 0.2916E-02 0.9949E+03 0.2072E-04 0.1066E+02 0.7042E+05 0.2915E+01  9.262 0.0000 0.2000E-04 0.1000E+01
 670 0.2984E-02 0.9898E+03 0.2020E-04 0.1063E+02 0.7023E+05 0.2930E+01  9.250 0.0000 0.2000E-04 0.1000E+01
 672 0.3000E-02 0.9887E+03 0.2009E-04 0.1062E+02 0.7018E+05 0.2934E+01  9.247 0.0000 0.2000E-04 0.1000E+01
 675 0.3042E-02 0.9855E+03 0.1978E-04 0.1061E+02 0.7007E+05 0.2944E+01  9.240 0.0000 0.2000E-04 0.1000E+01
 680 0.3113E-02 0.9804E+03 0.1928E-04 0.1058E+02 0.6988E+05 0.2959E+01  9.227 0.0000 0.2000E-04 0.1000E+01
 685 0.3187E-02 0.9752E+03 0.1878E-04 0.1056E+02 0.6968E+05 0.2974E+01  9.215 0.0000 0.2000E-04 0.1000E+01
 690 0.3261E-02 0.9698E+03 0.1828E-04 0.1053E+02 0.6949E+05 0.2990E+01  9.203 0.0000 0.2000E-04 0.1000E+01
 695 0.3338E-02 0.9646E+03 0.1781E-04 0.1051E+02 0.6930E+05 0.3006E+01  9.190 0.0000 0.2000E-04 0.1000E+01
 700 0.3417E-02 0.9592E+03 0.1733E-04 0.1049E+02 0.6912E+05 0.3021E+01  9.178 0.0000 0.2000E-04 0.1000E+01
 705 0.3497E-02 0.9538E+03 0.1687E-04 0.1046E+02 0.6893E+05 0.3036E+01  9.166 0.0000 0.2000E-04 0.1000E+01
 710 0.3580E-02 0.9484E+03 0.1642E-04 0.1044E+02 0.6875E+05 0.3052E+01  9.154 0.0000 0.2000E-04 0.1000E+01
 715 0.3665E-02 0.9430E+03 0.1598E-04 0.1041E+02 0.6856E+05 0.3067E+01  9.142 0.0000 0.2000E-04 0.1000E+01
 720 0.3751E-02 0.9376E+03 0.1554E-04 0.1039E+02 0.6838E+05 0.3082E+01  9.129 0.0000 0.2000E-04 0.1000E+01
 725 0.3840E-02 0.9322E+03 0.1512E-04 0.1037E+02 0.6819E+05 0.3097E+01  9.117 0.0000 0.2000E-04 0.1000E+01
 730 0.3931E-02 0.9267E+03 0.1470E-04 0.1035E+02 0.6801E+05 0.3113E+01  9.105 0.0000 0.2000E-04 0.1000E+01
 735 0.4025E-02 0.9213E+03 0.1430E-04 0.1032E+02 0.6784E+05 0.3128E+01  9.093 0.0000 0.2000E-04 0.1000E+01
 740 0.4121E-02 0.9159E+03 0.1390E-04 0.1030E+02 0.6766E+05 0.3143E+01  9.080 0.0000 0.2000E-04 0.1000E+01
 745 0.4219E-02 0.9104E+03 0.1351E-04 0.1028E+02 0.6749E+05 0.3158E+01  9.068 0.0000 0.2000E-04 0.1000E+01
 750 0.4320E-02 0.9049E+03 0.1313E-04 0.1025E+02 0.6731E+05 0.3173E+01  9.056 0.0000 0.2000E-04 0.1000E+01
 755 0.4423E-02 0.8995E+03 0.1277E-04 0.1023E+02 0.6713E+05 0.3188E+01  9.044 0.0000 0.2000E-04 0.1000E+01
 760 0.4529E-02 0.8941E+03 0.1241E-04 0.1021E+02 0.6696E+05 0.3203E+01  9.032 0.0000 0.2000E-04 0.1000E+01
 765 0.4638E-02 0.8886E+03 0.1206E-04 0.1019E+02 0.6678E+05 0.3218E+01  9.019 0.0000 0.2000E-04 0.1000E+01
 770 0.4750E-02 0.8832E+03 0.1172E-04 0.1017E+02 0.6660E+05 0.3233E+01  9.007 0.0000 0.2000E-04 0.1000E+01
 775 0.4865E-02 0.8777E+03 0.1138E-04 0.1015E+02 0.6641E+05 0.3248E+01  8.995 0.0000 0.2000E-04 0.1000E+01
 780 0.4982E-02 0.8723E+03 0.1105E-04 0.1013E+02 0.6623E+05 0.3263E+01  8.983 0.0000 0.2000E-04 0.1000E+01
 785 0.5103E-02 0.8671E+03 0.1075E-04 0.1011E+02 0.6606E+05 0.3277E+01  8.971 0.0000 0.2000E-04 0.1000E+01
 790 0.5227E-02 0.8617E+03 0.1044E-04 0.1009E+02 0.6589E+05 0.3292E+01  8.959 0.0000 0.2000E-04 0.1000E+01
 795 0.5353E-02 0.8563E+03 0.1014E-04 0.1006E+02 0.6571E+05 0.3306E+01  8.947 0.0000 0.2000E-04 0.1000E+01
 800 0.5484E-02 0.8508E+03 0.9847E-05 0.1004E+02 0.6554E+05 0.3321E+01  8.935 0.0000 0.2000E-04 0.1000E+01
 805 0.5618E-02 0.8451E+03 0.9545E-05 0.1002E+02 0.6536E+05 0.3336E+01  8.923 0.0000 0.2000E-04 0.1000E+01
 810 0.5756E-02 0.8394E+03 0.9253E-05 0.1000E+02 0.6518E+05 0.3351E+01  8.910 0.0000 0.2000E-04 0.1000E+01
 815 0.5898E-02 0.8337E+03 0.8968E-05 0.9984E+01 0.6501E+05 0.3366E+01  8.898 0.0000 0.2000E-04 0.1000E+01
 820 0.6044E-02 0.8280E+03 0.8691E-05 0.9964E+01 0.6483E+05 0.3380E+01  8.886 0.0000 0.2000E-04 0.1000E+01
 825 0.6194E-02 0.8223E+03 0.8421E-05 0.9945E+01 0.6465E+05 0.3395E+01  8.874 0.0000 0.2000E-04 0.1000E+01
 830 0.6348E-02 0.8166E+03 0.8159E-05 0.9925E+01 0.6448E+05 0.3410E+01  8.862 0.0000 0.2000E-04 0.1000E+01
 835 0.6507E-02 0.8109E+03 0.7904E-05 0.9906E+01 0.6430E+05 0.3425E+01  8.850 0.0000 0.2000E-04 0.1000E+01
 840 0.6670E-02 0.8053E+03 0.7656E-05 0.9887E+01 0.6413E+05 0.3439E+01  8.838 0.0000 0.2000E-04 0.1000E+01
 845 0.6838E-02 0.7997E+03 0.7415E-05 0.9868E+01 0.6395E+05 0.3454E+01  8.826 0.0000 0.2000E-04 0.1000E+01
 850 0.7011E-02 0.7940E+03 0.7180E-05 0.9849E+01 0.6377E+05 0.3469E+01  8.814 0.0000 0.2000E-04 0.1000E+01
 855 0.7189E-02 0.7883E+03 0.6951E-05 0.9830E+01 0.6360E+05 0.3483E+01  8.802 0.0000 0.2000E-04 0.1000E+01
 860 0.7373E-02 0.7827E+03 0.6730E-05 0.9812E+01 0.6342E+05 0.3498E+01  8.789 0.0000 0.2000E-04 0.1000E+01
 865 0.7561E-02 0.7772E+03 0.6517E-05 0.9793E+01 0.6326E+05 0.3512E+01  8.777 0.0000 0.2000E-04 0.1000E+01
 870 0.7755E-02 0.7716E+03 0.6309E-05 0.9775E+01 0.6310E+05 0.3527E+01  8.765 0.0000 0.2000E-04 0.1000E+01
 875 0.7955E-02 0.7661E+03 0.6107E-05 0.9757E+01 0.6293E+05 0.3541E+01  8.753 0.0000 0.2000E-04 0.1000E+01
 880 0.8160E-02 0.7606E+03 0.5912E-05 0.9739E+01 0.6277E+05 0.3555E+01  8.741 0.0000 0.2000E-04 0.1000E+01
 885 0.8372E-02 0.7551E+03 0.5722E-05 0.9721E+01 0.6261E+05 0.3570E+01  8.729 0.0000 0.2000E-04 0.1000E+01
 890 0.8590E-02 0.7496E+03 0.5537E-05 0.9704E+01 0.6245E+05 0.3584E+01  8.717 0.0000 0.2000E-04 0.1000E+01
 895 0.8814E-02 0.7441E+03 0.5358E-05 0.9686E+01 0.6228E+05 0.3598E+01  8.705 0.0000 0.2000E-04 0.1000E+01
 900 0.9046E-02 0.7387E+03 0.5184E-05 0.9669E+01 0.6212E+05 0.3613E+01  8.693 0.0000 0.2000E-04 0.1000E+01
 905 0.9284E-02 0.7333E+03 0.5016E-05 0.9652E+01 0.6196E+05 0.3627E+01  8.681 0.0000 0.2000E-04 0.1000E+01
 910 0.9529E-02 0.7279E+03 0.4853E-05 0.9635E+01 0.6179E+05 0.3642E+01  8.669 0.0000 0.2000E-04 0.1000E+01
 915 0.9781E-02 0.7226E+03 0.4696E-05 0.9618E+01 0.6162E+05 0.3656E+01  8.657 0.0000 0.2000E-04 0.1000E+01
 920 0.1004E-01 0.7172E+03 0.4543E-05 0.9601E+01 0.6146E+05 0.3670E+01  8.645 0.0000 0.2000E-04 0.1000E+01
 925 0.1031E-01 0.7120E+03 0.4395E-05 0.9584E+01 0.6129E+05 0.3685E+01  8.633 0.0000 0.2000E-04 0.1000E+01
 930 0.1058E-01 0.7067E+03 0.4252E-05 0.9568E+01 0.6112E+05 0.3699E+01  8.621 0.0000 0.2000E-04 0.1000E+01
 935 0.1087E-01 0.7015E+03 0.4113E-05 0.9551E+01 0.6095E+05 0.3714E+01  8.610 0.0000 0.2000E-04 0.1000E+01
 940 0.1116E-01 0.6962E+03 0.3979E-05 0.9535E+01 0.6078E+05 0.3728E+01  8.598 0.0000 0.2000E-04 0.1000E+01
 945 0.1146E-01 0.6910E+03 0.3848E-05 0.9519E+01 0.6061E+05 0.3742E+01  8.586 0.0000 0.2000E-04 0.1000E+01
 950 0.1177E-01 0.6859E+03 0.3721E-05 0.9503E+01 0.6044E+05 0.3757E+01  8.574 0.0000 0.2000E-04 0.1000E+01
 955 0.1209E-01 0.6807E+03 0.3599E-05 0.9487E+01 0.6027E+05 0.3771E+01  8.562 0.0000 0.2000E-04 0.1000E+01
 960 0.1241E-01 0.6756E+03 0.3480E-05 0.9471E+01 0.6010E+05 0.3785E+01  8.550 0.0000 0.2000E-04 0.1000E+01
 965 0.1275E-01 0.6704E+03 0.3364E-05 0.9455E+01 0.5992E+05 0.3800E+01  8.538 0.0000 0.2000E-04 0.1000E+01
 970 0.1310E-01 0.6654E+03 0.3252E-05 0.9440E+01 0.5975E+05 0.3814E+01  8.526 0.0000 0.2000E-04 0.1000E+01
 975 0.1346E-01 0.6603E+03 0.3144E-05 0.9424E+01 0.5958E+05 0.3828E+01  8.515 0.0000 0.2000E-04 0.1000E+01
 980 0.1383E-01 0.6552E+03 0.3039E-05 0.9409E+01 0.5940E+05 0.3843E+01  8.503 0.0000 0.2000E-04 0.1000E+01
 985 0.1421E-01 0.6502E+03 0.2937E-05 0.9394E+01 0.5923E+05 0.3857E+01  8.491 0.0000 0.2000E-04 0.1000E+01
 990 0.1460E-01 0.6451E+03 0.2837E-05 0.9379E+01 0.5905E+05 0.3871E+01  8.479 0.0000 0.2000E-04 0.1000E+01
 995 0.1500E-01 0.6401E+03 0.2741E-05 0.9364E+01 0.5888E+05 0.3886E+01  8.468 0.0000 0.2000E-04 0.1000E+01
1000 0.1542E-01 0.6350E+03 0.2647E-05 0.9349E+01 0.5871E+05 0.3900E+01  8.456 0.0000 0.2000E-04 0.1000E+01
1005 0.1585E-01 0.6299E+03 0.2555E-05 0.9334E+01 0.5855E+05 0.3914E+01  8.444 0.0000 0.2000E-04 0.1000E+01
1010 0.1629E-01 0.6249E+03 0.2467E-05 0.9319E+01 0.5838E+05 0.3928E+01  8.432 0.0000 0.2000E-04 0.1000E+01
1015 0.1675E-01 0.6199E+03 0.2381E-05 0.9305E+01 0.5821E+05 0.3942E+01  8.421 0.0000 0.2000E-04 0.1000E+01
1020 0.1722E-01 0.6149E+03 0.2298E-05 0.9290E+01 0.5804E+05 0.3956E+01  8.409 0.0000 0.2000E-04 0.1000E+01
1025 0.1771E-01 0.6100E+03 0.2218E-05 0.9276E+01 0.5787E+05 0.3970E+01  8.397 0.0000 0.2000E-04 0.1000E+01
1030 0.1821E-01 0.6051E+03 0.2141E-05 0.9262E+01 0.5770E+05 0.3984E+01  8.385 0.0000 0.2000E-04 0.1000E+01
1035 0.1873E-01 0.6002E+03 0.2066E-05 0.9248E+01 0.5753E+05 0.3999E+01  8.374 0.0000 0.2000E-04 0.1000E+01
1040 0.1926E-01 0.5953E+03 0.1995E-05 0.9234E+01 0.5736E+05 0.4013E+01  8.362 0.0000 0.2000E-04 0.1000E+01
1045 0.1981E-01 0.5905E+03 0.1925E-05 0.9220E+01 0.5718E+05 0.4027E+01  8.350 0.0000 0.2000E-04 0.1000E+01
1050 0.2038E-01 0.5858E+03 0.1858E-05 0.9206E+01 0.5701E+05 0.4041E+01  8.339 0.0000 0.2000E-04 0.1000E+01
1055 0.2096E-01 0.5811E+03 0.1794E-05 0.9192E+01 0.5683E+05 0.4055E+01  8.327 0.0000 0.2000E-04 0.1000E+01
1060 0.2157E-01 0.5764E+03 0.1732E-05 0.9178E+01 0.5666E+05 0.4069E+01  8.316 0.0000 0.2000E-04 0.1000E+01
1065 0.2219E-01 0.5718E+03 0.1672E-05 0.9165E+01 0.5648E+05 0.4084E+01  8.304 0.0000 0.2000E-04 0.1000E+01
1070 0.2283E-01 0.5672E+03 0.1615E-05 0.9151E+01 0.5630E+05 0.4098E+01  8.292 0.0000 0.2000E-04 0.1000E+01
1075 0.2349E-01 0.5627E+03 0.1559E-05 0.9138E+01 0.5612E+05 0.4112E+01  8.281 0.0000 0.2000E-04 0.1000E+01
1080 0.2417E-01 0.5582E+03 0.1506E-05 0.9125E+01 0.5594E+05 0.4126E+01  8.269 0.0000 0.2000E-04 0.1000E+01
1085 0.2488E-01 0.5538E+03 0.1454E-05 0.9111E+01 0.5576E+05 0.4140E+01  8.258 0.0000 0.2000E-04 0.1000E+01
1090 0.2560E-01 0.5493E+03 0.1404E-05 0.9098E+01 0.5558E+05 0.4154E+01  8.246 0.0000 0.2000E-04 0.1000E+01
1095 0.2635E-01 0.5449E+03 0.1355E-05 0.9085E+01 0.5540E+05 0.4169E+01  8.235 0.0000 0.2000E-04 0.1000E+01
1100 0.2712E-01 0.5404E+03 0.1308E-05 0.9072E+01 0.5522E+05 0.4183E+01  8.223 0.0000 0.2000E-04 0.1000E+01
1105 0.2791E-01 0.5360E+03 0.1262E-05 0.9059E+01 0.5503E+05 0.4197E+01  8.212 0.0000 0.2000E-04 0.1000E+01
1110 0.2873E-01 0.5316E+03 0.1217E-05 0.9047E+01 0.5485E+05 0.4211E+01  8.200 0.0000 0.2000E-04 0.1000E+01
1115 0.2957E-01 0.5272E+03 0.1174E-05 0.9034E+01 0.5466E+05 0.4225E+01  8.189 0.0000 0.2000E-04 0.1000E+01
1120 0.3045E-01 0.5228E+03 0.1133E-05 0.9022E+01 0.5447E+05 0.4239E+01  8.177 0.0000 0.2000E-04 0.1000E+01
1125 0.3134E-01 0.5185E+03 0.1092E-05 0.9009E+01 0.5429E+05 0.4253E+01  8.166 0.0000 0.2000E-04 0.1000E+01
1130 0.3227E-01 0.5141E+03 0.1053E-05 0.8997E+01 0.5410E+05 0.4267E+01  8.155 0.0000 0.2000E-04 0.1000E+01
1135 0.3323E-01 0.5098E+03 0.1016E-05 0.8984E+01 0.5391E+05 0.4281E+01  8.143 0.0000 0.2000E-04 0.1000E+01
1140 0.3421E-01 0.5055E+03 0.9792E-06 0.8972E+01 0.5372E+05 0.4295E+01  8.132 0.0000 0.2000E-04 0.1000E+01
1145 0.3523E-01 0.5013E+03 0.9441E-06 0.8960E+01 0.5353E+05 0.4309E+01  8.120 0.0000 0.2000E-04 0.1000E+01
1150 0.3628E-01 0.4970E+03 0.9101E-06 0.8948E+01 0.5334E+05 0.4323E+01  8.109 0.0000 0.2000E-04 0.1000E+01
1155 0.3737E-01 0.4928E+03 0.8773E-06 0.8936E+01 0.5315E+05 0.4337E+01  8.098 0.0000 0.2000E-04 0.1000E+01
1160 0.3849E-01 0.4886E+03 0.8456E-06 0.8924E+01 0.5296E+05 0.4351E+01  8.086 0.0000 0.2000E-04 0.1000E+01
1165 0.3965E-01 0.4845E+03 0.8151E-06 0.8912E+01 0.5277E+05 0.4365E+01  8.075 0.0000 0.2000E-04 0.1000E+01
1170 0.4084E-01 0.4804E+03 0.7856E-06 0.8901E+01 0.5258E+05 0.4379E+01  8.064 0.0000 0.2000E-04 0.1000E+01
1175 0.4207E-01 0.4763E+03 0.7572E-06 0.8889E+01 0.5239E+05 0.4393E+01  8.053 0.0000 0.2000E-04 0.1000E+01
1180 0.4334E-01 0.4722E+03 0.7298E-06 0.8877E+01 0.5219E+05 0.4407E+01  8.041 0.0000 0.2000E-04 0.1000E+01
1185 0.4466E-01 0.4682E+03 0.7034E-06 0.8866E+01 0.5200E+05 0.4421E+01  8.030 0.0000 0.2000E-04 0.1000E+01
1190 0.4601E-01 0.4642E+03 0.6779E-06 0.8855E+01 0.5181E+05 0.4435E+01  8.019 0.0000 0.2000E-04 0.1000E+01
1195 0.4742E-01 0.4602E+03 0.6532E-06 0.8843E+01 0.5161E+05 0.4449E+01  8.008 0.0000 0.2000E-04 0.1000E+01
1200 0.4892E-01 0.4561E+03 0.6288E-06 0.8831E+01 0.5141E+05 0.4463E+01  7.996 0.0000 0.2000E-04 0.1000E+01
1204 0.5000E-01 0.4533E+03 0.6122E-06 0.8823E+01 0.5127E+05 0.4473E+01  7.988 0.0000 0.2000E-04 0.1000E+01
1205 0.5031E-01 0.4525E+03 0.6075E-06 0.8821E+01 0.5123E+05 0.4476E+01  7.986 0.0000 0.2000E-04 0.1000E+01
1210 0.5191E-01 0.4485E+03 0.5848E-06 0.8810E+01 0.5103E+05 0.4490E+01  7.974 0.0000 0.2000E-04 0.1000E+01
1215 0.5355E-01 0.4446E+03 0.5631E-06 0.8798E+01 0.5083E+05 0.4505E+01  7.962 0.0000 0.2000E-04 0.1000E+01
1220 0.5525E-01 0.4406E+03 0.5421E-06 0.8787E+01 0.5063E+05 0.4519E+01  7.951 0.0000 0.2000E-04 0.1000E+01
1225 0.5701E-01 0.4368E+03 0.5220E-06 0.8776E+01 0.5042E+05 0.4533E+01  7.939 0.0000 0.2000E-04 0.1000E+01
1230 0.5882E-01 0.4330E+03 0.5027E-06 0.8764E+01 0.5021E+05 0.4548E+01  7.928 0.0000 0.2000E-04 0.1000E+01
1235 0.6069E-01 0.4292E+03 0.4842E-06 0.8753E+01 0.5001E+05 0.4562E+01  7.917 0.0000 0.2000E-04 0.1000E+01
1240 0.6263E-01 0.4254E+03 0.4663E-06 0.8742E+01 0.4980E+05 0.4576E+01  7.905 0.0000 0.2000E-04 0.1000E+01
1245 0.6462E-01 0.4217E+03 0.4492E-06 0.8732E+01 0.4959E+05 0.4590E+01  7.894 0.0000 0.2000E-04 0.1000E+01
1250 0.6669E-01 0.4181E+03 0.4327E-06 0.8721E+01 0.4939E+05 0.4604E+01  7.882 0.0000 0.2000E-04 0.1000E+01
1255 0.6881E-01 0.4144E+03 0.4168E-06 0.8710E+01 0.4918E+05 0.4618E+01  7.871 0.0000 0.2000E-04 0.1000E+01
1258 0.7000E-01 0.4125E+03 0.4084E-06 0.8704E+01 0.4907E+05 0.4626E+01  7.865 0.0000 0.2000E-04 0.1000E+01
1260 0.7085E-01 0.4111E+03 0.4025E-06 0.8700E+01 0.4899E+05 0.4631E+01  7.860 0.0000 0.2000E-04 0.1000E+01
1265 0.7304E-01 0.4076E+03 0.3883E-06 0.8690E+01 0.4879E+05 0.4645E+01  7.849 0.0000 0.2000E-04 0.1000E+01
1270 0.7530E-01 0.4042E+03 0.3746E-06 0.8680E+01 0.4859E+05 0.4658E+01  7.838 0.0000 0.2000E-04 0.1000E+01
1275 0.7762E-01 0.4008E+03 0.3614E-06 0.8670E+01 0.4840E+05 0.4672E+01  7.827 0.0000 0.2000E-04 0.1000E+01
1280 0.8002E-01 0.3975E+03 0.3486E-06 0.8660E+01 0.4820E+05 0.4685E+01  7.816 0.0000 0.2000E-04 0.1000E+01
1285 0.8250E-01 0.3941E+03 0.3363E-06 0.8650E+01 0.4800E+05 0.4699E+01  7.805 0.0000 0.2000E-04 0.1000E+01
1290 0.8505E-01 0.3908E+03 0.3244E-06 0.8640E+01 0.4780E+05 0.4712E+01  7.794 0.0000 0.2000E-04 0.1000E+01
1295 0.8769E-01 0.3875E+03 0.3129E-06 0.8630E+01 0.4761E+05 0.4726E+01  7.783 0.0000 0.2000E-04 0.1000E+01
1300 0.9040E-01 0.3843E+03 0.3017E-06 0.8620E+01 0.4741E+05 0.4739E+01  7.772 0.0000 0.2000E-04 0.1000E+01
1305 0.9321E-01 0.3810E+03 0.2910E-06 0.8610E+01 0.4721E+05 0.4752E+01  7.762 0.0000 0.2000E-04 0.1000E+01
1310 0.9610E-01 0.3778E+03 0.2807E-06 0.8601E+01 0.4701E+05 0.4766E+01  7.751 0.0000 0.2000E-04 0.1000E+01
1315 0.9909E-01 0.3746E+03 0.2708E-06 0.8591E+01 0.4682E+05 0.4779E+01  7.740 0.0000 0.2000E-04 0.1000E+01
1317 0.1000E+00 0.3737E+03 0.2679E-06 0.8588E+01 0.4676E+05 0.4783E+01  7.736 0.0000 0.2000E-04 0.1000E+01
1320 0.1019E+00 0.3718E+03 0.2621E-06 0.8582E+01 0.4664E+05 0.4791E+01  7.730 0.0000 0.2000E-04 0.1000E+01
1325 0.1050E+00 0.3687E+03 0.2528E-06 0.8573E+01 0.4644E+05 0.4804E+01  7.719 0.0000 0.2000E-04 0.1000E+01
1330 0.1083E+00 0.3655E+03 0.2439E-06 0.8563E+01 0.4625E+05 0.4817E+01  7.708 0.0000 0.2000E-04 0.1000E+01
1335 0.1117E+00 0.3625E+03 0.2353E-06 0.8554E+01 0.4605E+05 0.4830E+01  7.697 0.0000 0.2000E-04 0.1000E+01
1340 0.1152E+00 0.3594E+03 0.2270E-06 0.8545E+01 0.4585E+05 0.4844E+01  7.686 0.0000 0.2000E-04 0.1000E+01
1345 0.1187E+00 0.3564E+03 0.2190E-06 0.8535E+01 0.4566E+05 0.4857E+01  7.676 0.0000 0.2000E-04 0.1000E+01
1350 0.1225E+00 0.3534E+03 0.2113E-06 0.8526E+01 0.4546E+05 0.4870E+01  7.665 0.0000 0.2000E-04 0.1000E+01
1355 0.1263E+00 0.3505E+03 0.2039E-06 0.8517E+01 0.4527E+05 0.4883E+01  7.654 0.0000 0.2000E-04 0.1000E+01
1360 0.1302E+00 0.3476E+03 0.1967E-06 0.8508E+01 0.4507E+05 0.4896E+01  7.643 0.0000 0.2000E-04 0.1000E+01
1365 0.1343E+00 0.3447E+03 0.1899E-06 0.8499E+01 0.4488E+05 0.4909E+01  7.632 0.0000 0.2000E-04 0.1000E+01
1370 0.1385E+00 0.3419E+03 0.1833E-06 0.8490E+01 0.4468E+05 0.4922E+01  7.621 0.0000 0.2000E-04 0.1000E+01
1375 0.1428E+00 0.3391E+03 0.1770E-06 0.8481E+01 0.4449E+05 0.4935E+01  7.610 0.0000 0.2000E-04 0.1000E+01
1380 0.1473E+00 0.3363E+03 0.1710E-06 0.8472E+01 0.4429E+05 0.4948E+01  7.600 0.0000 0.2000E-04 0.1000E+01
1383 0.1500E+00 0.3347E+03 0.1675E-06 0.8467E+01 0.4418E+05 0.4956E+01  7.593 0.0000 0.2000E-04 0.1000E+01
1385 0.1519E+00 0.3336E+03 0.1652E-06 0.8463E+01 0.4410E+05 0.4961E+01  7.589 0.0000 0.2000E-04 0.1000E+01
1390 0.1566E+00 0.3309E+03 0.1596E-06 0.8454E+01 0.4391E+05 0.4974E+01  7.578 0.0000 0.2000E-04 0.1000E+01
1395 0.1615E+00 0.3282E+03 0.1541E-06 0.8445E+01 0.4371E+05 0.4987E+01  7.567 0.0000 0.2000E-04 0.1000E+01
1400 0.1665E+00 0.3256E+03 0.1489E-06 0.8437E+01 0.4352E+05 0.5000E+01  7.556 0.0000 0.2000E-04 0.1000E+01
1405 0.1717E+00 0.3230E+03 0.1439E-06 0.8428E+01 0.4333E+05 0.5013E+01  7.545 0.0000 0.2000E-04 0.1000E+01
1410 0.1770E+00 0.3204E+03 0.1391E-06 0.8419E+01 0.4313E+05 0.5026E+01  7.534 0.0000 0.2000E-04 0.1000E+01
1415 0.1826E+00 0.3178E+03 0.1344E-06 0.8411E+01 0.4294E+05 0.5039E+01  7.524 0.0000 0.2000E-04 0.1000E+01
1420 0.1882E+00 0.3153E+03 0.1299E-06 0.8402E+01 0.4275E+05 0.5052E+01  7.513 0.0000 0.2000E-04 0.1000E+01
1425 0.1941E+00 0.3127E+03 0.1255E-06 0.8393E+01 0.4256E+05 0.5065E+01  7.502 0.0000 0.2000E-04 0.1000E+01
1430 0.2000E+00 0.3103E+03 0.1214E-06 0.8385E+01 0.4237E+05 0.5078E+01  7.491 0.0000 0.2000E-04 0.1000E+01
1430 0.2000E+00 0.3103E+03 0.1214E-06 0.8385E+01 0.4237E+05 0.5078E+01  7.491 0.0000 0.2000E-04 0.1000E+01
1435 0.2062E+00 0.3078E+03 0.1173E-06 0.8377E+01 0.4218E+05 0.5090E+01  7.480 0.0000 0.2000E-04 0.1000E+01
1440 0.2126E+00 0.3054E+03 0.1134E-06 0.8368E+01 0.4199E+05 0.5103E+01  7.469 0.0000 0.2000E-04 0.1000E+01
1445 0.2192E+00 0.3029E+03 0.1096E-06 0.8360E+01 0.4180E+05 0.5116E+01  7.459 0.0000 0.2000E-04 0.1000E+01
1450 0.2260E+00 0.3005E+03 0.1060E-06 0.8351E+01 0.4161E+05 0.5129E+01  7.448 0.0000 0.2000E-04 0.1000E+01
1455 0.2330E+00 0.2981E+03 0.1024E-06 0.8343E+01 0.4142E+05 0.5142E+01  7.437 0.0000 0.2000E-04 0.1000E+01
1460 0.2402E+00 0.2958E+03 0.9899E-07 0.8335E+01 0.4123E+05 0.5155E+01  7.426 0.0000 0.2000E-04 0.1000E+01
1465 0.2476E+00 0.2934E+03 0.9567E-07 0.8326E+01 0.4104E+05 0.5167E+01  7.415 0.0000 0.2000E-04 0.1000E+01
1467 0.2500E+00 0.2927E+03 0.9466E-07 0.8324E+01 0.4098E+05 0.5171E+01  7.412 0.0000 0.2000E-04 0.1000E+01
1470 0.2546E+00 0.2913E+03 0.9274E-07 0.8319E+01 0.4086E+05 0.5179E+01  7.405 0.0000 0.2000E-04 0.1000E+01
1475 0.2625E+00 0.2889E+03 0.8963E-07 0.8311E+01 0.4067E+05 0.5192E+01  7.394 0.0000 0.2000E-04 0.1000E+01
1480 0.2706E+00 0.2866E+03 0.8662E-07 0.8302E+01 0.4048E+05 0.5205E+01  7.383 0.0000 0.2000E-04 0.1000E+01
1485 0.2790E+00 0.2843E+03 0.8372E-07 0.8294E+01 0.4029E+05 0.5217E+01  7.372 0.0000 0.2000E-04 0.1000E+01
1490 0.2875E+00 0.2820E+03 0.8092E-07 0.8286E+01 0.4011E+05 0.5230E+01  7.361 0.0000 0.2000E-04 0.1000E+01
1495 0.2964E+00 0.2798E+03 0.7821E-07 0.8278E+01 0.3992E+05 0.5243E+01  7.350 0.0000 0.2000E-04 0.1000E+01
1497 0.3000E+00 0.2789E+03 0.7715E-07 0.8275E+01 0.3984E+05 0.5248E+01  7.346 0.0000 0.2000E-04 0.1000E+01
1500 0.3055E+00 0.2776E+03 0.7559E-07 0.8270E+01 0.3973E+05 0.5255E+01  7.340 0.0000 0.2000E-04 0.1000E+01
1505 0.3149E+00 0.2753E+03 0.7306E-07 0.8262E+01 0.3954E+05 0.5268E+01  7.329 0.0000 0.2000E-04 0.1000E+01
1510 0.3245E+00 0.2731E+03 0.7062E-07 0.8254E+01 0.3936E+05 0.5281E+01  7.318 0.0000 0.2000E-04 0.1000E+01
1515 0.3344E+00 0.2710E+03 0.6827E-07 0.8246E+01 0.3917E+05 0.5293E+01  7.307 0.0000 0.2000E-04 0.1000E+01
1520 0.3447E+00 0.2688E+03 0.6599E-07 0.8238E+01 0.3899E+05 0.5306E+01  7.296 0.0000 0.2000E-04 0.1000E+01
1523 0.3500E+00 0.2677E+03 0.6485E-07 0.8234E+01 0.3889E+05 0.5312E+01  7.290 0.0000 0.2000E-04 0.1000E+01
1525 0.3542E+00 0.2668E+03 0.6398E-07 0.8231E+01 0.3882E+05 0.5317E+01  7.286 0.0000 0.2000E-04 0.1000E+01
1530 0.3650E+00 0.2647E+03 0.6184E-07 0.8223E+01 0.3863E+05 0.5330E+01  7.275 0.0000 0.2000E-04 0.1000E+01
1535 0.3761E+00 0.2626E+03 0.5978E-07 0.8215E+01 0.3845E+05 0.5342E+01  7.264 0.0000 0.2000E-04 0.1000E+01
1540 0.3876E+00 0.2605E+03 0.5779E-07 0.8208E+01 0.3826E+05 0.5355E+01  7.254 0.0000 0.2000E-04 0.1000E+01
1545 0.3993E+00 0.2584E+03 0.5587E-07 0.8200E+01 0.3808E+05 0.5367E+01  7.243 0.0000 0.2000E-04 0.1000E+01
1546 0.4000E+00 0.2583E+03 0.5577E-07 0.8200E+01 0.3807E+05 0.5368E+01  7.242 0.0000 0.2000E-04 0.1000E+01
1550 0.4097E+00 0.2567E+03 0.5428E-07 0.8193E+01 0.3792E+05 0.5378E+01  7.233 0.0000 0.2000E-04 0.1000E+01
1555 0.4221E+00 0.2546E+03 0.5247E-07 0.8186E+01 0.3774E+05 0.5390E+01  7.223 0.0000 0.2000E-04 0.1000E+01
1560 0.4349E+00 0.2526E+03 0.5073E-07 0.8178E+01 0.3756E+05 0.5403E+01  7.212 0.0000 0.2000E-04 0.1000E+01
1565 0.4480E+00 0.2506E+03 0.4904E-07 0.8171E+01 0.3737E+05 0.5415E+01  7.201 0.0000 0.2000E-04 0.1000E+01
1566 0.4500E+00 0.2503E+03 0.4880E-07 0.8169E+01 0.3735E+05 0.5417E+01  7.199 0.0000 0.2000E-04 0.1000E+01
1570 0.4609E+00 0.2487E+03 0.4750E-07 0.8163E+01 0.3720E+05 0.5427E+01  7.191 0.0000 0.2000E-04 0.1000E+01
1575 0.4748E+00 0.2467E+03 0.4592E-07 0.8156E+01 0.3702E+05 0.5440E+01  7.180 0.0000 0.2000E-04 0.1000E+01
1580 0.4891E+00 0.2448E+03 0.4439E-07 0.8148E+01 0.3684E+05 0.5452E+01  7.169 0.0000 0.2000E-04 0.1000E+01
1584 0.5000E+00 0.2433E+03 0.4329E-07 0.8143E+01 0.3670E+05 0.5461E+01  7.161 0.0000 0.2000E-04 0.1000E+01
1585 0.5030E+00 0.2429E+03 0.4300E-07 0.8141E+01 0.3667E+05 0.5464E+01  7.159 0.0000 0.2000E-04 0.1000E+01
1590 0.5182E+00 0.2410E+03 0.4157E-07 0.8134E+01 0.3648E+05 0.5476E+01  7.148 0.0000 0.2000E-04 0.1000E+01
1595 0.5338E+00 0.2391E+03 0.4019E-07 0.8127E+01 0.3630E+05 0.5488E+01  7.137 0.0000 0.2000E-04 0.1000E+01
1600 0.5499E+00 0.2372E+03 0.3886E-07 0.8119E+01 0.3612E+05 0.5501E+01  7.126 0.0000 0.2000E-04 0.1000E+01
1601 0.5500E+00 0.2372E+03 0.3885E-07 0.8119E+01 0.3612E+05 0.5501E+01  7.126 0.0000 0.2000E-04 0.1000E+01
1605 0.5632E+00 0.2357E+03 0.3782E-07 0.8113E+01 0.3598E+05 0.5511E+01  7.117 0.0000 0.2000E-04 0.1000E+01
1610 0.5801E+00 0.2338E+03 0.3657E-07 0.8106E+01 0.3580E+05 0.5523E+01  7.106 0.0000 0.2000E-04 0.1000E+01
1615 0.5976E+00 0.2320E+03 0.3537E-07 0.8099E+01 0.3562E+05 0.5535E+01  7.095 0.0000 0.2000E-04 0.1000E+01
1616 0.6000E+00 0.2317E+03 0.3521E-07 0.8098E+01 0.3560E+05 0.5537E+01  7.094 0.0000 0.2000E-04 0.1000E+01
1620 0.6144E+00 0.2303E+03 0.3428E-07 0.8092E+01 0.3545E+05 0.5547E+01  7.085 0.0000 0.2000E-04 0.1000E+01
1625 0.6328E+00 0.2285E+03 0.3316E-07 0.8085E+01 0.3527E+05 0.5559E+01  7.074 0.0000 0.2000E-04 0.1000E+01
1630 0.6500E+00 0.2268E+03 0.3218E-07 0.8078E+01 0.3511E+05 0.5570E+01  7.065 0.0000 0.2000E-04 0.1000E+01
1630 0.6500E+00 0.2268E+03 0.3218E-07 0.8078E+01 0.3511E+05 0.5570E+01  7.065 0.0000 0.2000E-04 0.1000E+01
1635 0.6694E+00 0.2251E+03 0.3113E-07 0.8071E+01 0.3494E+05 0.5582E+01  7.054 0.0000 0.2000E-04 0.1000E+01
1640 0.6894E+00 0.2233E+03 0.3013E-07 0.8064E+01 0.3476E+05 0.5594E+01  7.043 0.0000 0.2000E-04 0.1000E+01
1643 0.7000E+00 0.2224E+03 0.2962E-07 0.8060E+01 0.3467E+05 0.5601E+01  7.037 0.0000 0.2000E-04 0.1000E+01
1645 0.7083E+00 0.2217E+03 0.2923E-07 0.8057E+01 0.3460E+05 0.5606E+01  7.033 0.0000 0.2000E-04 0.1000E+01
1650 0.7293E+00 0.2200E+03 0.2829E-07 0.8050E+01 0.3442E+05 0.5618E+01  7.022 0.0000 0.2000E-04 0.1000E+01
1655 0.7500E+00 0.2184E+03 0.2742E-07 0.8043E+01 0.3426E+05 0.5629E+01  7.012 0.0000 0.2000E-04 0.1000E+01
1655 0.7500E+00 0.2184E+03 0.2742E-07 0.8043E+01 0.3426E+05 0.5629E+01  7.012 0.0000 0.2000E-04 0.1000E+01
1660 0.7722E+00 0.2167E+03 0.2654E-07 0.8036E+01 0.3408E+05 0.5641E+01  7.001 0.0000 0.2000E-04 0.1000E+01
1665 0.7951E+00 0.2151E+03 0.2570E-07 0.8030E+01 0.3391E+05 0.5654E+01  6.990 0.0000 0.2000E-04 0.1000E+01
1667 0.8000E+00 0.2147E+03 0.2552E-07 0.8028E+01 0.3387E+05 0.5656E+01  6.988 0.0000 0.2000E-04 0.1000E+01
1670 0.8141E+00 0.2137E+03 0.2503E-07 0.8024E+01 0.3377E+05 0.5663E+01  6.981 0.0000 0.2000E-04 0.1000E+01
1675 0.8381E+00 0.2121E+03 0.2424E-07 0.8017E+01 0.3359E+05 0.5675E+01  6.970 0.0000 0.2000E-04 0.1000E+01
1678 0.8500E+00 0.2113E+03 0.2386E-07 0.8014E+01 0.3351E+05 0.5681E+01  6.965 0.0000 0.2000E-04 0.1000E+01
1680 0.8599E+00 0.2107E+03 0.2356E-07 0.8011E+01 0.3344E+05 0.5686E+01  6.960 0.0000 0.2000E-04 0.1000E+01
1685 0.8852E+00 0.2091E+03 0.2281E-07 0.8004E+01 0.3327E+05 0.5698E+01  6.950 0.0000 0.2000E-04 0.1000E+01
1688 0.9000E+00 0.2082E+03 0.2240E-07 0.8000E+01 0.3317E+05 0.5705E+01  6.943 0.0000 0.2000E-04 0.1000E+01
1690 0.9105E+00 0.2076E+03 0.2212E-07 0.7997E+01 0.3310E+05 0.5710E+01  6.939 0.0000 0.2000E-04 0.1000E+01
1695 0.9371E+00 0.2060E+03 0.2142E-07 0.7991E+01 0.3293E+05 0.5722E+01  6.928 0.0000 0.2000E-04 0.1000E+01
1698 0.9500E+00 0.2053E+03 0.2110E-07 0.7988E+01 0.3285E+05 0.5727E+01  6.923 0.0000 0.2000E-04 0.1000E+01
1700 0.9610E+00 0.2047E+03 0.2084E-07 0.7985E+01 0.3278E+05 0.5732E+01  6.919 0.0000 0.2000E-04 0.1000E+01
1705 0.9890E+00 0.2031E+03 0.2019E-07 0.7978E+01 0.3261E+05 0.5744E+01  6.908 0.0000 0.2000E-04 0.1000E+01
1707 0.1000E+01 0.2026E+03 0.1994E-07 0.7976E+01 0.3254E+05 0.5749E+01  6.904 0.0000 0.2000E-04 0.1000E+01
1710 0.1017E+01 0.2016E+03 0.1957E-07 0.7972E+01 0.3244E+05 0.5756E+01  6.897 0.0000 0.2000E-04 0.1000E+01
1715 0.1047E+01 0.2002E+03 0.1896E-07 0.7965E+01 0.3227E+05 0.5768E+01  6.886 0.0000 0.2000E-04 0.1000E+01
1720 0.1077E+01 0.1987E+03 0.1838E-07 0.7958E+01 0.3210E+05 0.5780E+01  6.875 0.0000 0.2000E-04 0.1000E+01
1725 0.1108E+01 0.1972E+03 0.1781E-07 0.7952E+01 0.3193E+05 0.5791E+01  6.864 0.0000 0.2000E-04 0.1000E+01
1730 0.1140E+01 0.1957E+03 0.1726E-07 0.7945E+01 0.3177E+05 0.5803E+01  6.854 0.0000 0.2000E-04 0.1000E+01
1735 0.1173E+01 0.1943E+03 0.1673E-07 0.7939E+01 0.3160E+05 0.5815E+01  6.843 0.0000 0.2000E-04 0.1000E+01
1740 0.1207E+01 0.1929E+03 0.1623E-07 0.7932E+01 0.3143E+05 0.5827E+01  6.832 0.0000 0.2000E-04 0.1000E+01
1745 0.1241E+01 0.1915E+03 0.1573E-07 0.7926E+01 0.3127E+05 0.5838E+01  6.821 0.0000 0.2000E-04 0.1000E+01
1750 0.1277E+01 0.1901E+03 0.1526E-07 0.7920E+01 0.3110E+05 0.5850E+01  6.810 0.0000 0.2000E-04 0.1000E+01
1755 0.1313E+01 0.1887E+03 0.1480E-07 0.7913E+01 0.3094E+05 0.5861E+01  6.799 0.0000 0.2000E-04 0.1000E+01
1760 0.1350E+01 0.1874E+03 0.1436E-07 0.7907E+01 0.3078E+05 0.5873E+01  6.788 0.0000 0.2000E-04 0.1000E+01
1765 0.1388E+01 0.1861E+03 0.1393E-07 0.7901E+01 0.3061E+05 0.5885E+01  6.777 0.0000 0.2000E-04 0.1000E+01
1770 0.1428E+01 0.1847E+03 0.1352E-07 0.7895E+01 0.3045E+05 0.5896E+01  6.767 0.0000 0.2000E-04 0.1000E+01
1775 0.1468E+01 0.1834E+03 0.1312E-07 0.7889E+01 0.3029E+05 0.5908E+01  6.756 0.0000 0.2000E-04 0.1000E+01
1779 0.1500E+01 0.1824E+03 0.1282E-07 0.7884E+01 0.3016E+05 0.5917E+01  6.747 0.0000 0.2000E-04 0.1000E+01
1780 0.1508E+01 0.1822E+03 0.1275E-07 0.7883E+01 0.3013E+05 0.5919E+01  6.745 0.0000 0.2000E-04 0.1000E+01
1785 0.1550E+01 0.1809E+03 0.1238E-07 0.7876E+01 0.2997E+05 0.5930E+01  6.734 0.0000 0.2000E-04 0.1000E+01
1790 0.1594E+01 0.1796E+03 0.1202E-07 0.7870E+01 0.2981E+05 0.5942E+01  6.723 0.0000 0.2000E-04 0.1000E+01
1795 0.1638E+01 0.1784E+03 0.1167E-07 0.7864E+01 0.2965E+05 0.5953E+01  6.712 0.0000 0.2000E-04 0.1000E+01
1800 0.1683E+01 0.1772E+03 0.1134E-07 0.7858E+01 0.2949E+05 0.5964E+01  6.702 0.0000 0.2000E-04 0.1000E+01
1805 0.1730E+01 0.1760E+03 0.1102E-07 0.7852E+01 0.2934E+05 0.5975E+01  6.691 0.0000 0.2000E-04 0.1000E+01
1810 0.1777E+01 0.1748E+03 0.1071E-07 0.7846E+01 0.2918E+05 0.5986E+01  6.680 0.0000 0.2000E-04 0.1000E+01
1815 0.1826E+01 0.1737E+03 0.1041E-07 0.7841E+01 0.2903E+05 0.5998E+01  6.669 0.0000 0.2000E-04 0.1000E+01
1820 0.1875E+01 0.1725E+03 0.1013E-07 0.7835E+01 0.2887E+05 0.6009E+01  6.658 0.0000 0.2000E-04 0.1000E+01
1825 0.1926E+01 0.1714E+03 0.9852E-08 0.7829E+01 0.2872E+05 0.6020E+01  6.647 0.0000 0.2000E-04 0.1000E+01
1830 0.1978E+01 0.1703E+03 0.9585E-08 0.7823E+01 0.2856E+05 0.6031E+01  6.636 0.0000 0.2000E-04 0.1000E+01
1833 0.2000E+01 0.1698E+03 0.9477E-08 0.7821E+01 0.2850E+05 0.6035E+01  6.632 0.0000 0.2000E-04 0.1000E+01
1835 0.2021E+01 0.1694E+03 0.9373E-08 0.7819E+01 0.2844E+05 0.6040E+01  6.627 0.0000 0.2000E-04 0.1000E+01
1840 0.2075E+01 0.1683E+03 0.9123E-08 0.7813E+01 0.2829E+05 0.6050E+01  6.616 0.0000 0.2000E-04 0.1000E+01
1845 0.2131E+01 0.1672E+03 0.8881E-08 0.7807E+01 0.2813E+05 0.6061E+01  6.606 0.0000 0.2000E-04 0.1000E+01
1850 0.2187E+01 0.1662E+03 0.8645E-08 0.7802E+01 0.2798E+05 0.6072E+01  6.595 0.0000 0.2000E-04 0.1000E+01
1855 0.2245E+01 0.1651E+03 0.8419E-08 0.7796E+01 0.2783E+05 0.6083E+01  6.584 0.0000 0.2000E-04 0.1000E+01
1860 0.2304E+01 0.1641E+03 0.8198E-08 0.7791E+01 0.2769E+05 0.6093E+01  6.573 0.0000 0.2000E-04 0.1000E+01
1865 0.2364E+01 0.1631E+03 0.7984E-08 0.7785E+01 0.2754E+05 0.6104E+01  6.562 0.0000 0.2000E-04 0.1000E+01
1870 0.2426E+01 0.1621E+03 0.7777E-08 0.7780E+01 0.2739E+05 0.6115E+01  6.551 0.0000 0.2000E-04 0.1000E+01
1875 0.2489E+01 0.1611E+03 0.7577E-08 0.7774E+01 0.2724E+05 0.6125E+01  6.540 0.0000 0.2000E-04 0.1000E+01
1876 0.2500E+01 0.1609E+03 0.7542E-08 0.7773E+01 0.2722E+05 0.6127E+01  6.538 0.0000 0.2000E-04 0.1000E+01
1880 0.2551E+01 0.1601E+03 0.7387E-08 0.7769E+01 0.2710E+05 0.6136E+01  6.530 0.0000 0.2000E-04 0.1000E+01
1885 0.2617E+01 0.1591E+03 0.7198E-08 0.7763E+01 0.2696E+05 0.6146E+01  6.519 0.0000 0.2000E-04 0.1000E+01
1890 0.2684E+01 0.1582E+03 0.7016E-08 0.7758E+01 0.2681E+05 0.6156E+01  6.508 0.0000 0.2000E-04 0.1000E+01
1895 0.2752E+01 0.1572E+03 0.6838E-08 0.7753E+01 0.2667E+05 0.6167E+01  6.497 0.0000 0.2000E-04 0.1000E+01
1900 0.2821E+01 0.1563E+03 0.6666E-08 0.7747E+01 0.2653E+05 0.6177E+01  6.486 0.0000 0.2000E-04 0.1000E+01
1905 0.2892E+01 0.1553E+03 0.6499E-08 0.7742E+01 0.2639E+05 0.6188E+01  6.475 0.0000 0.2000E-04 0.1000E+01
1910 0.2965E+01 0.1544E+03 0.6337E-08 0.7737E+01 0.2624E+05 0.6198E+01  6.464 0.0000 0.2000E-04 0.1000E+01
1913 0.3000E+01 0.1540E+03 0.6261E-08 0.7734E+01 0.2618E+05 0.6203E+01  6.459 0.0000 0.2000E-04 0.1000E+01
1915 0.3030E+01 0.1536E+03 0.6198E-08 0.7732E+01 0.2612E+05 0.6207E+01  6.455 0.0000 0.2000E-04 0.1000E+01
1920 0.3105E+01 0.1527E+03 0.6044E-08 0.7727E+01 0.2598E+05 0.6217E+01  6.444 0.0000 0.2000E-04 0.1000E+01
1925 0.3181E+01 0.1518E+03 0.5895E-08 0.7722E+01 0.2584E+05 0.6227E+01  6.433 0.0000 0.2000E-04 0.1000E+01
1930 0.3260E+01 0.1509E+03 0.5750E-08 0.7717E+01 0.2571E+05 0.6237E+01  6.422 0.0000 0.2000E-04 0.1000E+01
1935 0.3339E+01 0.1500E+03 0.5609E-08 0.7712E+01 0.2557E+05 0.6247E+01  6.411 0.0000 0.2000E-04 0.1000E+01
1940 0.3421E+01 0.1491E+03 0.5472E-08 0.7707E+01 0.2543E+05 0.6257E+01  6.400 0.0000 0.2000E-04 0.1000E+01
1945 0.3500E+01 0.1483E+03 0.5345E-08 0.7702E+01 0.2530E+05 0.6267E+01  6.390 0.0000 0.2000E-04 0.1000E+01
1945 0.3500E+01 0.1483E+03 0.5345E-08 0.7702E+01 0.2530E+05 0.6267E+01  6.390 0.0000 0.2000E-04 0.1000E+01
1950 0.3585E+01 0.1474E+03 0.5215E-08 0.7697E+01 0.2517E+05 0.6277E+01  6.379 0.0000 0.2000E-04 0.1000E+01
1955 0.3671E+01 0.1466E+03 0.5088E-08 0.7692E+01 0.2503E+05 0.6287E+01  6.368 0.0000 0.2000E-04 0.1000E+01
1960 0.3759E+01 0.1457E+03 0.4965E-08 0.7687E+01 0.2490E+05 0.6296E+01  6.357 0.0000 0.2000E-04 0.1000E+01
1965 0.3848E+01 0.1449E+03 0.4845E-08 0.7682E+01 0.2477E+05 0.6306E+01  6.346 0.0000 0.2000E-04 0.1000E+01
1970 0.3940E+01 0.1441E+03 0.4728E-08 0.7677E+01 0.2463E+05 0.6316E+01  6.336 0.0000 0.2000E-04 0.1000E+01
1974 0.4000E+01 0.1435E+03 0.4654E-08 0.7674E+01 0.2455E+05 0.6322E+01  6.328 0.0000 0.2000E-04 0.1000E+01
1975 0.4019E+01 0.1434E+03 0.4631E-08 0.7673E+01 0.2452E+05 0.6324E+01  6.326 0.0000 0.2000E-04 0.1000E+01
1980 0.4113E+01 0.1425E+03 0.4520E-08 0.7668E+01 0.2439E+05 0.6334E+01  6.315 0.0000 0.2000E-04 0.1000E+01
1985 0.4209E+01 0.1417E+03 0.4411E-08 0.7663E+01 0.2426E+05 0.6344E+01  6.304 0.0000 0.2000E-04 0.1000E+01
1990 0.4308E+01 0.1409E+03 0.4305E-08 0.7659E+01 0.2413E+05 0.6353E+01  6.294 0.0000 0.2000E-04 0.1000E+01
1995 0.4408E+01 0.1401E+03 0.4203E-08 0.7654E+01 0.2400E+05 0.6363E+01  6.283 0.0000 0.2000E-04 0.1000E+01
2000 0.4500E+01 0.1394E+03 0.4112E-08 0.7649E+01 0.2389E+05 0.6372E+01  6.273 0.0000 0.2000E-04 0.1000E+01
2000 0.4500E+01 0.1394E+03 0.4112E-08 0.7649E+01 0.2389E+05 0.6372E+01  6.273 0.0000 0.2000E-04 0.1000E+01
2005 0.4604E+01 0.1386E+03 0.4014E-08 0.7645E+01 0.2376E+05 0.6381E+01  6.262 0.0000 0.2000E-04 0.1000E+01
2010 0.4709E+01 0.1378E+03 0.3919E-08 0.7640E+01 0.2363E+05 0.6391E+01  6.251 0.0000 0.2000E-04 0.1000E+01
2015 0.4817E+01 0.1370E+03 0.3826E-08 0.7635E+01 0.2351E+05 0.6400E+01  6.240 0.0000 0.2000E-04 0.1000E+01
2020 0.4926E+01 0.1362E+03 0.3735E-08 0.7630E+01 0.2338E+05 0.6409E+01  6.229 0.0000 0.2000E-04 0.1000E+01
2024 0.5000E+01 0.1357E+03 0.3677E-08 0.7627E+01 0.2330E+05 0.6416E+01  6.222 0.0000 0.2000E-04 0.1000E+01
2025 0.5022E+01 0.1356E+03 0.3659E-08 0.7626E+01 0.2327E+05 0.6417E+01  6.220 0.0000 0.2000E-04 0.1000E+01
2030 0.5136E+01 0.1348E+03 0.3573E-08 0.7622E+01 0.2315E+05 0.6427E+01  6.209 0.0000 0.2000E-04 0.1000E+01
2035 0.5252E+01 0.1340E+03 0.3489E-08 0.7617E+01 0.2303E+05 0.6436E+01  6.198 0.0000 0.2000E-04 0.1000E+01
2040 0.5370E+01 0.1333E+03 0.3407E-08 0.7612E+01 0.2290E+05 0.6446E+01  6.187 0.0000 0.2000E-04 0.1000E+01
2045 0.5490E+01 0.1325E+03 0.3327E-08 0.7608E+01 0.2278E+05 0.6455E+01  6.176 0.0000 0.2000E-04 0.1000E+01
2046 0.5500E+01 0.1325E+03 0.3320E-08 0.7607E+01 0.2277E+05 0.6456E+01  6.175 0.0000 0.2000E-04 0.1000E+01
2050 0.5598E+01 0.1319E+03 0.3258E-08 0.7604E+01 0.2267E+05 0.6463E+01  6.167 0.0000 0.2000E-04 0.1000E+01
2055 0.5722E+01 0.1311E+03 0.3181E-08 0.7599E+01 0.2255E+05 0.6472E+01  6.156 0.0000 0.2000E-04 0.1000E+01
2060 0.5849E+01 0.1304E+03 0.3106E-08 0.7595E+01 0.2243E+05 0.6481E+01  6.145 0.0000 0.2000E-04 0.1000E+01
2065 0.5978E+01 0.1297E+03 0.3034E-08 0.7590E+01 0.2231E+05 0.6491E+01  6.134 0.0000 0.2000E-04 0.1000E+01
2066 0.6000E+01 0.1296E+03 0.3022E-08 0.7589E+01 0.2229E+05 0.6492E+01  6.132 0.0000 0.2000E-04 0.1000E+01
2070 0.6105E+01 0.1290E+03 0.2965E-08 0.7586E+01 0.2219E+05 0.6499E+01  6.124 0.0000 0.2000E-04 0.1000E+01
2075 0.6239E+01 0.1282E+03 0.2896E-08 0.7581E+01 0.2207E+05 0.6508E+01  6.113 0.0000 0.2000E-04 0.1000E+01
2080 0.6375E+01 0.1275E+03 0.2828E-08 0.7577E+01 0.2196E+05 0.6517E+01  6.102 0.0000 0.2000E-04 0.1000E+01
2085 0.6500E+01 0.1269E+03 0.2768E-08 0.7573E+01 0.2185E+05 0.6526E+01  6.092 0.0000 0.2000E-04 0.1000E+01
2085 0.6500E+01 0.1269E+03 0.2768E-08 0.7573E+01 0.2185E+05 0.6526E+01  6.092 0.0000 0.2000E-04 0.1000E+01
2090 0.6641E+01 0.1262E+03 0.2704E-08 0.7568E+01 0.2173E+05 0.6535E+01  6.081 0.0000 0.2000E-04 0.1000E+01
2095 0.6784E+01 0.1255E+03 0.2641E-08 0.7564E+01 0.2162E+05 0.6543E+01  6.070 0.0000 0.2000E-04 0.1000E+01
2100 0.6931E+01 0.1248E+03 0.2580E-08 0.7559E+01 0.2150E+05 0.6552E+01  6.059 0.0000 0.2000E-04 0.1000E+01
2103 0.7000E+01 0.1244E+03 0.2551E-08 0.7557E+01 0.2145E+05 0.6557E+01  6.054 0.0000 0.2000E-04 0.1000E+01
2105 0.7060E+01 0.1242E+03 0.2528E-08 0.7556E+01 0.2140E+05 0.6560E+01  6.050 0.0000 0.2000E-04 0.1000E+01
2110 0.7211E+01 0.1235E+03 0.2469E-08 0.7551E+01 0.2129E+05 0.6569E+01  6.039 0.0000 0.2000E-04 0.1000E+01
2115 0.7365E+01 0.1228E+03 0.2412E-08 0.7547E+01 0.2117E+05 0.6578E+01  6.028 0.0000 0.2000E-04 0.1000E+01
2120 0.7500E+01 0.1222E+03 0.2363E-08 0.7543E+01 0.2107E+05 0.6585E+01  6.019 0.0000 0.2000E-04 0.1000E+01
2120 0.7500E+01 0.1222E+03 0.2363E-08 0.7543E+01 0.2107E+05 0.6585E+01  6.019 0.0000 0.2000E-04 0.1000E+01
2125 0.7659E+01 0.1215E+03 0.2309E-08 0.7539E+01 0.2096E+05 0.6594E+01  6.008 0.0000 0.2000E-04 0.1000E+01
2130 0.7821E+01 0.1208E+03 0.2255E-08 0.7534E+01 0.2085E+05 0.6603E+01  5.997 0.0000 0.2000E-04 0.1000E+01
2135 0.7984E+01 0.1209E+03 0.2257E-08 0.7530E+01 0.2074E+05 0.6611E+01  5.986 0.0000 0.2000E-04 0.1000E+01
2136 0.8000E+01 0.1209E+03 0.2258E-08 0.7530E+01 0.2073E+05 0.6612E+01  5.985 0.0000 0.2000E-04 0.1000E+01
2140 0.8131E+01 0.1204E+03 0.2216E-08 0.7526E+01 0.2064E+05 0.6619E+01  5.976 0.0000 0.2000E-04 0.1000E+01
2145 0.8297E+01 0.1197E+03 0.2165E-08 0.7522E+01 0.2053E+05 0.6628E+01  5.965 0.0000 0.2000E-04 0.1000E+01
2150 0.8467E+01 0.1191E+03 0.2115E-08 0.7518E+01 0.2042E+05 0.6636E+01  5.954 0.0000 0.2000E-04 0.1000E+01
2151 0.8500E+01 0.1189E+03 0.2106E-08 0.7517E+01 0.2039E+05 0.6638E+01  5.952 0.0000 0.2000E-04 0.1000E+01
2155 0.8638E+01 0.1184E+03 0.2067E-08 0.7513E+01 0.2031E+05 0.6645E+01  5.944 0.0000 0.2000E-04 0.1000E+01
2160 0.8814E+01 0.1178E+03 0.2020E-08 0.7509E+01 0.2020E+05 0.6653E+01  5.933 0.0000 0.2000E-04 0.1000E+01
2165 0.8993E+01 0.1171E+03 0.1971E-08 0.7505E+01 0.2008E+05 0.6662E+01  5.921 0.0000 0.2000E-04 0.1000E+01
2166 0.9000E+01 0.1171E+03 0.1970E-08 0.7505E+01 0.2008E+05 0.6663E+01  5.921 0.0000 0.2000E-04 0.1000E+01
2170 0.9146E+01 0.1165E+03 0.1933E-08 0.7501E+01 0.1999E+05 0.6669E+01  5.912 0.0000 0.2000E-04 0.1000E+01
2175 0.9331E+01 0.1159E+03 0.1889E-08 0.7497E+01 0.1988E+05 0.6678E+01  5.901 0.0000 0.2000E-04 0.1000E+01
2180 0.9500E+01 0.1153E+03 0.1850E-08 0.7493E+01 0.1979E+05 0.6686E+01  5.891 0.0000 0.2000E-04 0.1000E+01
2180 0.9500E+01 0.1153E+03 0.1850E-08 0.7493E+01 0.1979E+05 0.6686E+01  5.891 0.0000 0.2000E-04 0.1000E+01
2185 0.9692E+01 0.1147E+03 0.1807E-08 0.7489E+01 0.1968E+05 0.6694E+01  5.881 0.0000 0.2000E-04 0.1000E+01
2190 0.9887E+01 0.1141E+03 0.1766E-08 0.7485E+01 0.1958E+05 0.6702E+01  5.870 0.0000 0.2000E-04 0.1000E+01
2193 0.1000E+02 0.1137E+03 0.1743E-08 0.7483E+01 0.1952E+05 0.6707E+01  5.863 0.0000 0.2000E-04 0.1000E+01
