 $INPUT
 IMODEL	=             1
 N	=           120
 MINSTP	=             0
 VEOS	=  1.000000000000000
 ILOOP	=             1
 STATIC	=   F
 FRACT	=  2.5000000000000001E-03
 SHINE	=  0.3000000000000000
 SHAVE	=  9.9999999999999995E-08
 POUT	=  5000000.000000000
 AMETH	=             2
 CMETH	=             1
 NOBOND	=             1
 TBEG	=  5.0000000000000004E-06
 TIMEF	=  10.00000000000000
 DTIMEO	=  5.0000000000000003E-02
 STEPO	=  0.5000000000000000
 LCORR	=   T
 LSTART	=   F
 MAXSTP	=          5000
 SPK	=  11.20000000000000
 STARL	=  0.0000000000000000E+00
 DIST	=  10.00000000000000
 ALB	=  0.3500000000000000
 TEFFS	=  5770.000000000000
 LCONV	=   T
 LTRANS	=   T
 LPOUT	=   F
 LFILL	=   F
 LCONT	=   T
 LBURN	=   T
 MAG	=  'O '
 GAM	=  '7X'
 MASS	=  7.596560000000000
 YHEA	=  0.2500000000000000
 YDI	=  2.0000000000000002E-05
 HB	=  1.000000000000000
 $end
 
 
 Gam,Mass,Yhe,Ydi,Dist,starl,alb=  7X   7.597   0.250 0.200E-04 0.100E+02 0.000E+00 0.350E+00
  I  Time(Gyrs) Teff        Lumin      Rad(Gcm)  Tc         Rhoc       S      Ratio  Yd         Yl


   5 0.3730E-05 0.2114E+04 0.1128E-02 0.1742E+02 0.1313E+06 0.1698E+01 11.191 0.0000 0.2000E-04 0.1000E+01
   7 0.0000E+00 0.2113E+04 0.1123E-02 0.1740E+02 0.1314E+06 0.1703E+01 11.187 0.0000 0.2000E-04 0.1000E+01
  10 0.2844E-05 0.2110E+04 0.1112E-02 0.1735E+02 0.1315E+06 0.1713E+01 11.179 0.0000 0.2000E-04 0.1000E+01
  15 0.7657E-05 0.2106E+04 0.1093E-02 0.1726E+02 0.1316E+06 0.1731E+01 11.166 0.0000 0.2000E-04 0.1000E+01
  20 0.1256E-04 0.2103E+04 0.1074E-02 0.1718E+02 0.1318E+06 0.1749E+01 11.153 0.0000 0.2000E-04 0.1000E+01
  25 0.1754E-04 0.2099E+04 0.1056E-02 0.1710E+02 0.1320E+06 0.1767E+01 11.140 0.0000 0.2000E-04 0.1000E+01
  30 0.2262E-04 0.2095E+04 0.1038E-02 0.1702E+02 0.1321E+06 0.1786E+01 11.127 0.0000 0.2000E-04 0.1000E+01
  35 0.2778E-04 0.2091E+04 0.1020E-02 0.1694E+02 0.1323E+06 0.1804E+01 11.114 0.0000 0.2000E-04 0.1000E+01
  40 0.3303E-04 0.2086E+04 0.1003E-02 0.1686E+02 0.1324E+06 0.1823E+01 11.101 0.0000 0.2000E-04 0.1000E+01
  45 0.3839E-04 0.2082E+04 0.9853E-03 0.1678E+02 0.1326E+06 0.1841E+01 11.088 0.0000 0.2000E-04 0.1000E+01
  50 0.4384E-04 0.2078E+04 0.9679E-03 0.1670E+02 0.1327E+06 0.1860E+01 11.075 0.0000 0.2000E-04 0.1000E+01
  55 0.4939E-04 0.2073E+04 0.9507E-03 0.1662E+02 0.1328E+06 0.1879E+01 11.062 0.0000 0.2000E-04 0.1000E+01
  60 0.5505E-04 0.2069E+04 0.9336E-03 0.1654E+02 0.1330E+06 0.1898E+01 11.049 0.0000 0.2000E-04 0.1000E+01
  65 0.6081E-04 0.2064E+04 0.9166E-03 0.1647E+02 0.1331E+06 0.1917E+01 11.036 0.0000 0.2000E-04 0.1000E+01
  70 0.6669E-04 0.2059E+04 0.8998E-03 0.1639E+02 0.1332E+06 0.1936E+01 11.023 0.0000 0.2000E-04 0.1000E+01
  75 0.7267E-04 0.2054E+04 0.8831E-03 0.1632E+02 0.1334E+06 0.1956E+01 11.010 0.0000 0.2000E-04 0.1000E+01
  80 0.7876E-04 0.2049E+04 0.8665E-03 0.1624E+02 0.1335E+06 0.1975E+01 10.997 0.0000 0.2000E-04 0.1000E+01
  85 0.8498E-04 0.2044E+04 0.8502E-03 0.1617E+02 0.1336E+06 0.1995E+01 10.984 0.0000 0.2000E-04 0.1000E+01
  90 0.9131E-04 0.2039E+04 0.8340E-03 0.1610E+02 0.1337E+06 0.2015E+01 10.971 0.0000 0.2000E-04 0.1000E+01
  95 0.9779E-04 0.2034E+04 0.8178E-03 0.1602E+02 0.1338E+06 0.2035E+01 10.958 0.0000 0.2000E-04 0.1000E+01
 100 0.1044E-03 0.2028E+04 0.8018E-03 0.1595E+02 0.1340E+06 0.2055E+01 10.945 0.0000 0.2000E-04 0.1000E+01
 105 0.1111E-03 0.2022E+04 0.7857E-03 0.1588E+02 0.1341E+06 0.2075E+01 10.932 0.0000 0.2000E-04 0.1000E+01
 110 0.1180E-03 0.2017E+04 0.7699E-03 0.1581E+02 0.1342E+06 0.2096E+01 10.919 0.0000 0.2000E-04 0.1000E+01
 115 0.1250E-03 0.2011E+04 0.7541E-03 0.1574E+02 0.1343E+06 0.2116E+01 10.906 0.0000 0.2000E-04 0.1000E+01
 120 0.1322E-03 0.2004E+04 0.7384E-03 0.1567E+02 0.1344E+06 0.2137E+01 10.893 0.0000 0.2000E-04 0.1000E+01
 125 0.1395E-03 0.1998E+04 0.7228E-03 0.1560E+02 0.1345E+06 0.2158E+01 10.880 0.0000 0.2000E-04 0.1000E+01
 130 0.1470E-03 0.1991E+04 0.7071E-03 0.1554E+02 0.1346E+06 0.2179E+01 10.867 0.0000 0.2000E-04 0.1000E+01
 135 0.1546E-03 0.1985E+04 0.6915E-03 0.1547E+02 0.1347E+06 0.2200E+01 10.854 0.0000 0.2000E-04 0.1000E+01
 140 0.1624E-03 0.1978E+04 0.6760E-03 0.1540E+02 0.1348E+06 0.2221E+01 10.841 0.0000 0.2000E-04 0.1000E+01
 145 0.1704E-03 0.1971E+04 0.6606E-03 0.1534E+02 0.1348E+06 0.2243E+01 10.828 0.0000 0.2000E-04 0.1000E+01
 150 0.1786E-03 0.1963E+04 0.6453E-03 0.1527E+02 0.1349E+06 0.2264E+01 10.815 0.0000 0.2000E-04 0.1000E+01
 155 0.1870E-03 0.1956E+04 0.6302E-03 0.1521E+02 0.1350E+06 0.2286E+01 10.803 0.0000 0.2000E-04 0.1000E+01
 160 0.1956E-03 0.1948E+04 0.6153E-03 0.1514E+02 0.1351E+06 0.2308E+01 10.790 0.0000 0.2000E-04 0.1000E+01
 165 0.2044E-03 0.1941E+04 0.6006E-03 0.1508E+02 0.1352E+06 0.2330E+01 10.777 0.0000 0.2000E-04 0.1000E+01
 170 0.2134E-03 0.1933E+04 0.5862E-03 0.1501E+02 0.1352E+06 0.2352E+01 10.764 0.0000 0.2000E-04 0.1000E+01
 175 0.2226E-03 0.1925E+04 0.5721E-03 0.1495E+02 0.1353E+06 0.2374E+01 10.751 0.0000 0.2000E-04 0.1000E+01
 180 0.2321E-03 0.1918E+04 0.5583E-03 0.1489E+02 0.1354E+06 0.2397E+01 10.738 0.0000 0.2000E-04 0.1000E+01
 185 0.2418E-03 0.1910E+04 0.5448E-03 0.1483E+02 0.1354E+06 0.2419E+01 10.725 0.0000 0.2000E-04 0.1000E+01
 190 0.2517E-03 0.1902E+04 0.5316E-03 0.1477E+02 0.1355E+06 0.2442E+01 10.713 0.0000 0.2000E-04 0.1000E+01
 195 0.2618E-03 0.1895E+04 0.5188E-03 0.1471E+02 0.1356E+06 0.2465E+01 10.700 0.0000 0.2000E-04 0.1000E+01
 200 0.2722E-03 0.1887E+04 0.5064E-03 0.1465E+02 0.1356E+06 0.2488E+01 10.687 0.0000 0.2000E-04 0.1000E+01
 205 0.2829E-03 0.1879E+04 0.4943E-03 0.1459E+02 0.1357E+06 0.2511E+01 10.674 0.0000 0.2000E-04 0.1000E+01
 210 0.2938E-03 0.1872E+04 0.4826E-03 0.1453E+02 0.1357E+06 0.2534E+01 10.661 0.0000 0.2000E-04 0.1000E+01
 215 0.3050E-03 0.1865E+04 0.4712E-03 0.1447E+02 0.1358E+06 0.2558E+01 10.649 0.0000 0.2000E-04 0.1000E+01
 220 0.3165E-03 0.1857E+04 0.4603E-03 0.1441E+02 0.1358E+06 0.2581E+01 10.636 0.0000 0.2000E-04 0.1000E+01
 225 0.3282E-03 0.1850E+04 0.4497E-03 0.1435E+02 0.1358E+06 0.2605E+01 10.623 0.0000 0.2000E-04 0.1000E+01
 230 0.3402E-03 0.1843E+04 0.4394E-03 0.1430E+02 0.1359E+06 0.2629E+01 10.610 0.0000 0.2000E-04 0.1000E+01
 235 0.3525E-03 0.1837E+04 0.4296E-03 0.1424E+02 0.1359E+06 0.2653E+01 10.597 0.0000 0.2000E-04 0.1000E+01
 240 0.3650E-03 0.1830E+04 0.4203E-03 0.1418E+02 0.1360E+06 0.2677E+01 10.585 0.0000 0.2000E-04 0.1000E+01
 245 0.3778E-03 0.1824E+04 0.4114E-03 0.1413E+02 0.1360E+06 0.2702E+01 10.572 0.0000 0.2000E-04 0.1000E+01
 250 0.3909E-03 0.1818E+04 0.4029E-03 0.1407E+02 0.1360E+06 0.2726E+01 10.559 0.0000 0.2000E-04 0.1000E+01
 255 0.4042E-03 0.1812E+04 0.3949E-03 0.1402E+02 0.1360E+06 0.2751E+01 10.546 0.0000 0.2000E-04 0.1000E+01
 260 0.4178E-03 0.1807E+04 0.3872E-03 0.1396E+02 0.1361E+06 0.2775E+01 10.534 0.0000 0.2000E-04 0.1000E+01
 265 0.4317E-03 0.1802E+04 0.3798E-03 0.1391E+02 0.1361E+06 0.2800E+01 10.521 0.0000 0.2000E-04 0.1000E+01
 270 0.4458E-03 0.1797E+04 0.3727E-03 0.1386E+02 0.1361E+06 0.2825E+01 10.508 0.0000 0.2000E-04 0.1000E+01
 275 0.4602E-03 0.1792E+04 0.3659E-03 0.1380E+02 0.1361E+06 0.2851E+01 10.495 0.0000 0.2000E-04 0.1000E+01
 280 0.4748E-03 0.1787E+04 0.3592E-03 0.1375E+02 0.1362E+06 0.2876E+01 10.483 0.0000 0.2000E-04 0.1000E+01
 285 0.4897E-03 0.1782E+04 0.3527E-03 0.1370E+02 0.1362E+06 0.2901E+01 10.470 0.0000 0.2000E-04 0.1000E+01
 290 0.5049E-03 0.1778E+04 0.3464E-03 0.1365E+02 0.1362E+06 0.2927E+01 10.457 0.0000 0.2000E-04 0.1000E+01
 295 0.5203E-03 0.1773E+04 0.3404E-03 0.1360E+02 0.1362E+06 0.2953E+01 10.444 0.0000 0.2000E-04 0.1000E+01
 300 0.5360E-03 0.1769E+04 0.3344E-03 0.1355E+02 0.1362E+06 0.2979E+01 10.432 0.0000 0.2000E-04 0.1000E+01
 305 0.5520E-03 0.1764E+04 0.3286E-03 0.1350E+02 0.1362E+06 0.3005E+01 10.419 0.0000 0.2000E-04 0.1000E+01
 310 0.5683E-03 0.1760E+04 0.3230E-03 0.1345E+02 0.1362E+06 0.3031E+01 10.406 0.0000 0.2000E-04 0.1000E+01
 315 0.5848E-03 0.1755E+04 0.3175E-03 0.1340E+02 0.1362E+06 0.3057E+01 10.393 0.0000 0.2000E-04 0.1000E+01
 320 0.6015E-03 0.1751E+04 0.3120E-03 0.1335E+02 0.1362E+06 0.3084E+01 10.381 0.0000 0.2000E-04 0.1000E+01
 325 0.6186E-03 0.1747E+04 0.3067E-03 0.1330E+02 0.1362E+06 0.3110E+01 10.368 0.0000 0.2000E-04 0.1000E+01
 330 0.6359E-03 0.1742E+04 0.3015E-03 0.1325E+02 0.1362E+06 0.3137E+01 10.355 0.0000 0.2000E-04 0.1000E+01
 335 0.6536E-03 0.1738E+04 0.2963E-03 0.1321E+02 0.1362E+06 0.3163E+01 10.343 0.0000 0.2000E-04 0.1000E+01
 340 0.6715E-03 0.1733E+04 0.2912E-03 0.1316E+02 0.1362E+06 0.3190E+01 10.330 0.0000 0.2000E-04 0.1000E+01
 345 0.6898E-03 0.1729E+04 0.2861E-03 0.1311E+02 0.1361E+06 0.3217E+01 10.317 0.0000 0.2000E-04 0.1000E+01
 350 0.7083E-03 0.1724E+04 0.2811E-03 0.1306E+02 0.1361E+06 0.3245E+01 10.305 0.0000 0.2000E-04 0.1000E+01
 355 0.7272E-03 0.1720E+04 0.2761E-03 0.1302E+02 0.1361E+06 0.3272E+01 10.292 0.0000 0.2000E-04 0.1000E+01
 360 0.7464E-03 0.1715E+04 0.2712E-03 0.1297E+02 0.1361E+06 0.3299E+01 10.279 0.0000 0.2000E-04 0.1000E+01
 365 0.7659E-03 0.1710E+04 0.2663E-03 0.1293E+02 0.1360E+06 0.3327E+01 10.267 0.0000 0.2000E-04 0.1000E+01
 370 0.7857E-03 0.1705E+04 0.2615E-03 0.1288E+02 0.1360E+06 0.3354E+01 10.254 0.0000 0.2000E-04 0.1000E+01
 375 0.8060E-03 0.1701E+04 0.2567E-03 0.1284E+02 0.1360E+06 0.3382E+01 10.241 0.0000 0.2000E-04 0.1000E+01
 380 0.8265E-03 0.1696E+04 0.2520E-03 0.1280E+02 0.1360E+06 0.3410E+01 10.229 0.0000 0.2000E-04 0.1000E+01
 385 0.8475E-03 0.1690E+04 0.2473E-03 0.1275E+02 0.1359E+06 0.3438E+01 10.216 0.0000 0.2000E-04 0.1000E+01
 390 0.8688E-03 0.1685E+04 0.2427E-03 0.1271E+02 0.1359E+06 0.3466E+01 10.204 0.0000 0.2000E-04 0.1000E+01
 395 0.8905E-03 0.1680E+04 0.2381E-03 0.1267E+02 0.1358E+06 0.3494E+01 10.191 0.0000 0.2000E-04 0.1000E+01
 400 0.9126E-03 0.1675E+04 0.2335E-03 0.1262E+02 0.1358E+06 0.3523E+01 10.178 0.0000 0.2000E-04 0.1000E+01
 405 0.9351E-03 0.1669E+04 0.2290E-03 0.1258E+02 0.1358E+06 0.3551E+01 10.166 0.0000 0.2000E-04 0.1000E+01
 410 0.9580E-03 0.1664E+04 0.2246E-03 0.1254E+02 0.1357E+06 0.3580E+01 10.153 0.0000 0.2000E-04 0.1000E+01
 415 0.9813E-03 0.1658E+04 0.2201E-03 0.1250E+02 0.1356E+06 0.3608E+01 10.141 0.0000 0.2000E-04 0.1000E+01
 420 0.1005E-02 0.1652E+04 0.2156E-03 0.1246E+02 0.1356E+06 0.3637E+01 10.128 0.0000 0.2000E-04 0.1000E+01
 425 0.1029E-02 0.1647E+04 0.2111E-03 0.1242E+02 0.1355E+06 0.3666E+01 10.115 0.0000 0.2000E-04 0.1000E+01
 430 0.1054E-02 0.1640E+04 0.2067E-03 0.1238E+02 0.1355E+06 0.3695E+01 10.103 0.0000 0.2000E-04 0.1000E+01
 435 0.1079E-02 0.1634E+04 0.2023E-03 0.1234E+02 0.1354E+06 0.3724E+01 10.090 0.0000 0.2000E-04 0.1000E+01
 440 0.1105E-02 0.1628E+04 0.1980E-03 0.1230E+02 0.1353E+06 0.3753E+01 10.078 0.0000 0.2000E-04 0.1000E+01
 445 0.1132E-02 0.1622E+04 0.1937E-03 0.1226E+02 0.1353E+06 0.3783E+01 10.065 0.0000 0.2000E-04 0.1000E+01
 450 0.1158E-02 0.1615E+04 0.1894E-03 0.1222E+02 0.1352E+06 0.3812E+01 10.052 0.0000 0.2000E-04 0.1000E+01
 455 0.1186E-02 0.1609E+04 0.1852E-03 0.1218E+02 0.1351E+06 0.3842E+01 10.040 0.0000 0.2000E-04 0.1000E+01
 460 0.1214E-02 0.1602E+04 0.1809E-03 0.1215E+02 0.1350E+06 0.3871E+01 10.027 0.0000 0.2000E-04 0.1000E+01
 465 0.1243E-02 0.1595E+04 0.1767E-03 0.1211E+02 0.1350E+06 0.3901E+01 10.015 0.0000 0.2000E-04 0.1000E+01
 470 0.1272E-02 0.1588E+04 0.1725E-03 0.1207E+02 0.1349E+06 0.3931E+01 10.002 0.0000 0.2000E-04 0.1000E+01
 475 0.1302E-02 0.1581E+04 0.1683E-03 0.1203E+02 0.1348E+06 0.3961E+01  9.990 0.0000 0.2000E-04 0.1000E+01
 480 0.1333E-02 0.1573E+04 0.1642E-03 0.1200E+02 0.1347E+06 0.3991E+01  9.977 0.0000 0.2000E-04 0.1000E+01
 485 0.1364E-02 0.1566E+04 0.1601E-03 0.1196E+02 0.1346E+06 0.4021E+01  9.965 0.0000 0.2000E-04 0.1000E+01
 490 0.1396E-02 0.1558E+04 0.1560E-03 0.1193E+02 0.1345E+06 0.4051E+01  9.952 0.0000 0.2000E-04 0.1000E+01
 495 0.1430E-02 0.1550E+04 0.1520E-03 0.1189E+02 0.1344E+06 0.4081E+01  9.940 0.0000 0.2000E-04 0.1000E+01
 500 0.1463E-02 0.1542E+04 0.1481E-03 0.1185E+02 0.1343E+06 0.4112E+01  9.927 0.0000 0.2000E-04 0.1000E+01
 505 0.1498E-02 0.1534E+04 0.1442E-03 0.1182E+02 0.1342E+06 0.4142E+01  9.915 0.0000 0.2000E-04 0.1000E+01
 510 0.1534E-02 0.1526E+04 0.1403E-03 0.1178E+02 0.1341E+06 0.4173E+01  9.902 0.0000 0.2000E-04 0.1000E+01
 515 0.1570E-02 0.1518E+04 0.1366E-03 0.1175E+02 0.1340E+06 0.4203E+01  9.890 0.0000 0.2000E-04 0.1000E+01
 520 0.1608E-02 0.1510E+04 0.1328E-03 0.1172E+02 0.1339E+06 0.4234E+01  9.877 0.0000 0.2000E-04 0.1000E+01
 525 0.1646E-02 0.1501E+04 0.1291E-03 0.1168E+02 0.1338E+06 0.4265E+01  9.865 0.0000 0.2000E-04 0.1000E+01
 530 0.1686E-02 0.1492E+04 0.1254E-03 0.1165E+02 0.1337E+06 0.4296E+01  9.852 0.0000 0.2000E-04 0.1000E+01
 535 0.1727E-02 0.1484E+04 0.1218E-03 0.1162E+02 0.1335E+06 0.4327E+01  9.840 0.0000 0.2000E-04 0.1000E+01
 540 0.1769E-02 0.1475E+04 0.1183E-03 0.1158E+02 0.1334E+06 0.4358E+01  9.827 0.0000 0.2000E-04 0.1000E+01
 545 0.1812E-02 0.1466E+04 0.1149E-03 0.1155E+02 0.1333E+06 0.4390E+01  9.815 0.0000 0.2000E-04 0.1000E+01
 550 0.1856E-02 0.1458E+04 0.1116E-03 0.1152E+02 0.1331E+06 0.4421E+01  9.802 0.0000 0.2000E-04 0.1000E+01
 555 0.1902E-02 0.1449E+04 0.1083E-03 0.1149E+02 0.1330E+06 0.4453E+01  9.790 0.0000 0.2000E-04 0.1000E+01
 560 0.1949E-02 0.1441E+04 0.1052E-03 0.1145E+02 0.1329E+06 0.4484E+01  9.777 0.0000 0.2000E-04 0.1000E+01
 565 0.1997E-02 0.1432E+04 0.1022E-03 0.1142E+02 0.1327E+06 0.4516E+01  9.765 0.0000 0.2000E-04 0.1000E+01
 570 0.2046E-02 0.1423E+04 0.9923E-04 0.1139E+02 0.1326E+06 0.4548E+01  9.752 0.0000 0.2000E-04 0.1000E+01
 575 0.2097E-02 0.1415E+04 0.9637E-04 0.1136E+02 0.1324E+06 0.4579E+01  9.740 0.0000 0.2000E-04 0.1000E+01
 580 0.2149E-02 0.1407E+04 0.9362E-04 0.1133E+02 0.1323E+06 0.4611E+01  9.727 0.0000 0.2000E-04 0.1000E+01
 585 0.2203E-02 0.1399E+04 0.9096E-04 0.1130E+02 0.1321E+06 0.4643E+01  9.715 0.0000 0.2000E-04 0.1000E+01
 590 0.2258E-02 0.1390E+04 0.8841E-04 0.1127E+02 0.1320E+06 0.4675E+01  9.702 0.0000 0.2000E-04 0.1000E+01
 595 0.2315E-02 0.1383E+04 0.8597E-04 0.1124E+02 0.1318E+06 0.4707E+01  9.690 0.0000 0.2000E-04 0.1000E+01
 600 0.2373E-02 0.1375E+04 0.8364E-04 0.1121E+02 0.1316E+06 0.4740E+01  9.677 0.0000 0.2000E-04 0.1000E+01
 605 0.2432E-02 0.1368E+04 0.8144E-04 0.1118E+02 0.1315E+06 0.4772E+01  9.665 0.0000 0.2000E-04 0.1000E+01
 610 0.2493E-02 0.1360E+04 0.7932E-04 0.1115E+02 0.1313E+06 0.4804E+01  9.653 0.0000 0.2000E-04 0.1000E+01
 615 0.2556E-02 0.1353E+04 0.7730E-04 0.1112E+02 0.1311E+06 0.4837E+01  9.640 0.0000 0.2000E-04 0.1000E+01
 620 0.2620E-02 0.1347E+04 0.7539E-04 0.1109E+02 0.1310E+06 0.4869E+01  9.628 0.0000 0.2000E-04 0.1000E+01
 625 0.2685E-02 0.1340E+04 0.7359E-04 0.1106E+02 0.1308E+06 0.4902E+01  9.615 0.0000 0.2000E-04 0.1000E+01
 630 0.2752E-02 0.1334E+04 0.7186E-04 0.1104E+02 0.1306E+06 0.4935E+01  9.603 0.0000 0.2000E-04 0.1000E+01
 635 0.2821E-02 0.1328E+04 0.7022E-04 0.1101E+02 0.1304E+06 0.4968E+01  9.590 0.0000 0.2000E-04 0.1000E+01
 640 0.2890E-02 0.1322E+04 0.6863E-04 0.1098E+02 0.1302E+06 0.5000E+01  9.578 0.0000 0.2000E-04 0.1000E+01
 645 0.2962E-02 0.1316E+04 0.6710E-04 0.1095E+02 0.1300E+06 0.5033E+01  9.565 0.0000 0.2000E-04 0.1000E+01
 648 0.3000E-02 0.1313E+04 0.6631E-04 0.1094E+02 0.1299E+06 0.5051E+01  9.559 0.0000 0.2000E-04 0.1000E+01
 650 0.3029E-02 0.1311E+04 0.6572E-04 0.1093E+02 0.1298E+06 0.5064E+01  9.554 0.0000 0.2000E-04 0.1000E+01
 655 0.3103E-02 0.1305E+04 0.6427E-04 0.1090E+02 0.1296E+06 0.5097E+01  9.541 0.0000 0.2000E-04 0.1000E+01
 660 0.3179E-02 0.1300E+04 0.6287E-04 0.1087E+02 0.1294E+06 0.5130E+01  9.529 0.0000 0.2000E-04 0.1000E+01
 665 0.3256E-02 0.1294E+04 0.6149E-04 0.1085E+02 0.1292E+06 0.5164E+01  9.517 0.0000 0.2000E-04 0.1000E+01
 670 0.3335E-02 0.1289E+04 0.6015E-04 0.1082E+02 0.1290E+06 0.5197E+01  9.504 0.0000 0.2000E-04 0.1000E+01
 675 0.3416E-02 0.1283E+04 0.5883E-04 0.1079E+02 0.1288E+06 0.5231E+01  9.492 0.0000 0.2000E-04 0.1000E+01
 680 0.3498E-02 0.1278E+04 0.5753E-04 0.1077E+02 0.1286E+06 0.5264E+01  9.479 0.0000 0.2000E-04 0.1000E+01
 685 0.3582E-02 0.1272E+04 0.5623E-04 0.1074E+02 0.1284E+06 0.5298E+01  9.467 0.0000 0.2000E-04 0.1000E+01
 690 0.3667E-02 0.1266E+04 0.5495E-04 0.1072E+02 0.1282E+06 0.5331E+01  9.454 0.0000 0.2000E-04 0.1000E+01
 695 0.3755E-02 0.1260E+04 0.5370E-04 0.1069E+02 0.1279E+06 0.5365E+01  9.442 0.0000 0.2000E-04 0.1000E+01
 700 0.3844E-02 0.1254E+04 0.5248E-04 0.1067E+02 0.1277E+06 0.5399E+01  9.430 0.0000 0.2000E-04 0.1000E+01
 705 0.3936E-02 0.1249E+04 0.5127E-04 0.1064E+02 0.1275E+06 0.5433E+01  9.417 0.0000 0.2000E-04 0.1000E+01
 710 0.4029E-02 0.1243E+04 0.5009E-04 0.1062E+02 0.1272E+06 0.5467E+01  9.405 0.0000 0.2000E-04 0.1000E+01
 715 0.4124E-02 0.1237E+04 0.4893E-04 0.1059E+02 0.1270E+06 0.5501E+01  9.392 0.0000 0.2000E-04 0.1000E+01
 720 0.4221E-02 0.1231E+04 0.4780E-04 0.1057E+02 0.1268E+06 0.5535E+01  9.380 0.0000 0.2000E-04 0.1000E+01
 725 0.4320E-02 0.1225E+04 0.4668E-04 0.1054E+02 0.1265E+06 0.5569E+01  9.367 0.0000 0.2000E-04 0.1000E+01
 730 0.4421E-02 0.1219E+04 0.4558E-04 0.1052E+02 0.1263E+06 0.5603E+01  9.355 0.0000 0.2000E-04 0.1000E+01
 735 0.4525E-02 0.1213E+04 0.4450E-04 0.1050E+02 0.1260E+06 0.5637E+01  9.343 0.0000 0.2000E-04 0.1000E+01
 740 0.4631E-02 0.1208E+04 0.4343E-04 0.1047E+02 0.1258E+06 0.5672E+01  9.330 0.0000 0.2000E-04 0.1000E+01
 745 0.4739E-02 0.1201E+04 0.4237E-04 0.1045E+02 0.1255E+06 0.5706E+01  9.318 0.0000 0.2000E-04 0.1000E+01
 750 0.4850E-02 0.1195E+04 0.4132E-04 0.1043E+02 0.1252E+06 0.5741E+01  9.305 0.0000 0.2000E-04 0.1000E+01
 755 0.4963E-02 0.1189E+04 0.4029E-04 0.1040E+02 0.1250E+06 0.5775E+01  9.293 0.0000 0.2000E-04 0.1000E+01
 760 0.5079E-02 0.1183E+04 0.3928E-04 0.1038E+02 0.1247E+06 0.5810E+01  9.281 0.0000 0.2000E-04 0.1000E+01
 765 0.5198E-02 0.1177E+04 0.3829E-04 0.1036E+02 0.1244E+06 0.5844E+01  9.268 0.0000 0.2000E-04 0.1000E+01
 770 0.5319E-02 0.1170E+04 0.3732E-04 0.1034E+02 0.1242E+06 0.5879E+01  9.256 0.0000 0.2000E-04 0.1000E+01
 775 0.5443E-02 0.1164E+04 0.3637E-04 0.1031E+02 0.1239E+06 0.5914E+01  9.243 0.0000 0.2000E-04 0.1000E+01
 780 0.5571E-02 0.1158E+04 0.3543E-04 0.1029E+02 0.1236E+06 0.5949E+01  9.231 0.0000 0.2000E-04 0.1000E+01
 785 0.5701E-02 0.1151E+04 0.3451E-04 0.1027E+02 0.1233E+06 0.5984E+01  9.219 0.0000 0.2000E-04 0.1000E+01
 790 0.5835E-02 0.1145E+04 0.3361E-04 0.1025E+02 0.1231E+06 0.6019E+01  9.206 0.0000 0.2000E-04 0.1000E+01
 795 0.5972E-02 0.1139E+04 0.3273E-04 0.1023E+02 0.1228E+06 0.6054E+01  9.194 0.0000 0.2000E-04 0.1000E+01
 800 0.6112E-02 0.1132E+04 0.3185E-04 0.1020E+02 0.1225E+06 0.6089E+01  9.181 0.0000 0.2000E-04 0.1000E+01
 805 0.6256E-02 0.1126E+04 0.3100E-04 0.1018E+02 0.1222E+06 0.6124E+01  9.169 0.0000 0.2000E-04 0.1000E+01
 810 0.6403E-02 0.1119E+04 0.3016E-04 0.1016E+02 0.1219E+06 0.6159E+01  9.157 0.0000 0.2000E-04 0.1000E+01
 815 0.6554E-02 0.1112E+04 0.2934E-04 0.1014E+02 0.1216E+06 0.6194E+01  9.144 0.0000 0.2000E-04 0.1000E+01
 820 0.6709E-02 0.1106E+04 0.2854E-04 0.1012E+02 0.1213E+06 0.6230E+01  9.132 0.0000 0.2000E-04 0.1000E+01
 825 0.6868E-02 0.1099E+04 0.2776E-04 0.1010E+02 0.1210E+06 0.6265E+01  9.120 0.0000 0.2000E-04 0.1000E+01
 830 0.7031E-02 0.1093E+04 0.2699E-04 0.1008E+02 0.1207E+06 0.6301E+01  9.107 0.0000 0.2000E-04 0.1000E+01
 835 0.7198E-02 0.1086E+04 0.2625E-04 0.1006E+02 0.1204E+06 0.6336E+01  9.095 0.0000 0.2000E-04 0.1000E+01
 840 0.7370E-02 0.1080E+04 0.2552E-04 0.1004E+02 0.1200E+06 0.6372E+01  9.082 0.0000 0.2000E-04 0.1000E+01
 845 0.7546E-02 0.1073E+04 0.2481E-04 0.1002E+02 0.1197E+06 0.6407E+01  9.070 0.0000 0.2000E-04 0.1000E+01
 850 0.7726E-02 0.1067E+04 0.2411E-04 0.9999E+01 0.1194E+06 0.6443E+01  9.058 0.0000 0.2000E-04 0.1000E+01
 855 0.7912E-02 0.1060E+04 0.2344E-04 0.9979E+01 0.1191E+06 0.6479E+01  9.045 0.0000 0.2000E-04 0.1000E+01
 860 0.8102E-02 0.1054E+04 0.2277E-04 0.9960E+01 0.1188E+06 0.6515E+01  9.033 0.0000 0.2000E-04 0.1000E+01
 865 0.8297E-02 0.1047E+04 0.2213E-04 0.9940E+01 0.1184E+06 0.6551E+01  9.021 0.0000 0.2000E-04 0.1000E+01
 870 0.8497E-02 0.1041E+04 0.2149E-04 0.9921E+01 0.1181E+06 0.6586E+01  9.008 0.0000 0.2000E-04 0.1000E+01
 875 0.8703E-02 0.1034E+04 0.2088E-04 0.9902E+01 0.1178E+06 0.6622E+01  8.996 0.0000 0.2000E-04 0.1000E+01
 880 0.8914E-02 0.1028E+04 0.2028E-04 0.9883E+01 0.1174E+06 0.6658E+01  8.984 0.0000 0.2000E-04 0.1000E+01
 885 0.9131E-02 0.1021E+04 0.1969E-04 0.9864E+01 0.1171E+06 0.6694E+01  8.971 0.0000 0.2000E-04 0.1000E+01
 890 0.9353E-02 0.1015E+04 0.1912E-04 0.9846E+01 0.1168E+06 0.6730E+01  8.959 0.0000 0.2000E-04 0.1000E+01
 895 0.9582E-02 0.1008E+04 0.1857E-04 0.9827E+01 0.1164E+06 0.6766E+01  8.946 0.0000 0.2000E-04 0.1000E+01
 900 0.9818E-02 0.1002E+04 0.1803E-04 0.9809E+01 0.1161E+06 0.6803E+01  8.934 0.0000 0.2000E-04 0.1000E+01
 905 0.1006E-01 0.9950E+03 0.1750E-04 0.9790E+01 0.1157E+06 0.6839E+01  8.922 0.0000 0.2000E-04 0.1000E+01
 910 0.1031E-01 0.9885E+03 0.1698E-04 0.9772E+01 0.1154E+06 0.6875E+01  8.909 0.0000 0.2000E-04 0.1000E+01
 915 0.1056E-01 0.9819E+03 0.1648E-04 0.9754E+01 0.1150E+06 0.6912E+01  8.897 0.0000 0.2000E-04 0.1000E+01
 920 0.1082E-01 0.9755E+03 0.1599E-04 0.9736E+01 0.1147E+06 0.6948E+01  8.885 0.0000 0.2000E-04 0.1000E+01
 925 0.1109E-01 0.9690E+03 0.1551E-04 0.9719E+01 0.1143E+06 0.6984E+01  8.872 0.0000 0.2000E-04 0.1000E+01
 930 0.1137E-01 0.9625E+03 0.1504E-04 0.9701E+01 0.1140E+06 0.7021E+01  8.860 0.0000 0.2000E-04 0.1000E+01
 935 0.1166E-01 0.9561E+03 0.1459E-04 0.9683E+01 0.1136E+06 0.7057E+01  8.848 0.0000 0.2000E-04 0.1000E+01
 940 0.1195E-01 0.9497E+03 0.1415E-04 0.9666E+01 0.1133E+06 0.7094E+01  8.835 0.0000 0.2000E-04 0.1000E+01
 945 0.1225E-01 0.9432E+03 0.1373E-04 0.9649E+01 0.1129E+06 0.7131E+01  8.823 0.0000 0.2000E-04 0.1000E+01
 950 0.1256E-01 0.9368E+03 0.1331E-04 0.9632E+01 0.1125E+06 0.7167E+01  8.811 0.0000 0.2000E-04 0.1000E+01
 955 0.1288E-01 0.9304E+03 0.1290E-04 0.9615E+01 0.1122E+06 0.7204E+01  8.798 0.0000 0.2000E-04 0.1000E+01
 960 0.1320E-01 0.9241E+03 0.1251E-04 0.9598E+01 0.1118E+06 0.7240E+01  8.786 0.0000 0.2000E-04 0.1000E+01
 965 0.1354E-01 0.9177E+03 0.1213E-04 0.9581E+01 0.1114E+06 0.7277E+01  8.773 0.0000 0.2000E-04 0.1000E+01
 970 0.1389E-01 0.9114E+03 0.1175E-04 0.9564E+01 0.1111E+06 0.7314E+01  8.761 0.0000 0.2000E-04 0.1000E+01
 975 0.1424E-01 0.9050E+03 0.1139E-04 0.9548E+01 0.1107E+06 0.7351E+01  8.749 0.0000 0.2000E-04 0.1000E+01
 980 0.1461E-01 0.8987E+03 0.1103E-04 0.9531E+01 0.1103E+06 0.7387E+01  8.736 0.0000 0.2000E-04 0.1000E+01
 985 0.1499E-01 0.8923E+03 0.1069E-04 0.9515E+01 0.1099E+06 0.7424E+01  8.724 0.0000 0.2000E-04 0.1000E+01
 990 0.1537E-01 0.8859E+03 0.1035E-04 0.9498E+01 0.1096E+06 0.7461E+01  8.712 0.0000 0.2000E-04 0.1000E+01
 995 0.1577E-01 0.8795E+03 0.1002E-04 0.9482E+01 0.1092E+06 0.7498E+01  8.699 0.0000 0.2000E-04 0.1000E+01
1000 0.1619E-01 0.8731E+03 0.9699E-05 0.9466E+01 0.1088E+06 0.7535E+01  8.687 0.0000 0.2000E-04 0.1000E+01
1005 0.1661E-01 0.8667E+03 0.9387E-05 0.9450E+01 0.1084E+06 0.7572E+01  8.675 0.0000 0.2000E-04 0.1000E+01
1010 0.1705E-01 0.8604E+03 0.9084E-05 0.9435E+01 0.1081E+06 0.7609E+01  8.662 0.0000 0.2000E-04 0.1000E+01
1015 0.1749E-01 0.8540E+03 0.8789E-05 0.9419E+01 0.1077E+06 0.7646E+01  8.650 0.0000 0.2000E-04 0.1000E+01
1020 0.1796E-01 0.8477E+03 0.8503E-05 0.9403E+01 0.1073E+06 0.7683E+01  8.638 0.0000 0.2000E-04 0.1000E+01
1025 0.1843E-01 0.8414E+03 0.8226E-05 0.9388E+01 0.1069E+06 0.7720E+01  8.626 0.0000 0.2000E-04 0.1000E+01
1030 0.1893E-01 0.8351E+03 0.7956E-05 0.9373E+01 0.1065E+06 0.7757E+01  8.613 0.0000 0.2000E-04 0.1000E+01
1035 0.1943E-01 0.8288E+03 0.7694E-05 0.9357E+01 0.1061E+06 0.7794E+01  8.601 0.0000 0.2000E-04 0.1000E+01
1040 0.1996E-01 0.8225E+03 0.7440E-05 0.9342E+01 0.1057E+06 0.7831E+01  8.589 0.0000 0.2000E-04 0.1000E+01
1045 0.2050E-01 0.8163E+03 0.7193E-05 0.9327E+01 0.1053E+06 0.7868E+01  8.576 0.0000 0.2000E-04 0.1000E+01
1050 0.2105E-01 0.8100E+03 0.6953E-05 0.9312E+01 0.1050E+06 0.7905E+01  8.564 0.0000 0.2000E-04 0.1000E+01
1055 0.2162E-01 0.8038E+03 0.6721E-05 0.9297E+01 0.1046E+06 0.7942E+01  8.552 0.0000 0.2000E-04 0.1000E+01
1060 0.2221E-01 0.7976E+03 0.6496E-05 0.9282E+01 0.1042E+06 0.7979E+01  8.539 0.0000 0.2000E-04 0.1000E+01
1065 0.2282E-01 0.7915E+03 0.6278E-05 0.9268E+01 0.1038E+06 0.8016E+01  8.527 0.0000 0.2000E-04 0.1000E+01
1070 0.2345E-01 0.7854E+03 0.6067E-05 0.9253E+01 0.1034E+06 0.8053E+01  8.515 0.0000 0.2000E-04 0.1000E+01
1075 0.2409E-01 0.7793E+03 0.5862E-05 0.9239E+01 0.1030E+06 0.8090E+01  8.502 0.0000 0.2000E-04 0.1000E+01
1080 0.2476E-01 0.7732E+03 0.5664E-05 0.9224E+01 0.1026E+06 0.8127E+01  8.490 0.0000 0.2000E-04 0.1000E+01
1085 0.2545E-01 0.7671E+03 0.5471E-05 0.9210E+01 0.1022E+06 0.8164E+01  8.478 0.0000 0.2000E-04 0.1000E+01
1090 0.2616E-01 0.7610E+03 0.5283E-05 0.9196E+01 0.1018E+06 0.8201E+01  8.466 0.0000 0.2000E-04 0.1000E+01
1095 0.2689E-01 0.7549E+03 0.5100E-05 0.9181E+01 0.1014E+06 0.8238E+01  8.453 0.0000 0.2000E-04 0.1000E+01
1100 0.2765E-01 0.7489E+03 0.4923E-05 0.9167E+01 0.1010E+06 0.8275E+01  8.441 0.0000 0.2000E-04 0.1000E+01
1105 0.2843E-01 0.7428E+03 0.4751E-05 0.9153E+01 0.1006E+06 0.8312E+01  8.429 0.0000 0.2000E-04 0.1000E+01
1110 0.2923E-01 0.7368E+03 0.4584E-05 0.9140E+01 0.1002E+06 0.8349E+01  8.417 0.0000 0.2000E-04 0.1000E+01
1115 0.3007E-01 0.7308E+03 0.4423E-05 0.9126E+01 0.9981E+05 0.8386E+01  8.404 0.0000 0.2000E-04 0.1000E+01
1120 0.3092E-01 0.7248E+03 0.4266E-05 0.9112E+01 0.9941E+05 0.8423E+01  8.392 0.0000 0.2000E-04 0.1000E+01
1125 0.3181E-01 0.7188E+03 0.4115E-05 0.9098E+01 0.9900E+05 0.8460E+01  8.380 0.0000 0.2000E-04 0.1000E+01
1130 0.3273E-01 0.7128E+03 0.3968E-05 0.9085E+01 0.9860E+05 0.8497E+01  8.368 0.0000 0.2000E-04 0.1000E+01
1135 0.3368E-01 0.7068E+03 0.3825E-05 0.9071E+01 0.9820E+05 0.8534E+01  8.355 0.0000 0.2000E-04 0.1000E+01
1140 0.3466E-01 0.7009E+03 0.3687E-05 0.9058E+01 0.9780E+05 0.8571E+01  8.343 0.0000 0.2000E-04 0.1000E+01
1145 0.3567E-01 0.6949E+03 0.3553E-05 0.9045E+01 0.9740E+05 0.8608E+01  8.331 0.0000 0.2000E-04 0.1000E+01
1150 0.3672E-01 0.6890E+03 0.3424E-05 0.9031E+01 0.9699E+05 0.8645E+01  8.319 0.0000 0.2000E-04 0.1000E+01
1155 0.3780E-01 0.6832E+03 0.3299E-05 0.9018E+01 0.9659E+05 0.8681E+01  8.306 0.0000 0.2000E-04 0.1000E+01
1160 0.3892E-01 0.6773E+03 0.3178E-05 0.9005E+01 0.9619E+05 0.8718E+01  8.294 0.0000 0.2000E-04 0.1000E+01
1165 0.4008E-01 0.6715E+03 0.3062E-05 0.8992E+01 0.9579E+05 0.8755E+01  8.282 0.0000 0.2000E-04 0.1000E+01
1170 0.4127E-01 0.6657E+03 0.2950E-05 0.8979E+01 0.9539E+05 0.8792E+01  8.270 0.0000 0.2000E-04 0.1000E+01
1175 0.4251E-01 0.6600E+03 0.2841E-05 0.8966E+01 0.9499E+05 0.8829E+01  8.257 0.0000 0.2000E-04 0.1000E+01
1180 0.4379E-01 0.6543E+03 0.2736E-05 0.8953E+01 0.9458E+05 0.8865E+01  8.245 0.0000 0.2000E-04 0.1000E+01
1185 0.4511E-01 0.6485E+03 0.2634E-05 0.8941E+01 0.9418E+05 0.8902E+01  8.233 0.0000 0.2000E-04 0.1000E+01
1190 0.4648E-01 0.6428E+03 0.2535E-05 0.8928E+01 0.9378E+05 0.8939E+01  8.221 0.0000 0.2000E-04 0.1000E+01
1195 0.4789E-01 0.6372E+03 0.2440E-05 0.8916E+01 0.9338E+05 0.8975E+01  8.209 0.0000 0.2000E-04 0.1000E+01
1200 0.4936E-01 0.6315E+03 0.2348E-05 0.8903E+01 0.9298E+05 0.9012E+01  8.196 0.0000 0.2000E-04 0.1000E+01
1203 0.5000E-01 0.6292E+03 0.2310E-05 0.8898E+01 0.9281E+05 0.9028E+01  8.191 0.0000 0.2000E-04 0.1000E+01
1205 0.5061E-01 0.6269E+03 0.2275E-05 0.8893E+01 0.9265E+05 0.9042E+01  8.186 0.0000 0.2000E-04 0.1000E+01
1210 0.5217E-01 0.6213E+03 0.2189E-05 0.8880E+01 0.9225E+05 0.9079E+01  8.174 0.0000 0.2000E-04 0.1000E+01
1215 0.5378E-01 0.6158E+03 0.2106E-05 0.8868E+01 0.9185E+05 0.9115E+01  8.162 0.0000 0.2000E-04 0.1000E+01
1220 0.5545E-01 0.6103E+03 0.2026E-05 0.8856E+01 0.9145E+05 0.9152E+01  8.150 0.0000 0.2000E-04 0.1000E+01
1225 0.5718E-01 0.6048E+03 0.1949E-05 0.8844E+01 0.9105E+05 0.9188E+01  8.138 0.0000 0.2000E-04 0.1000E+01
1230 0.5897E-01 0.5993E+03 0.1874E-05 0.8832E+01 0.9065E+05 0.9224E+01  8.125 0.0000 0.2000E-04 0.1000E+01
1235 0.6082E-01 0.5939E+03 0.1802E-05 0.8820E+01 0.9025E+05 0.9261E+01  8.113 0.0000 0.2000E-04 0.1000E+01
1240 0.6274E-01 0.5885E+03 0.1733E-05 0.8808E+01 0.8985E+05 0.9297E+01  8.101 0.0000 0.2000E-04 0.1000E+01
1245 0.6472E-01 0.5832E+03 0.1667E-05 0.8796E+01 0.8945E+05 0.9333E+01  8.089 0.0000 0.2000E-04 0.1000E+01
1250 0.6678E-01 0.5779E+03 0.1602E-05 0.8784E+01 0.8905E+05 0.9369E+01  8.077 0.0000 0.2000E-04 0.1000E+01
1255 0.6890E-01 0.5726E+03 0.1541E-05 0.8773E+01 0.8866E+05 0.9405E+01  8.065 0.0000 0.2000E-04 0.1000E+01
1258 0.7000E-01 0.5700E+03 0.1511E-05 0.8767E+01 0.8846E+05 0.9423E+01  8.059 0.0000 0.2000E-04 0.1000E+01
1260 0.7089E-01 0.5679E+03 0.1487E-05 0.8762E+01 0.8830E+05 0.9438E+01  8.054 0.0000 0.2000E-04 0.1000E+01
1265 0.7316E-01 0.5627E+03 0.1430E-05 0.8751E+01 0.8791E+05 0.9474E+01  8.042 0.0000 0.2000E-04 0.1000E+01
1270 0.7551E-01 0.5575E+03 0.1374E-05 0.8739E+01 0.8751E+05 0.9510E+01  8.030 0.0000 0.2000E-04 0.1000E+01
1275 0.7794E-01 0.5524E+03 0.1321E-05 0.8728E+01 0.8712E+05 0.9545E+01  8.018 0.0000 0.2000E-04 0.1000E+01
1280 0.8046E-01 0.5474E+03 0.1270E-05 0.8716E+01 0.8672E+05 0.9581E+01  8.005 0.0000 0.2000E-04 0.1000E+01
1285 0.8308E-01 0.5423E+03 0.1221E-05 0.8705E+01 0.8633E+05 0.9617E+01  7.993 0.0000 0.2000E-04 0.1000E+01
1290 0.8578E-01 0.5374E+03 0.1174E-05 0.8694E+01 0.8594E+05 0.9652E+01  7.981 0.0000 0.2000E-04 0.1000E+01
1295 0.8858E-01 0.5324E+03 0.1128E-05 0.8683E+01 0.8555E+05 0.9688E+01  7.969 0.0000 0.2000E-04 0.1000E+01
1300 0.9148E-01 0.5275E+03 0.1085E-05 0.8672E+01 0.8516E+05 0.9724E+01  7.957 0.0000 0.2000E-04 0.1000E+01
1305 0.9448E-01 0.5227E+03 0.1043E-05 0.8661E+01 0.8477E+05 0.9759E+01  7.945 0.0000 0.2000E-04 0.1000E+01
1310 0.9758E-01 0.5179E+03 0.1003E-05 0.8650E+01 0.8438E+05 0.9795E+01  7.933 0.0000 0.2000E-04 0.1000E+01
1314 0.1000E+00 0.5143E+03 0.9732E-06 0.8641E+01 0.8408E+05 0.9821E+01  7.924 0.0000 0.2000E-04 0.1000E+01
1315 0.1006E+00 0.5134E+03 0.9656E-06 0.8639E+01 0.8400E+05 0.9828E+01  7.922 0.0000 0.2000E-04 0.1000E+01
1320 0.1040E+00 0.5087E+03 0.9284E-06 0.8628E+01 0.8362E+05 0.9864E+01  7.910 0.0000 0.2000E-04 0.1000E+01
1325 0.1074E+00 0.5040E+03 0.8926E-06 0.8618E+01 0.8323E+05 0.9899E+01  7.898 0.0000 0.2000E-04 0.1000E+01
1330 0.1110E+00 0.4994E+03 0.8583E-06 0.8607E+01 0.8284E+05 0.9934E+01  7.886 0.0000 0.2000E-04 0.1000E+01
1335 0.1146E+00 0.4948E+03 0.8253E-06 0.8597E+01 0.8245E+05 0.9969E+01  7.874 0.0000 0.2000E-04 0.1000E+01
1340 0.1184E+00 0.4903E+03 0.7936E-06 0.8586E+01 0.8207E+05 0.1000E+02  7.862 0.0000 0.2000E-04 0.1000E+01
1345 0.1224E+00 0.4859E+03 0.7632E-06 0.8576E+01 0.8168E+05 0.1004E+02  7.850 0.0000 0.2000E-04 0.1000E+01
1350 0.1264E+00 0.4814E+03 0.7340E-06 0.8565E+01 0.8130E+05 0.1007E+02  7.838 0.0000 0.2000E-04 0.1000E+01
1355 0.1306E+00 0.4770E+03 0.7058E-06 0.8555E+01 0.8092E+05 0.1011E+02  7.826 0.0000 0.2000E-04 0.1000E+01
1360 0.1350E+00 0.4727E+03 0.6788E-06 0.8545E+01 0.8054E+05 0.1014E+02  7.814 0.0000 0.2000E-04 0.1000E+01
1365 0.1395E+00 0.4683E+03 0.6527E-06 0.8534E+01 0.8015E+05 0.1018E+02  7.802 0.0000 0.2000E-04 0.1000E+01
1370 0.1442E+00 0.4640E+03 0.6275E-06 0.8524E+01 0.7978E+05 0.1021E+02  7.790 0.0000 0.2000E-04 0.1000E+01
1375 0.1490E+00 0.4598E+03 0.6032E-06 0.8514E+01 0.7940E+05 0.1025E+02  7.778 0.0000 0.2000E-04 0.1000E+01
1377 0.1500E+00 0.4589E+03 0.5983E-06 0.8512E+01 0.7932E+05 0.1025E+02  7.776 0.0000 0.2000E-04 0.1000E+01
1380 0.1530E+00 0.4563E+03 0.5842E-06 0.8506E+01 0.7910E+05 0.1027E+02  7.769 0.0000 0.2000E-04 0.1000E+01
1385 0.1581E+00 0.4521E+03 0.5615E-06 0.8496E+01 0.7872E+05 0.1031E+02  7.757 0.0000 0.2000E-04 0.1000E+01
1390 0.1634E+00 0.4479E+03 0.5396E-06 0.8486E+01 0.7835E+05 0.1034E+02  7.745 0.0000 0.2000E-04 0.1000E+01
1395 0.1689E+00 0.4437E+03 0.5185E-06 0.8477E+01 0.7797E+05 0.1038E+02  7.733 0.0000 0.2000E-04 0.1000E+01
1400 0.1746E+00 0.4395E+03 0.4983E-06 0.8467E+01 0.7760E+05 0.1041E+02  7.721 0.0000 0.2000E-04 0.1000E+01
1405 0.1805E+00 0.4354E+03 0.4788E-06 0.8457E+01 0.7723E+05 0.1044E+02  7.709 0.0000 0.2000E-04 0.1000E+01
1410 0.1865E+00 0.4314E+03 0.4602E-06 0.8448E+01 0.7686E+05 0.1048E+02  7.698 0.0000 0.2000E-04 0.1000E+01
1415 0.1928E+00 0.4273E+03 0.4422E-06 0.8438E+01 0.7649E+05 0.1051E+02  7.686 0.0000 0.2000E-04 0.1000E+01
1420 0.1993E+00 0.4234E+03 0.4250E-06 0.8429E+01 0.7612E+05 0.1055E+02  7.674 0.0000 0.2000E-04 0.1000E+01
1421 0.2000E+00 0.4230E+03 0.4233E-06 0.8428E+01 0.7609E+05 0.1055E+02  7.673 0.0000 0.2000E-04 0.1000E+01
1425 0.2054E+00 0.4198E+03 0.4101E-06 0.8420E+01 0.7579E+05 0.1058E+02  7.663 0.0000 0.2000E-04 0.1000E+01
1430 0.2123E+00 0.4159E+03 0.3942E-06 0.8411E+01 0.7543E+05 0.1061E+02  7.652 0.0000 0.2000E-04 0.1000E+01
1435 0.2195E+00 0.4121E+03 0.3790E-06 0.8401E+01 0.7506E+05 0.1064E+02  7.640 0.0000 0.2000E-04 0.1000E+01
1440 0.2269E+00 0.4083E+03 0.3645E-06 0.8392E+01 0.7470E+05 0.1068E+02  7.628 0.0000 0.2000E-04 0.1000E+01
1445 0.2346E+00 0.4045E+03 0.3505E-06 0.8383E+01 0.7433E+05 0.1071E+02  7.616 0.0000 0.2000E-04 0.1000E+01
1450 0.2425E+00 0.4008E+03 0.3371E-06 0.8374E+01 0.7397E+05 0.1074E+02  7.605 0.0000 0.2000E-04 0.1000E+01
1455 0.2500E+00 0.3975E+03 0.3253E-06 0.8366E+01 0.7364E+05 0.1077E+02  7.594 0.0000 0.2000E-04 0.1000E+01
1455 0.2500E+00 0.3975E+03 0.3253E-06 0.8366E+01 0.7364E+05 0.1077E+02  7.594 0.0000 0.2000E-04 0.1000E+01
1460 0.2584E+00 0.3939E+03 0.3130E-06 0.8357E+01 0.7328E+05 0.1080E+02  7.582 0.0000 0.2000E-04 0.1000E+01
1465 0.2672E+00 0.3903E+03 0.3011E-06 0.8348E+01 0.7292E+05 0.1084E+02  7.571 0.0000 0.2000E-04 0.1000E+01
1470 0.2762E+00 0.3867E+03 0.2897E-06 0.8339E+01 0.7257E+05 0.1087E+02  7.559 0.0000 0.2000E-04 0.1000E+01
1475 0.2855E+00 0.3832E+03 0.2787E-06 0.8330E+01 0.7221E+05 0.1090E+02  7.547 0.0000 0.2000E-04 0.1000E+01
1480 0.2951E+00 0.3798E+03 0.2682E-06 0.8321E+01 0.7185E+05 0.1093E+02  7.536 0.0000 0.2000E-04 0.1000E+01
1483 0.3000E+00 0.3780E+03 0.2631E-06 0.8317E+01 0.7168E+05 0.1095E+02  7.530 0.0000 0.2000E-04 0.1000E+01
1485 0.3040E+00 0.3767E+03 0.2591E-06 0.8313E+01 0.7154E+05 0.1096E+02  7.525 0.0000 0.2000E-04 0.1000E+01
1490 0.3142E+00 0.3733E+03 0.2493E-06 0.8305E+01 0.7118E+05 0.1099E+02  7.514 0.0000 0.2000E-04 0.1000E+01
1495 0.3248E+00 0.3699E+03 0.2400E-06 0.8296E+01 0.7083E+05 0.1103E+02  7.502 0.0000 0.2000E-04 0.1000E+01
1500 0.3357E+00 0.3666E+03 0.2310E-06 0.8288E+01 0.7048E+05 0.1106E+02  7.491 0.0000 0.2000E-04 0.1000E+01
1505 0.3469E+00 0.3633E+03 0.2223E-06 0.8279E+01 0.7013E+05 0.1109E+02  7.479 0.0000 0.2000E-04 0.1000E+01
1507 0.3500E+00 0.3624E+03 0.2200E-06 0.8277E+01 0.7004E+05 0.1110E+02  7.476 0.0000 0.2000E-04 0.1000E+01
1510 0.3570E+00 0.3604E+03 0.2151E-06 0.8272E+01 0.6983E+05 0.1112E+02  7.469 0.0000 0.2000E-04 0.1000E+01
1515 0.3694E+00 0.3571E+03 0.2067E-06 0.8263E+01 0.6946E+05 0.1115E+02  7.457 0.0000 0.2000E-04 0.1000E+01
1520 0.3822E+00 0.3537E+03 0.1987E-06 0.8255E+01 0.6910E+05 0.1118E+02  7.445 0.0000 0.2000E-04 0.1000E+01
1525 0.3955E+00 0.3504E+03 0.1909E-06 0.8246E+01 0.6875E+05 0.1122E+02  7.434 0.0000 0.2000E-04 0.1000E+01
1527 0.4000E+00 0.3493E+03 0.1884E-06 0.8243E+01 0.6863E+05 0.1123E+02  7.430 0.0000 0.2000E-04 0.1000E+01
1530 0.4083E+00 0.3474E+03 0.1840E-06 0.8238E+01 0.6841E+05 0.1125E+02  7.422 0.0000 0.2000E-04 0.1000E+01
1535 0.4224E+00 0.3441E+03 0.1769E-06 0.8230E+01 0.6806E+05 0.1128E+02  7.411 0.0000 0.2000E-04 0.1000E+01
1540 0.4371E+00 0.3409E+03 0.1700E-06 0.8221E+01 0.6770E+05 0.1131E+02  7.399 0.0000 0.2000E-04 0.1000E+01
1545 0.4500E+00 0.3381E+03 0.1643E-06 0.8214E+01 0.6740E+05 0.1134E+02  7.389 0.0000 0.2000E-04 0.1000E+01
1545 0.4500E+00 0.3381E+03 0.1643E-06 0.8214E+01 0.6740E+05 0.1134E+02  7.389 0.0000 0.2000E-04 0.1000E+01
1550 0.4655E+00 0.3350E+03 0.1579E-06 0.8206E+01 0.6704E+05 0.1137E+02  7.377 0.0000 0.2000E-04 0.1000E+01
1555 0.4816E+00 0.3318E+03 0.1518E-06 0.8198E+01 0.6669E+05 0.1140E+02  7.365 0.0000 0.2000E-04 0.1000E+01
1560 0.4982E+00 0.3287E+03 0.1459E-06 0.8190E+01 0.6634E+05 0.1143E+02  7.353 0.0000 0.2000E-04 0.1000E+01
1561 0.5000E+00 0.3284E+03 0.1453E-06 0.8189E+01 0.6631E+05 0.1144E+02  7.352 0.0000 0.2000E-04 0.1000E+01
1565 0.5137E+00 0.3259E+03 0.1407E-06 0.8182E+01 0.6603E+05 0.1146E+02  7.342 0.0000 0.2000E-04 0.1000E+01
1570 0.5314E+00 0.3229E+03 0.1353E-06 0.8174E+01 0.6568E+05 0.1149E+02  7.331 0.0000 0.2000E-04 0.1000E+01
1575 0.5489E+00 0.3200E+03 0.1302E-06 0.8166E+01 0.6535E+05 0.1152E+02  7.319 0.0000 0.2000E-04 0.1000E+01
1576 0.5500E+00 0.3198E+03 0.1299E-06 0.8166E+01 0.6533E+05 0.1152E+02  7.319 0.0000 0.2000E-04 0.1000E+01
1580 0.5644E+00 0.3175E+03 0.1260E-06 0.8160E+01 0.6507E+05 0.1155E+02  7.310 0.0000 0.2000E-04 0.1000E+01
1585 0.5830E+00 0.3147E+03 0.1213E-06 0.8152E+01 0.6474E+05 0.1158E+02  7.299 0.0000 0.2000E-04 0.1000E+01
1590 0.6000E+00 0.3122E+03 0.1173E-06 0.8146E+01 0.6445E+05 0.1160E+02  7.289 0.0000 0.2000E-04 0.1000E+01
1590 0.6000E+00 0.3122E+03 0.1173E-06 0.8146E+01 0.6445E+05 0.1160E+02  7.289 0.0000 0.2000E-04 0.1000E+01
1595 0.6197E+00 0.3093E+03 0.1130E-06 0.8138E+01 0.6412E+05 0.1163E+02  7.277 0.0000 0.2000E-04 0.1000E+01
1600 0.6401E+00 0.3066E+03 0.1087E-06 0.8131E+01 0.6380E+05 0.1166E+02  7.266 0.0000 0.2000E-04 0.1000E+01
1603 0.6500E+00 0.3052E+03 0.1068E-06 0.8127E+01 0.6364E+05 0.1168E+02  7.261 0.0000 0.2000E-04 0.1000E+01
1605 0.6584E+00 0.3041E+03 0.1052E-06 0.8124E+01 0.6351E+05 0.1169E+02  7.256 0.0000 0.2000E-04 0.1000E+01
1610 0.6801E+00 0.3014E+03 0.1013E-06 0.8117E+01 0.6319E+05 0.1172E+02  7.245 0.0000 0.2000E-04 0.1000E+01
1615 0.7000E+00 0.2990E+03 0.9790E-07 0.8110E+01 0.6290E+05 0.1174E+02  7.235 0.0000 0.2000E-04 0.1000E+01
1615 0.7000E+00 0.2990E+03 0.9790E-07 0.8110E+01 0.6290E+05 0.1174E+02  7.235 0.0000 0.2000E-04 0.1000E+01
1620 0.7229E+00 0.2963E+03 0.9426E-07 0.8103E+01 0.6258E+05 0.1177E+02  7.224 0.0000 0.2000E-04 0.1000E+01
1625 0.7466E+00 0.2936E+03 0.9075E-07 0.8096E+01 0.6226E+05 0.1180E+02  7.213 0.0000 0.2000E-04 0.1000E+01
1626 0.7500E+00 0.2933E+03 0.9027E-07 0.8095E+01 0.6222E+05 0.1181E+02  7.211 0.0000 0.2000E-04 0.1000E+01
1630 0.7696E+00 0.2912E+03 0.8757E-07 0.8089E+01 0.6196E+05 0.1183E+02  7.203 0.0000 0.2000E-04 0.1000E+01
1635 0.7948E+00 0.2885E+03 0.8431E-07 0.8082E+01 0.6165E+05 0.1186E+02  7.191 0.0000 0.2000E-04 0.1000E+01
1637 0.8000E+00 0.2880E+03 0.8366E-07 0.8081E+01 0.6158E+05 0.1186E+02  7.189 0.0000 0.2000E-04 0.1000E+01
1640 0.8156E+00 0.2864E+03 0.8172E-07 0.8076E+01 0.6139E+05 0.1188E+02  7.182 0.0000 0.2000E-04 0.1000E+01
1645 0.8423E+00 0.2838E+03 0.7867E-07 0.8069E+01 0.6107E+05 0.1191E+02  7.171 0.0000 0.2000E-04 0.1000E+01
1647 0.8500E+00 0.2831E+03 0.7783E-07 0.8067E+01 0.6098E+05 0.1192E+02  7.168 0.0000 0.2000E-04 0.1000E+01
1650 0.8666E+00 0.2815E+03 0.7608E-07 0.8063E+01 0.6080E+05 0.1193E+02  7.162 0.0000 0.2000E-04 0.1000E+01
1655 0.8949E+00 0.2790E+03 0.7324E-07 0.8056E+01 0.6048E+05 0.1196E+02  7.150 0.0000 0.2000E-04 0.1000E+01
1656 0.9000E+00 0.2786E+03 0.7275E-07 0.8055E+01 0.6043E+05 0.1197E+02  7.149 0.0000 0.2000E-04 0.1000E+01
1660 0.9235E+00 0.2765E+03 0.7058E-07 0.8049E+01 0.6018E+05 0.1199E+02  7.140 0.0000 0.2000E-04 0.1000E+01
1665 0.9500E+00 0.2743E+03 0.6826E-07 0.8043E+01 0.5991E+05 0.1201E+02  7.130 0.0000 0.2000E-04 0.1000E+01
1665 0.9500E+00 0.2743E+03 0.6826E-07 0.8043E+01 0.5991E+05 0.1201E+02  7.130 0.0000 0.2000E-04 0.1000E+01
1670 0.9810E+00 0.2719E+03 0.6572E-07 0.8037E+01 0.5960E+05 0.1204E+02  7.119 0.0000 0.2000E-04 0.1000E+01
1673 0.1000E+01 0.2704E+03 0.6426E-07 0.8033E+01 0.5942E+05 0.1206E+02  7.112 0.0000 0.2000E-04 0.1000E+01
1675 0.1013E+01 0.2694E+03 0.6329E-07 0.8030E+01 0.5930E+05 0.1207E+02  7.108 0.0000 0.2000E-04 0.1000E+01
1680 0.1046E+01 0.2670E+03 0.6094E-07 0.8023E+01 0.5899E+05 0.1210E+02  7.097 0.0000 0.2000E-04 0.1000E+01
1685 0.1080E+01 0.2646E+03 0.5869E-07 0.8016E+01 0.5869E+05 0.1212E+02  7.086 0.0000 0.2000E-04 0.1000E+01
1690 0.1115E+01 0.2622E+03 0.5651E-07 0.8010E+01 0.5839E+05 0.1215E+02  7.075 0.0000 0.2000E-04 0.1000E+01
1695 0.1152E+01 0.2599E+03 0.5442E-07 0.8003E+01 0.5809E+05 0.1218E+02  7.064 0.0000 0.2000E-04 0.1000E+01
1700 0.1189E+01 0.2576E+03 0.5242E-07 0.7997E+01 0.5779E+05 0.1221E+02  7.053 0.0000 0.2000E-04 0.1000E+01
1705 0.1228E+01 0.2553E+03 0.5049E-07 0.7990E+01 0.5749E+05 0.1223E+02  7.042 0.0000 0.2000E-04 0.1000E+01
1710 0.1268E+01 0.2530E+03 0.4863E-07 0.7984E+01 0.5720E+05 0.1226E+02  7.031 0.0000 0.2000E-04 0.1000E+01
1715 0.1309E+01 0.2507E+03 0.4684E-07 0.7977E+01 0.5690E+05 0.1229E+02  7.020 0.0000 0.2000E-04 0.1000E+01
1720 0.1352E+01 0.2485E+03 0.4512E-07 0.7971E+01 0.5661E+05 0.1231E+02  7.009 0.0000 0.2000E-04 0.1000E+01
1725 0.1396E+01 0.2463E+03 0.4346E-07 0.7964E+01 0.5632E+05 0.1234E+02  6.998 0.0000 0.2000E-04 0.1000E+01
1730 0.1441E+01 0.2441E+03 0.4187E-07 0.7958E+01 0.5603E+05 0.1237E+02  6.987 0.0000 0.2000E-04 0.1000E+01
1735 0.1488E+01 0.2419E+03 0.4034E-07 0.7952E+01 0.5574E+05 0.1239E+02  6.977 0.0000 0.2000E-04 0.1000E+01
1737 0.1500E+01 0.2414E+03 0.3998E-07 0.7950E+01 0.5567E+05 0.1240E+02  6.974 0.0000 0.2000E-04 0.1000E+01
1740 0.1529E+01 0.2401E+03 0.3910E-07 0.7946E+01 0.5550E+05 0.1241E+02  6.967 0.0000 0.2000E-04 0.1000E+01
1745 0.1579E+01 0.2380E+03 0.3768E-07 0.7940E+01 0.5521E+05 0.1244E+02  6.956 0.0000 0.2000E-04 0.1000E+01
1750 0.1630E+01 0.2359E+03 0.3632E-07 0.7934E+01 0.5492E+05 0.1247E+02  6.946 0.0000 0.2000E-04 0.1000E+01
1755 0.1683E+01 0.2339E+03 0.3501E-07 0.7928E+01 0.5464E+05 0.1249E+02  6.935 0.0000 0.2000E-04 0.1000E+01
1760 0.1737E+01 0.2318E+03 0.3374E-07 0.7922E+01 0.5436E+05 0.1252E+02  6.924 0.0000 0.2000E-04 0.1000E+01
1765 0.1793E+01 0.2298E+03 0.3253E-07 0.7916E+01 0.5408E+05 0.1254E+02  6.913 0.0000 0.2000E-04 0.1000E+01
1770 0.1851E+01 0.2278E+03 0.3137E-07 0.7910E+01 0.5380E+05 0.1257E+02  6.902 0.0000 0.2000E-04 0.1000E+01
1775 0.1911E+01 0.2258E+03 0.3024E-07 0.7904E+01 0.5352E+05 0.1259E+02  6.891 0.0000 0.2000E-04 0.1000E+01
1780 0.1973E+01 0.2238E+03 0.2917E-07 0.7898E+01 0.5324E+05 0.1262E+02  6.880 0.0000 0.2000E-04 0.1000E+01
1783 0.2000E+01 0.2230E+03 0.2872E-07 0.7895E+01 0.5312E+05 0.1263E+02  6.876 0.0000 0.2000E-04 0.1000E+01
1785 0.2025E+01 0.2222E+03 0.2830E-07 0.7893E+01 0.5301E+05 0.1264E+02  6.871 0.0000 0.2000E-04 0.1000E+01
1790 0.2091E+01 0.2203E+03 0.2730E-07 0.7887E+01 0.5274E+05 0.1267E+02  6.860 0.0000 0.2000E-04 0.1000E+01
1795 0.2158E+01 0.2184E+03 0.2634E-07 0.7881E+01 0.5246E+05 0.1269E+02  6.850 0.0000 0.2000E-04 0.1000E+01
1800 0.2228E+01 0.2166E+03 0.2541E-07 0.7875E+01 0.5219E+05 0.1272E+02  6.839 0.0000 0.2000E-04 0.1000E+01
1805 0.2299E+01 0.2148E+03 0.2453E-07 0.7869E+01 0.5192E+05 0.1274E+02  6.828 0.0000 0.2000E-04 0.1000E+01
1810 0.2373E+01 0.2129E+03 0.2368E-07 0.7864E+01 0.5165E+05 0.1276E+02  6.817 0.0000 0.2000E-04 0.1000E+01
1815 0.2449E+01 0.2112E+03 0.2286E-07 0.7858E+01 0.5138E+05 0.1279E+02  6.806 0.0000 0.2000E-04 0.1000E+01
1819 0.2500E+01 0.2100E+03 0.2235E-07 0.7854E+01 0.5120E+05 0.1281E+02  6.799 0.0000 0.2000E-04 0.1000E+01
1820 0.2516E+01 0.2097E+03 0.2219E-07 0.7853E+01 0.5115E+05 0.1281E+02  6.797 0.0000 0.2000E-04 0.1000E+01
1825 0.2596E+01 0.2079E+03 0.2143E-07 0.7847E+01 0.5088E+05 0.1283E+02  6.786 0.0000 0.2000E-04 0.1000E+01
1830 0.2679E+01 0.2062E+03 0.2071E-07 0.7842E+01 0.5061E+05 0.1286E+02  6.775 0.0000 0.2000E-04 0.1000E+01
1835 0.2764E+01 0.2045E+03 0.2002E-07 0.7836E+01 0.5035E+05 0.1288E+02  6.764 0.0000 0.2000E-04 0.1000E+01
1840 0.2852E+01 0.2029E+03 0.1934E-07 0.7831E+01 0.5008E+05 0.1291E+02  6.753 0.0000 0.2000E-04 0.1000E+01
1845 0.2942E+01 0.2013E+03 0.1871E-07 0.7825E+01 0.4982E+05 0.1293E+02  6.742 0.0000 0.2000E-04 0.1000E+01
1849 0.3000E+01 0.2003E+03 0.1832E-07 0.7822E+01 0.4965E+05 0.1295E+02  6.736 0.0000 0.2000E-04 0.1000E+01
1850 0.3019E+01 0.1999E+03 0.1820E-07 0.7820E+01 0.4960E+05 0.1295E+02  6.733 0.0000 0.2000E-04 0.1000E+01
1855 0.3114E+01 0.1983E+03 0.1760E-07 0.7815E+01 0.4934E+05 0.1298E+02  6.723 0.0000 0.2000E-04 0.1000E+01
1860 0.3212E+01 0.1968E+03 0.1704E-07 0.7810E+01 0.4908E+05 0.1300E+02  6.712 0.0000 0.2000E-04 0.1000E+01
1865 0.3312E+01 0.1953E+03 0.1650E-07 0.7804E+01 0.4882E+05 0.1302E+02  6.701 0.0000 0.2000E-04 0.1000E+01
1870 0.3416E+01 0.1938E+03 0.1598E-07 0.7799E+01 0.4856E+05 0.1305E+02  6.690 0.0000 0.2000E-04 0.1000E+01
1874 0.3500E+01 0.1927E+03 0.1559E-07 0.7795E+01 0.4835E+05 0.1307E+02  6.681 0.0000 0.2000E-04 0.1000E+01
1875 0.3521E+01 0.1924E+03 0.1549E-07 0.7793E+01 0.4830E+05 0.1307E+02  6.679 0.0000 0.2000E-04 0.1000E+01
1880 0.3631E+01 0.1909E+03 0.1502E-07 0.7788E+01 0.4805E+05 0.1309E+02  6.668 0.0000 0.2000E-04 0.1000E+01
1885 0.3742E+01 0.1895E+03 0.1456E-07 0.7783E+01 0.4779E+05 0.1312E+02  6.657 0.0000 0.2000E-04 0.1000E+01
1890 0.3857E+01 0.1882E+03 0.1413E-07 0.7778E+01 0.4753E+05 0.1314E+02  6.646 0.0000 0.2000E-04 0.1000E+01
1895 0.3974E+01 0.1869E+03 0.1372E-07 0.7772E+01 0.4728E+05 0.1316E+02  6.635 0.0000 0.2000E-04 0.1000E+01
1897 0.4000E+01 0.1866E+03 0.1363E-07 0.7771E+01 0.4723E+05 0.1317E+02  6.633 0.0000 0.2000E-04 0.1000E+01
1900 0.4072E+01 0.1858E+03 0.1339E-07 0.7768E+01 0.4707E+05 0.1318E+02  6.626 0.0000 0.2000E-04 0.1000E+01
1905 0.4195E+01 0.1845E+03 0.1300E-07 0.7763E+01 0.4682E+05 0.1321E+02  6.615 0.0000 0.2000E-04 0.1000E+01
1910 0.4320E+01 0.1832E+03 0.1263E-07 0.7758E+01 0.4657E+05 0.1323E+02  6.604 0.0000 0.2000E-04 0.1000E+01
1915 0.4448E+01 0.1820E+03 0.1228E-07 0.7753E+01 0.4632E+05 0.1325E+02  6.594 0.0000 0.2000E-04 0.1000E+01
1917 0.4500E+01 0.1815E+03 0.1214E-07 0.7751E+01 0.4622E+05 0.1326E+02  6.589 0.0000 0.2000E-04 0.1000E+01
1920 0.4579E+01 0.1808E+03 0.1194E-07 0.7748E+01 0.4607E+05 0.1327E+02  6.583 0.0000 0.2000E-04 0.1000E+01
1925 0.4713E+01 0.1796E+03 0.1161E-07 0.7743E+01 0.4583E+05 0.1330E+02  6.572 0.0000 0.2000E-04 0.1000E+01
1930 0.4850E+01 0.1784E+03 0.1129E-07 0.7738E+01 0.4558E+05 0.1332E+02  6.561 0.0000 0.2000E-04 0.1000E+01
1935 0.4991E+01 0.1772E+03 0.1098E-07 0.7733E+01 0.4534E+05 0.1334E+02  6.550 0.0000 0.2000E-04 0.1000E+01
1936 0.5000E+01 0.1771E+03 0.1096E-07 0.7733E+01 0.4532E+05 0.1334E+02  6.549 0.0000 0.2000E-04 0.1000E+01
1940 0.5114E+01 0.1762E+03 0.1073E-07 0.7729E+01 0.4513E+05 0.1336E+02  6.541 0.0000 0.2000E-04 0.1000E+01
1945 0.5260E+01 0.1751E+03 0.1044E-07 0.7724E+01 0.4488E+05 0.1338E+02  6.530 0.0000 0.2000E-04 0.1000E+01
1950 0.5409E+01 0.1740E+03 0.1016E-07 0.7719E+01 0.4464E+05 0.1341E+02  6.519 0.0000 0.2000E-04 0.1000E+01
1953 0.5500E+01 0.1733E+03 0.1000E-07 0.7716E+01 0.4450E+05 0.1342E+02  6.512 0.0000 0.2000E-04 0.1000E+01
1955 0.5561E+01 0.1729E+03 0.9899E-08 0.7714E+01 0.4440E+05 0.1343E+02  6.508 0.0000 0.2000E-04 0.1000E+01
1960 0.5717E+01 0.1718E+03 0.9640E-08 0.7710E+01 0.4416E+05 0.1345E+02  6.497 0.0000 0.2000E-04 0.1000E+01
1965 0.5876E+01 0.1707E+03 0.9390E-08 0.7705E+01 0.4392E+05 0.1347E+02  6.486 0.0000 0.2000E-04 0.1000E+01
1969 0.6000E+01 0.1699E+03 0.9204E-08 0.7701E+01 0.4374E+05 0.1349E+02  6.478 0.0000 0.2000E-04 0.1000E+01
1970 0.6033E+01 0.1697E+03 0.9156E-08 0.7700E+01 0.4369E+05 0.1349E+02  6.476 0.0000 0.2000E-04 0.1000E+01
1975 0.6198E+01 0.1686E+03 0.8921E-08 0.7696E+01 0.4346E+05 0.1351E+02  6.465 0.0000 0.2000E-04 0.1000E+01
1980 0.6367E+01 0.1676E+03 0.8693E-08 0.7691E+01 0.4322E+05 0.1353E+02  6.454 0.0000 0.2000E-04 0.1000E+01
1984 0.6500E+01 0.1668E+03 0.8523E-08 0.7688E+01 0.4304E+05 0.1355E+02  6.445 0.0000 0.2000E-04 0.1000E+01
1985 0.6535E+01 0.1666E+03 0.8480E-08 0.7687E+01 0.4300E+05 0.1356E+02  6.443 0.0000 0.2000E-04 0.1000E+01
1990 0.6711E+01 0.1656E+03 0.8267E-08 0.7682E+01 0.4276E+05 0.1358E+02  6.432 0.0000 0.2000E-04 0.1000E+01
1995 0.6890E+01 0.1646E+03 0.8060E-08 0.7678E+01 0.4253E+05 0.1360E+02  6.422 0.0000 0.2000E-04 0.1000E+01
1999 0.7000E+01 0.1640E+03 0.7938E-08 0.7675E+01 0.4239E+05 0.1361E+02  6.415 0.0000 0.2000E-04 0.1000E+01
2000 0.7037E+01 0.1636E+03 0.7860E-08 0.7673E+01 0.4233E+05 0.1362E+02  6.411 0.0000 0.2000E-04 0.1000E+01
2005 0.7223E+01 0.1628E+03 0.7685E-08 0.7669E+01 0.4210E+05 0.1364E+02  6.401 0.0000 0.2000E-04 0.1000E+01
2010 0.7414E+01 0.1618E+03 0.7495E-08 0.7664E+01 0.4187E+05 0.1366E+02  6.390 0.0000 0.2000E-04 0.1000E+01
2013 0.7500E+01 0.1614E+03 0.7412E-08 0.7662E+01 0.4177E+05 0.1367E+02  6.385 0.0000 0.2000E-04 0.1000E+01
2015 0.7578E+01 0.1610E+03 0.7338E-08 0.7661E+01 0.4168E+05 0.1368E+02  6.381 0.0000 0.2000E-04 0.1000E+01
2020 0.7775E+01 0.1600E+03 0.7159E-08 0.7656E+01 0.4145E+05 0.1370E+02  6.370 0.0000 0.2000E-04 0.1000E+01
2025 0.7976E+01 0.1591E+03 0.6985E-08 0.7652E+01 0.4122E+05 0.1372E+02  6.359 0.0000 0.2000E-04 0.1000E+01
2026 0.8000E+01 0.1590E+03 0.6964E-08 0.7651E+01 0.4120E+05 0.1372E+02  6.358 0.0000 0.2000E-04 0.1000E+01
2030 0.8164E+01 0.1582E+03 0.6829E-08 0.7648E+01 0.4102E+05 0.1374E+02  6.349 0.0000 0.2000E-04 0.1000E+01
2035 0.8372E+01 0.1573E+03 0.6663E-08 0.7644E+01 0.4080E+05 0.1376E+02  6.338 0.0000 0.2000E-04 0.1000E+01
2039 0.8500E+01 0.1568E+03 0.6566E-08 0.7641E+01 0.4066E+05 0.1377E+02  6.331 0.0000 0.2000E-04 0.1000E+01
2040 0.8542E+01 0.1565E+03 0.6526E-08 0.7640E+01 0.4061E+05 0.1377E+02  6.329 0.0000 0.2000E-04 0.1000E+01
2045 0.8758E+01 0.1556E+03 0.6373E-08 0.7636E+01 0.4039E+05 0.1379E+02  6.318 0.0000 0.2000E-04 0.1000E+01
2050 0.8978E+01 0.1548E+03 0.6221E-08 0.7631E+01 0.4017E+05 0.1381E+02  6.307 0.0000 0.2000E-04 0.1000E+01
2051 0.9000E+01 0.1547E+03 0.6206E-08 0.7631E+01 0.4015E+05 0.1382E+02  6.306 0.0000 0.2000E-04 0.1000E+01
2055 0.9179E+01 0.1540E+03 0.6087E-08 0.7628E+01 0.3998E+05 0.1383E+02  6.297 0.0000 0.2000E-04 0.1000E+01
2060 0.9407E+01 0.1531E+03 0.5942E-08 0.7623E+01 0.3976E+05 0.1385E+02  6.287 0.0000 0.2000E-04 0.1000E+01
2063 0.9500E+01 0.1527E+03 0.5885E-08 0.7622E+01 0.3967E+05 0.1386E+02  6.282 0.0000 0.2000E-04 0.1000E+01
2065 0.9593E+01 0.1524E+03 0.5826E-08 0.7620E+01 0.3958E+05 0.1387E+02  6.278 0.0000 0.2000E-04 0.1000E+01
2070 0.9828E+01 0.1515E+03 0.5688E-08 0.7616E+01 0.3937E+05 0.1389E+02  6.267 0.0000 0.2000E-04 0.1000E+01
2074 0.1000E+02 0.1509E+03 0.5591E-08 0.7613E+01 0.3921E+05 0.1390E+02  6.259 0.0000 0.2000E-04 0.1000E+01
