 $INPUT
 IMODEL	=             1
 N	=           120
 MINSTP	=             0
 VEOS	=  1.000000000000000
 ILOOP	=             1
 STATIC	=   F
 FRACT	=  2.5000000000000001E-03
 SHINE	=  0.3000000000000000
 SHAVE	=  9.9999999999999995E-08
 POUT	=  5000000.000000000
 AMETH	=             2
 CMETH	=             1
 NOBOND	=             1
 TBEG	=  5.0000000000000004E-06
 TIMEF	=  5.000000000000000
 DTIMEO	=  5.0000000000000003E-02
 STEPO	=  0.5000000000000000
 LCORR	=   T
 LSTART	=   F
 MAXSTP	=          5000
 SPK	=  10.93200000000000
 STARL	=  0.0000000000000000E+00
 DIST	=  5.200000000000000
 ALB	=  0.3500000000000000
 TEFFS	=  5770.000000000000
 LCONV	=   T
 LTRANS	=   T
 LPOUT	=   F
 LFILL	=   F
 LCONT	=   T
 LBURN	=   T
 MAG	=  'O '
 GAM	=  '7X'
 MASS	=  1.101501000000000
 YHEA	=  0.2500000000000000
 YDI	=  2.0000000000000002E-05
 HB	=  1.000000000000000
 $end

 Gam,Mass,Yhe,Ydi,Dist,starl,alb=  7X   1.102   0.250 0.200E-04 0.520E+01 0.000E+00 0.350E+00
  I  Time(Gyrs) Teff        Lumin      Rad(Gcm)  Tc         Rhoc       S      Ratio  Yd         Yl


   5 0.0000E+00 0.4301E+02 0.1481E-07 0.1524E+03 0.1228E+05 0.1747E-01 10.932 0.0000 0.2000E-04 0.1000E+01
  10 0.2994E-04 0.4316E+02 0.1501E-07 0.1524E+03 0.1228E+05 0.1748E-01 10.932 0.0000 0.2000E-04 0.1000E+01
  15 0.6557E-04 0.4383E+02 0.1592E-07 0.1522E+03 0.1229E+05 0.1750E-01 10.932 0.0000 0.2000E-04 0.1000E+01
  20 0.1016E-03 0.4454E+02 0.1694E-07 0.1520E+03 0.1229E+05 0.1752E-01 10.932 0.0000 0.2000E-04 0.1000E+01
  25 0.1365E-03 0.4524E+02 0.1799E-07 0.1518E+03 0.1230E+05 0.1755E-01 10.932 0.0000 0.2000E-04 0.1000E+01
  30 0.1745E-03 0.4602E+02 0.1922E-07 0.1516E+03 0.1231E+05 0.1757E-01 10.932 0.0000 0.2000E-04 0.1000E+01
  35 0.2515E-03 0.4709E+02 0.2099E-07 0.1512E+03 0.1232E+05 0.1763E-01 10.931 0.0000 0.2000E-04 0.1000E+01
  40 0.4087E-03 0.5437E+02 0.3639E-07 0.1495E+03 0.1238E+05 0.1786E-01 10.930 0.0000 0.2000E-04 0.1000E+01
  45 0.4309E-03 0.5522E+02 0.3861E-07 0.1493E+03 0.1239E+05 0.1789E-01 10.930 0.0000 0.2000E-04 0.1000E+01
  50 0.4592E-03 0.5627E+02 0.4149E-07 0.1490E+03 0.1240E+05 0.1793E-01 10.930 0.0000 0.2000E-04 0.1000E+01
  55 0.4755E-03 0.5743E+02 0.4484E-07 0.1488E+03 0.1241E+05 0.1797E-01 10.930 0.0000 0.2000E-04 0.1000E+01
  60 0.4927E-03 0.5832E+02 0.4753E-07 0.1485E+03 0.1242E+05 0.1800E-01 10.930 0.0000 0.2000E-04 0.1000E+01
  65 0.5114E-03 0.5926E+02 0.5053E-07 0.1483E+03 0.1243E+05 0.1804E-01 10.929 0.0000 0.2000E-04 0.1000E+01
  70 0.5300E-03 0.6019E+02 0.5359E-07 0.1481E+03 0.1244E+05 0.1807E-01 10.929 0.0000 0.2000E-04 0.1000E+01
  75 0.5544E-03 0.6138E+02 0.5771E-07 0.1478E+03 0.1245E+05 0.1811E-01 10.929 0.0000 0.2000E-04 0.1000E+01
  80 0.5707E-03 0.6233E+02 0.6118E-07 0.1475E+03 0.1246E+05 0.1814E-01 10.929 0.0000 0.2000E-04 0.1000E+01
  85 0.5890E-03 0.6334E+02 0.6501E-07 0.1473E+03 0.1247E+05 0.1818E-01 10.929 0.0000 0.2000E-04 0.1000E+01
  90 0.6091E-03 0.9703E+02 0.3190E-06 0.1390E+03 0.1279E+05 0.1945E-01 10.922 0.0000 0.2000E-04 0.1000E+01
  95 0.6235E-03 0.9952E+02 0.3501E-06 0.1384E+03 0.1281E+05 0.1955E-01 10.922 0.0000 0.2000E-04 0.1000E+01
 100 0.6429E-03 0.1070E+03 0.4553E-06 0.1368E+03 0.1288E+05 0.1983E-01 10.920 0.0000 0.2000E-04 0.1000E+01
 105 0.6754E-03 0.1260E+03 0.8222E-06 0.1325E+03 0.1306E+05 0.2059E-01 10.915 0.0000 0.2000E-04 0.1000E+01
 110 0.6929E-03 0.1380E+03 0.1132E-05 0.1297E+03 0.1318E+05 0.2114E-01 10.912 0.0000 0.2000E-04 0.1000E+01
 115 0.7074E-03 0.1508E+03 0.1547E-05 0.1267E+03 0.1331E+05 0.2173E-01 10.909 0.0000 0.2000E-04 0.1000E+01
 120 0.7176E-03 0.1604E+03 0.1910E-05 0.1247E+03 0.1341E+05 0.2217E-01 10.906 0.0000 0.2000E-04 0.1000E+01
 125 0.7199E-03 0.1616E+03 0.1961E-05 0.1243E+03 0.1343E+05 0.2226E-01 10.905 0.0000 0.2000E-04 0.1000E+01
 130 0.7221E-03 0.1533E+03 0.1634E-05 0.1249E+03 0.1340E+05 0.2211E-01 10.908 0.0000 0.2000E-04 0.1000E+01
 135 0.7248E-03 0.1593E+03 0.1869E-05 0.1246E+03 0.1341E+05 0.2219E-01 10.906 0.0000 0.2000E-04 0.1000E+01
 140 0.7262E-03 0.1604E+03 0.1913E-05 0.1245E+03 0.1342E+05 0.2220E-01 10.906 0.0000 0.2000E-04 0.1000E+01
 145 0.7278E-03 0.1620E+03 0.1976E-05 0.1244E+03 0.1342E+05 0.2222E-01 10.905 0.0000 0.2000E-04 0.1000E+01
 150 0.7325E-03 0.1658E+03 0.2143E-05 0.1234E+03 0.1347E+05 0.2246E-01 10.904 0.0000 0.2000E-04 0.1000E+01
 155 0.7344E-03 0.1682E+03 0.2248E-05 0.1228E+03 0.1350E+05 0.2257E-01 10.903 0.0000 0.2000E-04 0.1000E+01
 160 0.7380E-03 0.1720E+03 0.2425E-05 0.1220E+03 0.1354E+05 0.2276E-01 10.902 0.0000 0.2000E-04 0.1000E+01
 165 0.7399E-03 0.1745E+03 0.2548E-05 0.1215E+03 0.1356E+05 0.2288E-01 10.901 0.0000 0.2000E-04 0.1000E+01
 170 0.7424E-03 0.1774E+03 0.2697E-05 0.1208E+03 0.1359E+05 0.2303E-01 10.901 0.0000 0.2000E-04 0.1000E+01
 175 0.7441E-03 0.1797E+03 0.2816E-05 0.1203E+03 0.1362E+05 0.2315E-01 10.900 0.0000 0.2000E-04 0.1000E+01
 180 0.7462E-03 0.1830E+03 0.2990E-05 0.1197E+03 0.1365E+05 0.2331E-01 10.899 0.0000 0.2000E-04 0.1000E+01
 185 0.7478E-03 0.1854E+03 0.3124E-05 0.1192E+03 0.1368E+05 0.2343E-01 10.898 0.0000 0.2000E-04 0.1000E+01
 190 0.7492E-03 0.1833E+03 0.3006E-05 0.1196E+03 0.1366E+05 0.2332E-01 10.899 0.0000 0.2000E-04 0.1000E+01
 195 0.7502E-03 0.1832E+03 0.3003E-05 0.1195E+03 0.1366E+05 0.2335E-01 10.899 0.0000 0.2000E-04 0.1000E+01
 200 0.7519E-03 0.1860E+03 0.3156E-05 0.1190E+03 0.1368E+05 0.2347E-01 10.898 0.0000 0.2000E-04 0.1000E+01
 205 0.7536E-03 0.1889E+03 0.3328E-05 0.1184E+03 0.1372E+05 0.2362E-01 10.897 0.0000 0.2000E-04 0.1000E+01
 210 0.7577E-03 0.2263E+03 0.5993E-05 0.1107E+03 0.1413E+05 0.2568E-01 10.883 0.0000 0.2000E-04 0.1000E+01
 215 0.7589E-03 0.2292E+03 0.6240E-05 0.1102E+03 0.1416E+05 0.2585E-01 10.882 0.0000 0.2000E-04 0.1000E+01
 220 0.7603E-03 0.2328E+03 0.6551E-05 0.1095E+03 0.1420E+05 0.2606E-01 10.880 0.0000 0.2000E-04 0.1000E+01
 225 0.7615E-03 0.2358E+03 0.6827E-05 0.1089E+03 0.1423E+05 0.2624E-01 10.879 0.0000 0.2000E-04 0.1000E+01
 230 0.7627E-03 0.2388E+03 0.7109E-05 0.1083E+03 0.1427E+05 0.2642E-01 10.878 0.0000 0.2000E-04 0.1000E+01
 235 0.7647E-03 0.2443E+03 0.7626E-05 0.1073E+03 0.1433E+05 0.2674E-01 10.876 0.0000 0.2000E-04 0.1000E+01
 240 0.7659E-03 0.2475E+03 0.7952E-05 0.1066E+03 0.1436E+05 0.2694E-01 10.875 0.0000 0.2000E-04 0.1000E+01
 245 0.7670E-03 0.2508E+03 0.8278E-05 0.1060E+03 0.1440E+05 0.2714E-01 10.873 0.0000 0.2000E-04 0.1000E+01
 250 0.7681E-03 0.2540E+03 0.8610E-05 0.1054E+03 0.1444E+05 0.2734E-01 10.872 0.0000 0.2000E-04 0.1000E+01
 255 0.7691E-03 0.2572E+03 0.8956E-05 0.1048E+03 0.1448E+05 0.2755E-01 10.870 0.0000 0.2000E-04 0.1000E+01
 260 0.7702E-03 0.2606E+03 0.9317E-05 0.1042E+03 0.1451E+05 0.2776E-01 10.869 0.0000 0.2000E-04 0.1000E+01
 265 0.7712E-03 0.2638E+03 0.9671E-05 0.1036E+03 0.1455E+05 0.2798E-01 10.868 0.0000 0.2000E-04 0.1000E+01
 270 0.7723E-03 0.2673E+03 0.1007E-04 0.1029E+03 0.1459E+05 0.2821E-01 10.866 0.0000 0.2000E-04 0.1000E+01
 275 0.7734E-03 0.2710E+03 0.1050E-04 0.1022E+03 0.1464E+05 0.2845E-01 10.864 0.0000 0.2000E-04 0.1000E+01
 280 0.7744E-03 0.2745E+03 0.1091E-04 0.1016E+03 0.1468E+05 0.2869E-01 10.863 0.0000 0.2000E-04 0.1000E+01
 285 0.7754E-03 0.2780E+03 0.1134E-04 0.1009E+03 0.1472E+05 0.2893E-01 10.861 0.0000 0.2000E-04 0.1000E+01
 290 0.7763E-03 0.2816E+03 0.1178E-04 0.1003E+03 0.1476E+05 0.2917E-01 10.860 0.0000 0.2000E-04 0.1000E+01
 295 0.7773E-03 0.2852E+03 0.1224E-04 0.9964E+02 0.1480E+05 0.2942E-01 10.858 0.0000 0.2000E-04 0.1000E+01
 300 0.7782E-03 0.2889E+03 0.1272E-04 0.9898E+02 0.1485E+05 0.2968E-01 10.856 0.0000 0.2000E-04 0.1000E+01
 305 0.7791E-03 0.2926E+03 0.1320E-04 0.9833E+02 0.1489E+05 0.2994E-01 10.854 0.0000 0.2000E-04 0.1000E+01
 310 0.7800E-03 0.2964E+03 0.1371E-04 0.9767E+02 0.1493E+05 0.3020E-01 10.853 0.0000 0.2000E-04 0.1000E+01
 315 0.7809E-03 0.3000E+03 0.1421E-04 0.9702E+02 0.1498E+05 0.3047E-01 10.851 0.0000 0.2000E-04 0.1000E+01
 320 0.7819E-03 0.3040E+03 0.1477E-04 0.9633E+02 0.1503E+05 0.3076E-01 10.849 0.0000 0.2000E-04 0.1000E+01
 325 0.7827E-03 0.3080E+03 0.1533E-04 0.9565E+02 0.1507E+05 0.3106E-01 10.847 0.0000 0.2000E-04 0.1000E+01
 330 0.7836E-03 0.3119E+03 0.1589E-04 0.9497E+02 0.1512E+05 0.3135E-01 10.845 0.0000 0.2000E-04 0.1000E+01
 335 0.7845E-03 0.3159E+03 0.1648E-04 0.9428E+02 0.1517E+05 0.3166E-01 10.843 0.0000 0.2000E-04 0.1000E+01
 340 0.7853E-03 0.3199E+03 0.1708E-04 0.9360E+02 0.1522E+05 0.3197E-01 10.841 0.0000 0.2000E-04 0.1000E+01
 345 0.7861E-03 0.3239E+03 0.1771E-04 0.9293E+02 0.1526E+05 0.3228E-01 10.839 0.0000 0.2000E-04 0.1000E+01
 350 0.7869E-03 0.3281E+03 0.1836E-04 0.9225E+02 0.1531E+05 0.3261E-01 10.837 0.0000 0.2000E-04 0.1000E+01
 355 0.7877E-03 0.3323E+03 0.1903E-04 0.9156E+02 0.1537E+05 0.3294E-01 10.835 0.0000 0.2000E-04 0.1000E+01
 360 0.7886E-03 0.3365E+03 0.1972E-04 0.9087E+02 0.1542E+05 0.3328E-01 10.832 0.0000 0.2000E-04 0.1000E+01
 365 0.7893E-03 0.3407E+03 0.2041E-04 0.9018E+02 0.1547E+05 0.3363E-01 10.830 0.0000 0.2000E-04 0.1000E+01
 370 0.7901E-03 0.3451E+03 0.2114E-04 0.8947E+02 0.1552E+05 0.3400E-01 10.828 0.0000 0.2000E-04 0.1000E+01
 375 0.7910E-03 0.3496E+03 0.2190E-04 0.8874E+02 0.1558E+05 0.3438E-01 10.825 0.0000 0.2000E-04 0.1000E+01
 380 0.7918E-03 0.3541E+03 0.2269E-04 0.8801E+02 0.1564E+05 0.3478E-01 10.823 0.0000 0.2000E-04 0.1000E+01
 385 0.7927E-03 0.3589E+03 0.2354E-04 0.8725E+02 0.1570E+05 0.3520E-01 10.820 0.0000 0.2000E-04 0.1000E+01
 390 0.7934E-03 0.3635E+03 0.2436E-04 0.8655E+02 0.1575E+05 0.3560E-01 10.818 0.0000 0.2000E-04 0.1000E+01
 395 0.7942E-03 0.3681E+03 0.2520E-04 0.8584E+02 0.1581E+05 0.3600E-01 10.815 0.0000 0.2000E-04 0.1000E+01
 400 0.7949E-03 0.3727E+03 0.2605E-04 0.8513E+02 0.1587E+05 0.3643E-01 10.812 0.0000 0.2000E-04 0.1000E+01
 405 0.7957E-03 0.3774E+03 0.2693E-04 0.8441E+02 0.1593E+05 0.3686E-01 10.810 0.0000 0.2000E-04 0.1000E+01
 410 0.7969E-03 0.3847E+03 0.2831E-04 0.8330E+02 0.1602E+05 0.3756E-01 10.805 0.0000 0.2000E-04 0.1000E+01
 415 0.7976E-03 0.3896E+03 0.2926E-04 0.8256E+02 0.1609E+05 0.3803E-01 10.802 0.0000 0.2000E-04 0.1000E+01
 420 0.7984E-03 0.3946E+03 0.3023E-04 0.8182E+02 0.1615E+05 0.3852E-01 10.799 0.0000 0.2000E-04 0.1000E+01
 425 0.7991E-03 0.3996E+03 0.3123E-04 0.8108E+02 0.1622E+05 0.3902E-01 10.796 0.0000 0.2000E-04 0.1000E+01
 430 0.7998E-03 0.4047E+03 0.3225E-04 0.8034E+02 0.1628E+05 0.3954E-01 10.793 0.0000 0.2000E-04 0.1000E+01
 435 0.8006E-03 0.4100E+03 0.3331E-04 0.7957E+02 0.1635E+05 0.4010E-01 10.790 0.0000 0.2000E-04 0.1000E+01
 440 0.8014E-03 0.4152E+03 0.3437E-04 0.7881E+02 0.1642E+05 0.4065E-01 10.787 0.0000 0.2000E-04 0.1000E+01
 445 0.8021E-03 0.4208E+03 0.3552E-04 0.7802E+02 0.1650E+05 0.4125E-01 10.783 0.0000 0.2000E-04 0.1000E+01
 450 0.8028E-03 0.4261E+03 0.3664E-04 0.7726E+02 0.1657E+05 0.4185E-01 10.779 0.0000 0.2000E-04 0.1000E+01
 455 0.8035E-03 0.4307E+03 0.3760E-04 0.7657E+02 0.1664E+05 0.4240E-01 10.776 0.0000 0.2000E-04 0.1000E+01
 460 0.8044E-03 0.4373E+03 0.3899E-04 0.7567E+02 0.1672E+05 0.4314E-01 10.772 0.0000 0.2000E-04 0.1000E+01
 465 0.8051E-03 0.4428E+03 0.4017E-04 0.7490E+02 0.1680E+05 0.4380E-01 10.768 0.0000 0.2000E-04 0.1000E+01
 470 0.8059E-03 0.4484E+03 0.4137E-04 0.7411E+02 0.1688E+05 0.4450E-01 10.764 0.0000 0.2000E-04 0.1000E+01
 475 0.8066E-03 0.4541E+03 0.4258E-04 0.7332E+02 0.1696E+05 0.4521E-01 10.760 0.0000 0.2000E-04 0.1000E+01
 480 0.8074E-03 0.4586E+03 0.4356E-04 0.7270E+02 0.1702E+05 0.4579E-01 10.757 0.0000 0.2000E-04 0.1000E+01
 485 0.8081E-03 0.4644E+03 0.4481E-04 0.7191E+02 0.1710E+05 0.4654E-01 10.753 0.0000 0.2000E-04 0.1000E+01
 490 0.8089E-03 0.4703E+03 0.4607E-04 0.7111E+02 0.1719E+05 0.4734E-01 10.749 0.0000 0.2000E-04 0.1000E+01
 495 0.8096E-03 0.4762E+03 0.4734E-04 0.7031E+02 0.1727E+05 0.4816E-01 10.744 0.0000 0.2000E-04 0.1000E+01
 500 0.8104E-03 0.4820E+03 0.4858E-04 0.6951E+02 0.1736E+05 0.4900E-01 10.740 0.0000 0.2000E-04 0.1000E+01
 505 0.8112E-03 0.4886E+03 0.5000E-04 0.6864E+02 0.1746E+05 0.4996E-01 10.735 0.0000 0.2000E-04 0.1000E+01
 510 0.8120E-03 0.4947E+03 0.5131E-04 0.6781E+02 0.1755E+05 0.5090E-01 10.730 0.0000 0.2000E-04 0.1000E+01
 515 0.8128E-03 0.5009E+03 0.5262E-04 0.6698E+02 0.1764E+05 0.5188E-01 10.725 0.0000 0.2000E-04 0.1000E+01
 520 0.8138E-03 0.5082E+03 0.5412E-04 0.6600E+02 0.1776E+05 0.5307E-01 10.719 0.0000 0.2000E-04 0.1000E+01
 525 0.8146E-03 0.5146E+03 0.5541E-04 0.6515E+02 0.1786E+05 0.5417E-01 10.713 0.0000 0.2000E-04 0.1000E+01
 530 0.8154E-03 0.5211E+03 0.5673E-04 0.6427E+02 0.1797E+05 0.5533E-01 10.708 0.0000 0.2000E-04 0.1000E+01
 535 0.8163E-03 0.5276E+03 0.5799E-04 0.6339E+02 0.1807E+05 0.5654E-01 10.702 0.0000 0.2000E-04 0.1000E+01
 540 0.8172E-03 0.5342E+03 0.5924E-04 0.6249E+02 0.1819E+05 0.5783E-01 10.695 0.0000 0.2000E-04 0.1000E+01
 545 0.8181E-03 0.5409E+03 0.6047E-04 0.6158E+02 0.1830E+05 0.5920E-01 10.689 0.0000 0.2000E-04 0.1000E+01
 550 0.8190E-03 0.5476E+03 0.6165E-04 0.6066E+02 0.1842E+05 0.6064E-01 10.682 0.0000 0.2000E-04 0.1000E+01
 555 0.8200E-03 0.5545E+03 0.6279E-04 0.5972E+02 0.1855E+05 0.6220E-01 10.675 0.0000 0.2000E-04 0.1000E+01
 560 0.8210E-03 0.5615E+03 0.6389E-04 0.5875E+02 0.1868E+05 0.6387E-01 10.668 0.0000 0.2000E-04 0.1000E+01
 565 0.8221E-03 0.5684E+03 0.6487E-04 0.5776E+02 0.1882E+05 0.6567E-01 10.660 0.0000 0.2000E-04 0.1000E+01
 570 0.8232E-03 0.5755E+03 0.6579E-04 0.5674E+02 0.1896E+05 0.6763E-01 10.651 0.0000 0.2000E-04 0.1000E+01
 575 0.8244E-03 0.5827E+03 0.6658E-04 0.5568E+02 0.1912E+05 0.6978E-01 10.642 0.0000 0.2000E-04 0.1000E+01
 580 0.8257E-03 0.5900E+03 0.6725E-04 0.5460E+02 0.1927E+05 0.7213E-01 10.633 0.0000 0.2000E-04 0.1000E+01
 585 0.8271E-03 0.5973E+03 0.6776E-04 0.5347E+02 0.1944E+05 0.7471E-01 10.622 0.0000 0.2000E-04 0.1000E+01
 590 0.8286E-03 0.6045E+03 0.6811E-04 0.5233E+02 0.1962E+05 0.7752E-01 10.612 0.0000 0.2000E-04 0.1000E+01
 595 0.8301E-03 0.6113E+03 0.6822E-04 0.5122E+02 0.1979E+05 0.8040E-01 10.601 0.0000 0.2000E-04 0.1000E+01
 600 0.8316E-03 0.6176E+03 0.6818E-04 0.5016E+02 0.1996E+05 0.8336E-01 10.590 0.0000 0.2000E-04 0.1000E+01
 605 0.8331E-03 0.6235E+03 0.6799E-04 0.4914E+02 0.2012E+05 0.8639E-01 10.579 0.0000 0.2000E-04 0.1000E+01
 610 0.8346E-03 0.6292E+03 0.6769E-04 0.4816E+02 0.2028E+05 0.8953E-01 10.568 0.0000 0.2000E-04 0.1000E+01
 615 0.8362E-03 0.6345E+03 0.6729E-04 0.4721E+02 0.2044E+05 0.9278E-01 10.557 0.0000 0.2000E-04 0.1000E+01
 620 0.8378E-03 0.6395E+03 0.6676E-04 0.4629E+02 0.2059E+05 0.9613E-01 10.546 0.0000 0.2000E-04 0.1000E+01
 625 0.8394E-03 0.6443E+03 0.6616E-04 0.4540E+02 0.2075E+05 0.9970E-01 10.535 0.0000 0.2000E-04 0.1000E+01
 630 0.8410E-03 0.6488E+03 0.6549E-04 0.4454E+02 0.2089E+05 0.1034E+00 10.524 0.0000 0.2000E-04 0.1000E+01
 635 0.8427E-03 0.6532E+03 0.6476E-04 0.4370E+02 0.2104E+05 0.1074E+00 10.514 0.0000 0.2000E-04 0.1000E+01
 640 0.8444E-03 0.6574E+03 0.6401E-04 0.4289E+02 0.2118E+05 0.1117E+00 10.503 0.0000 0.2000E-04 0.1000E+01
 645 0.8462E-03 0.6616E+03 0.6323E-04 0.4210E+02 0.2132E+05 0.1163E+00 10.492 0.0000 0.2000E-04 0.1000E+01
 650 0.8479E-03 0.6656E+03 0.6241E-04 0.4132E+02 0.2146E+05 0.1213E+00 10.481 0.0000 0.2000E-04 0.1000E+01
 655 0.8498E-03 0.6695E+03 0.6157E-04 0.4056E+02 0.2161E+05 0.1269E+00 10.470 0.0000 0.2000E-04 0.1000E+01
 660 0.8516E-03 0.6736E+03 0.6074E-04 0.3980E+02 0.2176E+05 0.1330E+00 10.459 0.0000 0.2000E-04 0.1000E+01
 665 0.8536E-03 0.6778E+03 0.5993E-04 0.3905E+02 0.2191E+05 0.1399E+00 10.448 0.0000 0.2000E-04 0.1000E+01
 670 0.8555E-03 0.6822E+03 0.5914E-04 0.3829E+02 0.2207E+05 0.1479E+00 10.437 0.0000 0.2000E-04 0.1000E+01
 675 0.8575E-03 0.6869E+03 0.5839E-04 0.3753E+02 0.2226E+05 0.1565E+00 10.427 0.0000 0.2000E-04 0.1000E+01
 680 0.8596E-03 0.6920E+03 0.5769E-04 0.3675E+02 0.2247E+05 0.1666E+00 10.416 0.0000 0.2000E-04 0.1000E+01
 685 0.8617E-03 0.6978E+03 0.5705E-04 0.3594E+02 0.2271E+05 0.1782E+00 10.405 0.0000 0.2000E-04 0.1000E+01
 690 0.8638E-03 0.7043E+03 0.5649E-04 0.3511E+02 0.2301E+05 0.1910E+00 10.394 0.0000 0.2000E-04 0.1000E+01
 695 0.8660E-03 0.7118E+03 0.5601E-04 0.3423E+02 0.2336E+05 0.2060E+00 10.383 0.0000 0.2000E-04 0.1000E+01
 700 0.8683E-03 0.7199E+03 0.5558E-04 0.3333E+02 0.2379E+05 0.2222E+00 10.372 0.0000 0.2000E-04 0.1000E+01
 705 0.8706E-03 0.7286E+03 0.5517E-04 0.3243E+02 0.2429E+05 0.2391E+00 10.361 0.0000 0.2000E-04 0.1000E+01
 710 0.8730E-03 0.7372E+03 0.5473E-04 0.3155E+02 0.2484E+05 0.2560E+00 10.350 0.0000 0.2000E-04 0.1000E+01
 715 0.8755E-03 0.7453E+03 0.5422E-04 0.3072E+02 0.2539E+05 0.2724E+00 10.339 0.0000 0.2000E-04 0.1000E+01
 720 0.8780E-03 0.7526E+03 0.5364E-04 0.2996E+02 0.2591E+05 0.2876E+00 10.329 0.0000 0.2000E-04 0.1000E+01
 725 0.8805E-03 0.7591E+03 0.5299E-04 0.2927E+02 0.2641E+05 0.3018E+00 10.318 0.0000 0.2000E-04 0.1000E+01
 730 0.8832E-03 0.7649E+03 0.5225E-04 0.2862E+02 0.2688E+05 0.3154E+00 10.307 0.0000 0.2000E-04 0.1000E+01
 735 0.8859E-03 0.7699E+03 0.5149E-04 0.2805E+02 0.2730E+05 0.3277E+00 10.296 0.0000 0.2000E-04 0.1000E+01
 740 0.8887E-03 0.7744E+03 0.5069E-04 0.2751E+02 0.2768E+05 0.3393E+00 10.285 0.0000 0.2000E-04 0.1000E+01
 745 0.8916E-03 0.7782E+03 0.4986E-04 0.2701E+02 0.2803E+05 0.3501E+00 10.274 0.0000 0.2000E-04 0.1000E+01
 750 0.8946E-03 0.7815E+03 0.4900E-04 0.2656E+02 0.2833E+05 0.3604E+00 10.263 0.0000 0.2000E-04 0.1000E+01
 755 0.8976E-03 0.7845E+03 0.4812E-04 0.2612E+02 0.2861E+05 0.3703E+00 10.252 0.0000 0.2000E-04 0.1000E+01
 760 0.9007E-03 0.7869E+03 0.4723E-04 0.2571E+02 0.2886E+05 0.3798E+00 10.242 0.0000 0.2000E-04 0.1000E+01
 765 0.9039E-03 0.7891E+03 0.4632E-04 0.2533E+02 0.2910E+05 0.3890E+00 10.231 0.0000 0.2000E-04 0.1000E+01
 770 0.9072E-03 0.7909E+03 0.4541E-04 0.2496E+02 0.2931E+05 0.3979E+00 10.220 0.0000 0.2000E-04 0.1000E+01
 775 0.9106E-03 0.7924E+03 0.4449E-04 0.2461E+02 0.2951E+05 0.4065E+00 10.209 0.0000 0.2000E-04 0.1000E+01
 780 0.9141E-03 0.7937E+03 0.4356E-04 0.2428E+02 0.2969E+05 0.4150E+00 10.198 0.0000 0.2000E-04 0.1000E+01
 785 0.9177E-03 0.7946E+03 0.4263E-04 0.2396E+02 0.2985E+05 0.4231E+00 10.187 0.0000 0.2000E-04 0.1000E+01
 790 0.9213E-03 0.7953E+03 0.4171E-04 0.2366E+02 0.3001E+05 0.4312E+00 10.176 0.0000 0.2000E-04 0.1000E+01
 795 0.9251E-03 0.7958E+03 0.4079E-04 0.2336E+02 0.3015E+05 0.4391E+00 10.165 0.0000 0.2000E-04 0.1000E+01
 800 0.9290E-03 0.7961E+03 0.3987E-04 0.2308E+02 0.3028E+05 0.4469E+00 10.155 0.0000 0.2000E-04 0.1000E+01
 805 0.9330E-03 0.7962E+03 0.3894E-04 0.2281E+02 0.3041E+05 0.4545E+00 10.144 0.0000 0.2000E-04 0.1000E+01
 810 0.9371E-03 0.7959E+03 0.3802E-04 0.2255E+02 0.3052E+05 0.4621E+00 10.133 0.0000 0.2000E-04 0.1000E+01
 815 0.9413E-03 0.7955E+03 0.3710E-04 0.2230E+02 0.3063E+05 0.4694E+00 10.122 0.0000 0.2000E-04 0.1000E+01
 820 0.9457E-03 0.7950E+03 0.3619E-04 0.2205E+02 0.3073E+05 0.4768E+00 10.111 0.0000 0.2000E-04 0.1000E+01
 825 0.9501E-03 0.7943E+03 0.3530E-04 0.2182E+02 0.3083E+05 0.4841E+00 10.100 0.0000 0.2000E-04 0.1000E+01
 830 0.9547E-03 0.7935E+03 0.3442E-04 0.2159E+02 0.3092E+05 0.4913E+00 10.089 0.0000 0.2000E-04 0.1000E+01
 835 0.9595E-03 0.7927E+03 0.3356E-04 0.2136E+02 0.3101E+05 0.4984E+00 10.078 0.0000 0.2000E-04 0.1000E+01
 840 0.9644E-03 0.7916E+03 0.3271E-04 0.2115E+02 0.3109E+05 0.5055E+00 10.068 0.0000 0.2000E-04 0.1000E+01
 845 0.9694E-03 0.7906E+03 0.3189E-04 0.2094E+02 0.3116E+05 0.5125E+00 10.057 0.0000 0.2000E-04 0.1000E+01
 850 0.9746E-03 0.7894E+03 0.3108E-04 0.2073E+02 0.3123E+05 0.5194E+00 10.046 0.0000 0.2000E-04 0.1000E+01
 855 0.9799E-03 0.7881E+03 0.3029E-04 0.2053E+02 0.3130E+05 0.5263E+00 10.035 0.0000 0.2000E-04 0.1000E+01
 860 0.9854E-03 0.7867E+03 0.2951E-04 0.2034E+02 0.3136E+05 0.5331E+00 10.024 0.0000 0.2000E-04 0.1000E+01
 865 0.9911E-03 0.7853E+03 0.2876E-04 0.2015E+02 0.3142E+05 0.5399E+00 10.013 0.0000 0.2000E-04 0.1000E+01
 870 0.9969E-03 0.7839E+03 0.2803E-04 0.1996E+02 0.3148E+05 0.5466E+00 10.002 0.0000 0.2000E-04 0.1000E+01
 875 0.1003E-02 0.7823E+03 0.2731E-04 0.1978E+02 0.3153E+05 0.5533E+00  9.991 0.0000 0.2000E-04 0.1000E+01
 880 0.1009E-02 0.7807E+03 0.2661E-04 0.1961E+02 0.3158E+05 0.5600E+00  9.980 0.0000 0.2000E-04 0.1000E+01
 885 0.1015E-02 0.7790E+03 0.2592E-04 0.1944E+02 0.3163E+05 0.5665E+00  9.969 0.0000 0.2000E-04 0.1000E+01
 890 0.1022E-02 0.7773E+03 0.2526E-04 0.1927E+02 0.3167E+05 0.5730E+00  9.958 0.0000 0.2000E-04 0.1000E+01
 895 0.1029E-02 0.7755E+03 0.2461E-04 0.1911E+02 0.3171E+05 0.5794E+00  9.947 0.0000 0.2000E-04 0.1000E+01
 900 0.1035E-02 0.7737E+03 0.2398E-04 0.1895E+02 0.3175E+05 0.5858E+00  9.936 0.0000 0.2000E-04 0.1000E+01
 905 0.1042E-02 0.7719E+03 0.2337E-04 0.1880E+02 0.3179E+05 0.5921E+00  9.925 0.0000 0.2000E-04 0.1000E+01
 910 0.1050E-02 0.7700E+03 0.2277E-04 0.1865E+02 0.3182E+05 0.5984E+00  9.914 0.0000 0.2000E-04 0.1000E+01
 915 0.1057E-02 0.7680E+03 0.2219E-04 0.1851E+02 0.3185E+05 0.6046E+00  9.903 0.0000 0.2000E-04 0.1000E+01
 920 0.1065E-02 0.7661E+03 0.2163E-04 0.1836E+02 0.3186E+05 0.6108E+00  9.892 0.0000 0.2000E-04 0.1000E+01
 925 0.1073E-02 0.7641E+03 0.2109E-04 0.1822E+02 0.3189E+05 0.6169E+00  9.881 0.0000 0.2000E-04 0.1000E+01
 930 0.1081E-02 0.7620E+03 0.2055E-04 0.1809E+02 0.3191E+05 0.6230E+00  9.871 0.0000 0.2000E-04 0.1000E+01
 935 0.1089E-02 0.7599E+03 0.2002E-04 0.1796E+02 0.3193E+05 0.6290E+00  9.860 0.0000 0.2000E-04 0.1000E+01
 940 0.1098E-02 0.7577E+03 0.1951E-04 0.1783E+02 0.3195E+05 0.6349E+00  9.849 0.0000 0.2000E-04 0.1000E+01
 945 0.1106E-02 0.7556E+03 0.1901E-04 0.1770E+02 0.3196E+05 0.6409E+00  9.838 0.0000 0.2000E-04 0.1000E+01
 950 0.1115E-02 0.7535E+03 0.1854E-04 0.1757E+02 0.3198E+05 0.6468E+00  9.827 0.0000 0.2000E-04 0.1000E+01
 955 0.1125E-02 0.7514E+03 0.1808E-04 0.1745E+02 0.3199E+05 0.6526E+00  9.816 0.0000 0.2000E-04 0.1000E+01
 960 0.1134E-02 0.7492E+03 0.1763E-04 0.1733E+02 0.3200E+05 0.6584E+00  9.805 0.0000 0.2000E-04 0.1000E+01
 965 0.1144E-02 0.7472E+03 0.1720E-04 0.1721E+02 0.3199E+05 0.6643E+00  9.794 0.0000 0.2000E-04 0.1000E+01
 970 0.1154E-02 0.7451E+03 0.1678E-04 0.1710E+02 0.3200E+05 0.6701E+00  9.783 0.0000 0.2000E-04 0.1000E+01
 975 0.1164E-02 0.7430E+03 0.1638E-04 0.1699E+02 0.3200E+05 0.6757E+00  9.772 0.0000 0.2000E-04 0.1000E+01
 980 0.1174E-02 0.7409E+03 0.1598E-04 0.1688E+02 0.3200E+05 0.6814E+00  9.761 0.0000 0.2000E-04 0.1000E+01
 985 0.1185E-02 0.7388E+03 0.1560E-04 0.1677E+02 0.3200E+05 0.6871E+00  9.750 0.0000 0.2000E-04 0.1000E+01
 990 0.1196E-02 0.7368E+03 0.1523E-04 0.1666E+02 0.3200E+05 0.6927E+00  9.739 0.0000 0.2000E-04 0.1000E+01
 995 0.1207E-02 0.7347E+03 0.1487E-04 0.1655E+02 0.3200E+05 0.6983E+00  9.728 0.0000 0.2000E-04 0.1000E+01
1000 0.1219E-02 0.7326E+03 0.1452E-04 0.1645E+02 0.3199E+05 0.7039E+00  9.717 0.0000 0.2000E-04 0.1000E+01
1005 0.1230E-02 0.7305E+03 0.1417E-04 0.1635E+02 0.3199E+05 0.7095E+00  9.706 0.0000 0.2000E-04 0.1000E+01
1010 0.1243E-02 0.7283E+03 0.1384E-04 0.1625E+02 0.3198E+05 0.7150E+00  9.696 0.0000 0.2000E-04 0.1000E+01
1015 0.1255E-02 0.7261E+03 0.1351E-04 0.1615E+02 0.3197E+05 0.7205E+00  9.685 0.0000 0.2000E-04 0.1000E+01
1020 0.1268E-02 0.7239E+03 0.1318E-04 0.1606E+02 0.3195E+05 0.7261E+00  9.674 0.0000 0.2000E-04 0.1000E+01
1025 0.1281E-02 0.7217E+03 0.1286E-04 0.1596E+02 0.3194E+05 0.7316E+00  9.663 0.0000 0.2000E-04 0.1000E+01
1030 0.1294E-02 0.7192E+03 0.1255E-04 0.1587E+02 0.3193E+05 0.7371E+00  9.652 0.0000 0.2000E-04 0.1000E+01
1035 0.1308E-02 0.7168E+03 0.1223E-04 0.1577E+02 0.3191E+05 0.7425E+00  9.641 0.0000 0.2000E-04 0.1000E+01
1040 0.1322E-02 0.7143E+03 0.1192E-04 0.1568E+02 0.3189E+05 0.7479E+00  9.630 0.0000 0.2000E-04 0.1000E+01
1045 0.1336E-02 0.7117E+03 0.1162E-04 0.1559E+02 0.3188E+05 0.7533E+00  9.619 0.0000 0.2000E-04 0.1000E+01
1050 0.1351E-02 0.7092E+03 0.1132E-04 0.1550E+02 0.3186E+05 0.7586E+00  9.608 0.0000 0.2000E-04 0.1000E+01
1055 0.1366E-02 0.7065E+03 0.1103E-04 0.1542E+02 0.3184E+05 0.7639E+00  9.597 0.0000 0.2000E-04 0.1000E+01
1060 0.1381E-02 0.7039E+03 0.1075E-04 0.1533E+02 0.3182E+05 0.7692E+00  9.586 0.0000 0.2000E-04 0.1000E+01
1065 0.1397E-02 0.7012E+03 0.1047E-04 0.1525E+02 0.3179E+05 0.7745E+00  9.575 0.0000 0.2000E-04 0.1000E+01
1070 0.1414E-02 0.6985E+03 0.1020E-04 0.1517E+02 0.3177E+05 0.7798E+00  9.564 0.0000 0.2000E-04 0.1000E+01
1075 0.1430E-02 0.6957E+03 0.9927E-05 0.1509E+02 0.3174E+05 0.7850E+00  9.553 0.0000 0.2000E-04 0.1000E+01
1080 0.1448E-02 0.6929E+03 0.9664E-05 0.1500E+02 0.3171E+05 0.7904E+00  9.542 0.0000 0.2000E-04 0.1000E+01
1085 0.1465E-02 0.6900E+03 0.9406E-05 0.1493E+02 0.3169E+05 0.7955E+00  9.531 0.0000 0.2000E-04 0.1000E+01
1090 0.1483E-02 0.6871E+03 0.9152E-05 0.1485E+02 0.3166E+05 0.8007E+00  9.521 0.0000 0.2000E-04 0.1000E+01
1095 0.1502E-02 0.6842E+03 0.8904E-05 0.1477E+02 0.3163E+05 0.8058E+00  9.510 0.0000 0.2000E-04 0.1000E+01
1100 0.1521E-02 0.6812E+03 0.8661E-05 0.1470E+02 0.3160E+05 0.8109E+00  9.499 0.0000 0.2000E-04 0.1000E+01
1105 0.1541E-02 0.6782E+03 0.8424E-05 0.1462E+02 0.3157E+05 0.8160E+00  9.488 0.0000 0.2000E-04 0.1000E+01
1110 0.1561E-02 0.6751E+03 0.8189E-05 0.1455E+02 0.3153E+05 0.8210E+00  9.477 0.0000 0.2000E-04 0.1000E+01
1115 0.1582E-02 0.6719E+03 0.7956E-05 0.1448E+02 0.3150E+05 0.8261E+00  9.466 0.0000 0.2000E-04 0.1000E+01
1120 0.1604E-02 0.6688E+03 0.7730E-05 0.1440E+02 0.3146E+05 0.8311E+00  9.455 0.0000 0.2000E-04 0.1000E+01
1125 0.1626E-02 0.6656E+03 0.7512E-05 0.1433E+02 0.3143E+05 0.8361E+00  9.444 0.0000 0.2000E-04 0.1000E+01
1130 0.1649E-02 0.6625E+03 0.7301E-05 0.1426E+02 0.3139E+05 0.8411E+00  9.433 0.0000 0.2000E-04 0.1000E+01
1135 0.1672E-02 0.6594E+03 0.7097E-05 0.1420E+02 0.3136E+05 0.8459E+00  9.422 0.0000 0.2000E-04 0.1000E+01
1140 0.1696E-02 0.6564E+03 0.6901E-05 0.1413E+02 0.3132E+05 0.8507E+00  9.411 0.0000 0.2000E-04 0.1000E+01
1145 0.1721E-02 0.6533E+03 0.6710E-05 0.1406E+02 0.3128E+05 0.8555E+00  9.400 0.0000 0.2000E-04 0.1000E+01
1150 0.1746E-02 0.6503E+03 0.6525E-05 0.1400E+02 0.3124E+05 0.8602E+00  9.389 0.0000 0.2000E-04 0.1000E+01
1155 0.1772E-02 0.6473E+03 0.6346E-05 0.1393E+02 0.3120E+05 0.8650E+00  9.378 0.0000 0.2000E-04 0.1000E+01
1160 0.1799E-02 0.6443E+03 0.6173E-05 0.1387E+02 0.3116E+05 0.8697E+00  9.367 0.0000 0.2000E-04 0.1000E+01
1165 0.1826E-02 0.6413E+03 0.6003E-05 0.1380E+02 0.3112E+05 0.8743E+00  9.356 0.0000 0.2000E-04 0.1000E+01
1170 0.1854E-02 0.6383E+03 0.5839E-05 0.1374E+02 0.3108E+05 0.8790E+00  9.345 0.0000 0.2000E-04 0.1000E+01
1175 0.1883E-02 0.6353E+03 0.5678E-05 0.1368E+02 0.3104E+05 0.8836E+00  9.334 0.0000 0.2000E-04 0.1000E+01
1180 0.1913E-02 0.6322E+03 0.5520E-05 0.1362E+02 0.3099E+05 0.8882E+00  9.323 0.0000 0.2000E-04 0.1000E+01
1185 0.1943E-02 0.6291E+03 0.5364E-05 0.1356E+02 0.3095E+05 0.8928E+00  9.312 0.0000 0.2000E-04 0.1000E+01
1190 0.1974E-02 0.6260E+03 0.5212E-05 0.1350E+02 0.3090E+05 0.8973E+00  9.301 0.0000 0.2000E-04 0.1000E+01
1195 0.2007E-02 0.6228E+03 0.5064E-05 0.1344E+02 0.3086E+05 0.9019E+00  9.290 0.0000 0.2000E-04 0.1000E+01
1200 0.2040E-02 0.6197E+03 0.4920E-05 0.1338E+02 0.3081E+05 0.9064E+00  9.279 0.0000 0.2000E-04 0.1000E+01
1205 0.2074E-02 0.6166E+03 0.4780E-05 0.1333E+02 0.3076E+05 0.9109E+00  9.268 0.0000 0.2000E-04 0.1000E+01
1210 0.2109E-02 0.6134E+03 0.4644E-05 0.1327E+02 0.3071E+05 0.9153E+00  9.257 0.0000 0.2000E-04 0.1000E+01
1215 0.2144E-02 0.6102E+03 0.4510E-05 0.1321E+02 0.3066E+05 0.9198E+00  9.246 0.0000 0.2000E-04 0.1000E+01
1220 0.2181E-02 0.6071E+03 0.4380E-05 0.1316E+02 0.3061E+05 0.9242E+00  9.235 0.0000 0.2000E-04 0.1000E+01
1225 0.2219E-02 0.6039E+03 0.4253E-05 0.1310E+02 0.3055E+05 0.9286E+00  9.224 0.0000 0.2000E-04 0.1000E+01
1230 0.2258E-02 0.6007E+03 0.4129E-05 0.1305E+02 0.3050E+05 0.9330E+00  9.213 0.0000 0.2000E-04 0.1000E+01
1235 0.2299E-02 0.5974E+03 0.4008E-05 0.1300E+02 0.3045E+05 0.9373E+00  9.203 0.0000 0.2000E-04 0.1000E+01
1240 0.2340E-02 0.5942E+03 0.3890E-05 0.1294E+02 0.3039E+05 0.9419E+00  9.192 0.0000 0.2000E-04 0.1000E+01
1245 0.2382E-02 0.5909E+03 0.3774E-05 0.1289E+02 0.3033E+05 0.9462E+00  9.181 0.0000 0.2000E-04 0.1000E+01
1250 0.2426E-02 0.5876E+03 0.3660E-05 0.1284E+02 0.3027E+05 0.9504E+00  9.170 0.0000 0.2000E-04 0.1000E+01
1255 0.2471E-02 0.5842E+03 0.3550E-05 0.1279E+02 0.3022E+05 0.9546E+00  9.159 0.0000 0.2000E-04 0.1000E+01
1260 0.2517E-02 0.5809E+03 0.3442E-05 0.1274E+02 0.3016E+05 0.9589E+00  9.148 0.0000 0.2000E-04 0.1000E+01
1265 0.2565E-02 0.5776E+03 0.3337E-05 0.1269E+02 0.3010E+05 0.9630E+00  9.137 0.0000 0.2000E-04 0.1000E+01
1270 0.2614E-02 0.5742E+03 0.3235E-05 0.1264E+02 0.3004E+05 0.9672E+00  9.126 0.0000 0.2000E-04 0.1000E+01
1275 0.2665E-02 0.5709E+03 0.3136E-05 0.1259E+02 0.2998E+05 0.9713E+00  9.115 0.0000 0.2000E-04 0.1000E+01
1280 0.2717E-02 0.5675E+03 0.3040E-05 0.1254E+02 0.2992E+05 0.9754E+00  9.104 0.0000 0.2000E-04 0.1000E+01
1285 0.2770E-02 0.5642E+03 0.2947E-05 0.1250E+02 0.2986E+05 0.9795E+00  9.093 0.0000 0.2000E-04 0.1000E+01
1290 0.2825E-02 0.5609E+03 0.2856E-05 0.1245E+02 0.2979E+05 0.9836E+00  9.082 0.0000 0.2000E-04 0.1000E+01
1295 0.2882E-02 0.5575E+03 0.2768E-05 0.1240E+02 0.2973E+05 0.9876E+00  9.071 0.0000 0.2000E-04 0.1000E+01
1300 0.2941E-02 0.5542E+03 0.2682E-05 0.1236E+02 0.2967E+05 0.9916E+00  9.060 0.0000 0.2000E-04 0.1000E+01
1305 0.3000E-02 0.5509E+03 0.2600E-05 0.1231E+02 0.2960E+05 0.9956E+00  9.050 0.0000 0.2000E-04 0.1000E+01
1305 0.3000E-02 0.5509E+03 0.2600E-05 0.1231E+02 0.2960E+05 0.9956E+00  9.050 0.0000 0.2000E-04 0.1000E+01
1310 0.3062E-02 0.5476E+03 0.2520E-05 0.1227E+02 0.2954E+05 0.9995E+00  9.039 0.0000 0.2000E-04 0.1000E+01
1315 0.3126E-02 0.5443E+03 0.2441E-05 0.1222E+02 0.2947E+05 0.1003E+01  9.028 0.0000 0.2000E-04 0.1000E+01
1320 0.3192E-02 0.5410E+03 0.2366E-05 0.1218E+02 0.2941E+05 0.1007E+01  9.017 0.0000 0.2000E-04 0.1000E+01
1325 0.3259E-02 0.5378E+03 0.2293E-05 0.1213E+02 0.2935E+05 0.1011E+01  9.006 0.0000 0.2000E-04 0.1000E+01
1330 0.3330E-02 0.5345E+03 0.2222E-05 0.1209E+02 0.2929E+05 0.1015E+01  8.995 0.0000 0.2000E-04 0.1000E+01
1335 0.3402E-02 0.5313E+03 0.2154E-05 0.1205E+02 0.2922E+05 0.1018E+01  8.984 0.0000 0.2000E-04 0.1000E+01
1340 0.3477E-02 0.5281E+03 0.2088E-05 0.1201E+02 0.2916E+05 0.1022E+01  8.973 0.0000 0.2000E-04 0.1000E+01
1345 0.3554E-02 0.5249E+03 0.2024E-05 0.1196E+02 0.2909E+05 0.1026E+01  8.962 0.0000 0.2000E-04 0.1000E+01
1350 0.3633E-02 0.5218E+03 0.1962E-05 0.1192E+02 0.2902E+05 0.1029E+01  8.951 0.0000 0.2000E-04 0.1000E+01
1355 0.3715E-02 0.5187E+03 0.1903E-05 0.1188E+02 0.2895E+05 0.1033E+01  8.940 0.0000 0.2000E-04 0.1000E+01
1360 0.3799E-02 0.5156E+03 0.1845E-05 0.1184E+02 0.2888E+05 0.1036E+01  8.929 0.0000 0.2000E-04 0.1000E+01
1365 0.3885E-02 0.5125E+03 0.1789E-05 0.1180E+02 0.2882E+05 0.1040E+01  8.918 0.0000 0.2000E-04 0.1000E+01
1370 0.3973E-02 0.5094E+03 0.1734E-05 0.1176E+02 0.2875E+05 0.1043E+01  8.907 0.0000 0.2000E-04 0.1000E+01
1375 0.4064E-02 0.5064E+03 0.1682E-05 0.1172E+02 0.2868E+05 0.1047E+01  8.896 0.0000 0.2000E-04 0.1000E+01
1380 0.4158E-02 0.5033E+03 0.1631E-05 0.1168E+02 0.2860E+05 0.1051E+01  8.885 0.0000 0.2000E-04 0.1000E+01
1385 0.4254E-02 0.5003E+03 0.1582E-05 0.1164E+02 0.2853E+05 0.1054E+01  8.874 0.0000 0.2000E-04 0.1000E+01
1390 0.4353E-02 0.4973E+03 0.1534E-05 0.1160E+02 0.2846E+05 0.1057E+01  8.863 0.0000 0.2000E-04 0.1000E+01
1395 0.4455E-02 0.4943E+03 0.1488E-05 0.1157E+02 0.2839E+05 0.1061E+01  8.852 0.0000 0.2000E-04 0.1000E+01
1400 0.4560E-02 0.4914E+03 0.1443E-05 0.1153E+02 0.2831E+05 0.1064E+01  8.841 0.0000 0.2000E-04 0.1000E+01
1405 0.4668E-02 0.4884E+03 0.1399E-05 0.1149E+02 0.2824E+05 0.1068E+01  8.830 0.0000 0.2000E-04 0.1000E+01
1410 0.4779E-02 0.4854E+03 0.1357E-05 0.1145E+02 0.2816E+05 0.1071E+01  8.819 0.0000 0.2000E-04 0.1000E+01
1415 0.4893E-02 0.4825E+03 0.1315E-05 0.1142E+02 0.2809E+05 0.1075E+01  8.808 0.0000 0.2000E-04 0.1000E+01
1420 0.5010E-02 0.4795E+03 0.1275E-05 0.1138E+02 0.2801E+05 0.1078E+01  8.797 0.0000 0.2000E-04 0.1000E+01
1425 0.5130E-02 0.4766E+03 0.1237E-05 0.1135E+02 0.2793E+05 0.1081E+01  8.786 0.0000 0.2000E-04 0.1000E+01
1430 0.5253E-02 0.4737E+03 0.1200E-05 0.1131E+02 0.2785E+05 0.1085E+01  8.775 0.0000 0.2000E-04 0.1000E+01
1435 0.5380E-02 0.4708E+03 0.1163E-05 0.1128E+02 0.2778E+05 0.1088E+01  8.765 0.0000 0.2000E-04 0.1000E+01
1440 0.5511E-02 0.4679E+03 0.1128E-05 0.1124E+02 0.2770E+05 0.1091E+01  8.754 0.0000 0.2000E-04 0.1000E+01
1445 0.5645E-02 0.4650E+03 0.1094E-05 0.1121E+02 0.2762E+05 0.1095E+01  8.743 0.0000 0.2000E-04 0.1000E+01
1450 0.5784E-02 0.4621E+03 0.1060E-05 0.1117E+02 0.2753E+05 0.1098E+01  8.732 0.0000 0.2000E-04 0.1000E+01
1455 0.5926E-02 0.4592E+03 0.1028E-05 0.1114E+02 0.2745E+05 0.1101E+01  8.721 0.0000 0.2000E-04 0.1000E+01
1460 0.6073E-02 0.4564E+03 0.9963E-06 0.1111E+02 0.2737E+05 0.1105E+01  8.710 0.0000 0.2000E-04 0.1000E+01
1465 0.6224E-02 0.4535E+03 0.9657E-06 0.1107E+02 0.2728E+05 0.1108E+01  8.699 0.0000 0.2000E-04 0.1000E+01
1470 0.6379E-02 0.4506E+03 0.9359E-06 0.1104E+02 0.2720E+05 0.1111E+01  8.688 0.0000 0.2000E-04 0.1000E+01
1475 0.6539E-02 0.4478E+03 0.9070E-06 0.1101E+02 0.2711E+05 0.1114E+01  8.677 0.0000 0.2000E-04 0.1000E+01
1480 0.6704E-02 0.4449E+03 0.8790E-06 0.1097E+02 0.2703E+05 0.1117E+01  8.666 0.0000 0.2000E-04 0.1000E+01
1485 0.6874E-02 0.4421E+03 0.8518E-06 0.1094E+02 0.2694E+05 0.1121E+01  8.655 0.0000 0.2000E-04 0.1000E+01
1490 0.7048E-02 0.4393E+03 0.8254E-06 0.1091E+02 0.2686E+05 0.1124E+01  8.644 0.0000 0.2000E-04 0.1000E+01
1495 0.7228E-02 0.4364E+03 0.7997E-06 0.1088E+02 0.2677E+05 0.1127E+01  8.633 0.0000 0.2000E-04 0.1000E+01
1500 0.7414E-02 0.4336E+03 0.7749E-06 0.1085E+02 0.2669E+05 0.1130E+01  8.623 0.0000 0.2000E-04 0.1000E+01
1505 0.7605E-02 0.4308E+03 0.7507E-06 0.1082E+02 0.2660E+05 0.1133E+01  8.612 0.0000 0.2000E-04 0.1000E+01
1510 0.7801E-02 0.4280E+03 0.7272E-06 0.1079E+02 0.2651E+05 0.1136E+01  8.601 0.0000 0.2000E-04 0.1000E+01
1515 0.8004E-02 0.4252E+03 0.7044E-06 0.1076E+02 0.2642E+05 0.1139E+01  8.590 0.0000 0.2000E-04 0.1000E+01
1520 0.8212E-02 0.4224E+03 0.6823E-06 0.1073E+02 0.2634E+05 0.1143E+01  8.579 0.0000 0.2000E-04 0.1000E+01
1525 0.8425E-02 0.4197E+03 0.6610E-06 0.1070E+02 0.2625E+05 0.1146E+01  8.568 0.0000 0.2000E-04 0.1000E+01
1530 0.8644E-02 0.4169E+03 0.6404E-06 0.1067E+02 0.2616E+05 0.1149E+01  8.557 0.0000 0.2000E-04 0.1000E+01
1535 0.8869E-02 0.4142E+03 0.6203E-06 0.1064E+02 0.2607E+05 0.1152E+01  8.546 0.0000 0.2000E-04 0.1000E+01
1540 0.9101E-02 0.4115E+03 0.6009E-06 0.1061E+02 0.2599E+05 0.1155E+01  8.535 0.0000 0.2000E-04 0.1000E+01
1545 0.9340E-02 0.4088E+03 0.5821E-06 0.1058E+02 0.2590E+05 0.1159E+01  8.524 0.0000 0.2000E-04 0.1000E+01
1550 0.9586E-02 0.4061E+03 0.5638E-06 0.1055E+02 0.2581E+05 0.1162E+01  8.513 0.0000 0.2000E-04 0.1000E+01
1555 0.9839E-02 0.4034E+03 0.5461E-06 0.1052E+02 0.2572E+05 0.1165E+01  8.503 0.0000 0.2000E-04 0.1000E+01
1560 0.1010E-01 0.4007E+03 0.5289E-06 0.1049E+02 0.2563E+05 0.1168E+01  8.492 0.0000 0.2000E-04 0.1000E+01
1565 0.1037E-01 0.3981E+03 0.5122E-06 0.1047E+02 0.2554E+05 0.1171E+01  8.481 0.0000 0.2000E-04 0.1000E+01
1570 0.1064E-01 0.3954E+03 0.4960E-06 0.1044E+02 0.2545E+05 0.1174E+01  8.470 0.0000 0.2000E-04 0.1000E+01
1575 0.1093E-01 0.3927E+03 0.4802E-06 0.1041E+02 0.2536E+05 0.1178E+01  8.459 0.0000 0.2000E-04 0.1000E+01
1580 0.1122E-01 0.3901E+03 0.4648E-06 0.1038E+02 0.2525E+05 0.1181E+01  8.448 0.0000 0.2000E-04 0.1000E+01
1585 0.1153E-01 0.3874E+03 0.4500E-06 0.1036E+02 0.2515E+05 0.1185E+01  8.437 0.0000 0.2000E-04 0.1000E+01
1590 0.1184E-01 0.3848E+03 0.4356E-06 0.1033E+02 0.2505E+05 0.1188E+01  8.426 0.0000 0.2000E-04 0.1000E+01
1595 0.1216E-01 0.3822E+03 0.4216E-06 0.1030E+02 0.2495E+05 0.1191E+01  8.415 0.0000 0.2000E-04 0.1000E+01
1600 0.1249E-01 0.3795E+03 0.4081E-06 0.1028E+02 0.2485E+05 0.1195E+01  8.405 0.0000 0.2000E-04 0.1000E+01
1605 0.1283E-01 0.3769E+03 0.3950E-06 0.1025E+02 0.2475E+05 0.1198E+01  8.394 0.0000 0.2000E-04 0.1000E+01
1610 0.1318E-01 0.3744E+03 0.3823E-06 0.1022E+02 0.2466E+05 0.1202E+01  8.383 0.0000 0.2000E-04 0.1000E+01
1615 0.1354E-01 0.3718E+03 0.3700E-06 0.1020E+02 0.2456E+05 0.1205E+01  8.372 0.0000 0.2000E-04 0.1000E+01
1620 0.1391E-01 0.3692E+03 0.3581E-06 0.1017E+02 0.2447E+05 0.1208E+01  8.361 0.0000 0.2000E-04 0.1000E+01
1625 0.1430E-01 0.3667E+03 0.3465E-06 0.1015E+02 0.2437E+05 0.1212E+01  8.350 0.0000 0.2000E-04 0.1000E+01
1630 0.1469E-01 0.3641E+03 0.3353E-06 0.1012E+02 0.2428E+05 0.1215E+01  8.339 0.0000 0.2000E-04 0.1000E+01
1635 0.1510E-01 0.3616E+03 0.3244E-06 0.1010E+02 0.2419E+05 0.1218E+01  8.328 0.0000 0.2000E-04 0.1000E+01
1640 0.1552E-01 0.3591E+03 0.3139E-06 0.1007E+02 0.2410E+05 0.1222E+01  8.318 0.0000 0.2000E-04 0.1000E+01
1645 0.1595E-01 0.3565E+03 0.3037E-06 0.1005E+02 0.2401E+05 0.1225E+01  8.307 0.0000 0.2000E-04 0.1000E+01
1650 0.1639E-01 0.3540E+03 0.2938E-06 0.1002E+02 0.2393E+05 0.1228E+01  8.296 0.0000 0.2000E-04 0.1000E+01
1655 0.1685E-01 0.3516E+03 0.2842E-06 0.9996E+01 0.2384E+05 0.1232E+01  8.285 0.0000 0.2000E-04 0.1000E+01
1660 0.1732E-01 0.3491E+03 0.2750E-06 0.9972E+01 0.2376E+05 0.1235E+01  8.274 0.0000 0.2000E-04 0.1000E+01
1665 0.1781E-01 0.3466E+03 0.2660E-06 0.9947E+01 0.2367E+05 0.1238E+01  8.263 0.0000 0.2000E-04 0.1000E+01
1670 0.1831E-01 0.3441E+03 0.2572E-06 0.9923E+01 0.2358E+05 0.1242E+01  8.252 0.0000 0.2000E-04 0.1000E+01
1675 0.1883E-01 0.3417E+03 0.2488E-06 0.9899E+01 0.2350E+05 0.1245E+01  8.242 0.0000 0.2000E-04 0.1000E+01
1680 0.1936E-01 0.3392E+03 0.2406E-06 0.9876E+01 0.2341E+05 0.1248E+01  8.231 0.0000 0.2000E-04 0.1000E+01
1685 0.1991E-01 0.3368E+03 0.2327E-06 0.9852E+01 0.2332E+05 0.1252E+01  8.220 0.0000 0.2000E-04 0.1000E+01
1690 0.2048E-01 0.3344E+03 0.2250E-06 0.9829E+01 0.2323E+05 0.1255E+01  8.209 0.0000 0.2000E-04 0.1000E+01
1695 0.2106E-01 0.3320E+03 0.2176E-06 0.9805E+01 0.2314E+05 0.1259E+01  8.198 0.0000 0.2000E-04 0.1000E+01
1700 0.2167E-01 0.3296E+03 0.2104E-06 0.9782E+01 0.2306E+05 0.1262E+01  8.187 0.0000 0.2000E-04 0.1000E+01
1705 0.2229E-01 0.3272E+03 0.2034E-06 0.9760E+01 0.2297E+05 0.1266E+01  8.176 0.0000 0.2000E-04 0.1000E+01
1710 0.2293E-01 0.3249E+03 0.1967E-06 0.9737E+01 0.2289E+05 0.1269E+01  8.165 0.0000 0.2000E-04 0.1000E+01
1715 0.2359E-01 0.3225E+03 0.1902E-06 0.9714E+01 0.2280E+05 0.1273E+01  8.154 0.0000 0.2000E-04 0.1000E+01
1720 0.2427E-01 0.3202E+03 0.1839E-06 0.9692E+01 0.2272E+05 0.1276E+01  8.144 0.0000 0.2000E-04 0.1000E+01
1725 0.2497E-01 0.3179E+03 0.1778E-06 0.9670E+01 0.2264E+05 0.1280E+01  8.133 0.0000 0.2000E-04 0.1000E+01
1730 0.2569E-01 0.3156E+03 0.1719E-06 0.9648E+01 0.2256E+05 0.1283E+01  8.122 0.0000 0.2000E-04 0.1000E+01
1735 0.2644E-01 0.3133E+03 0.1662E-06 0.9626E+01 0.2248E+05 0.1286E+01  8.111 0.0000 0.2000E-04 0.1000E+01
1740 0.2721E-01 0.3110E+03 0.1607E-06 0.9604E+01 0.2240E+05 0.1290E+01  8.100 0.0000 0.2000E-04 0.1000E+01
1745 0.2800E-01 0.3087E+03 0.1554E-06 0.9582E+01 0.2232E+05 0.1293E+01  8.089 0.0000 0.2000E-04 0.1000E+01
1750 0.2881E-01 0.3065E+03 0.1502E-06 0.9561E+01 0.2224E+05 0.1297E+01  8.078 0.0000 0.2000E-04 0.1000E+01
1755 0.2966E-01 0.3043E+03 0.1453E-06 0.9540E+01 0.2216E+05 0.1300E+01  8.068 0.0000 0.2000E-04 0.1000E+01
1760 0.3052E-01 0.3020E+03 0.1405E-06 0.9519E+01 0.2209E+05 0.1303E+01  8.057 0.0000 0.2000E-04 0.1000E+01
1765 0.3142E-01 0.2999E+03 0.1358E-06 0.9498E+01 0.2201E+05 0.1307E+01  8.046 0.0000 0.2000E-04 0.1000E+01
1770 0.3234E-01 0.2977E+03 0.1314E-06 0.9477E+01 0.2194E+05 0.1310E+01  8.035 0.0000 0.2000E-04 0.1000E+01
1775 0.3329E-01 0.2955E+03 0.1270E-06 0.9456E+01 0.2186E+05 0.1313E+01  8.024 0.0000 0.2000E-04 0.1000E+01
1780 0.3426E-01 0.2934E+03 0.1229E-06 0.9436E+01 0.2179E+05 0.1317E+01  8.013 0.0000 0.2000E-04 0.1000E+01
1785 0.3527E-01 0.2913E+03 0.1188E-06 0.9416E+01 0.2171E+05 0.1320E+01  8.002 0.0000 0.2000E-04 0.1000E+01
1790 0.3631E-01 0.2892E+03 0.1150E-06 0.9395E+01 0.2165E+05 0.1323E+01  7.991 0.0000 0.2000E-04 0.1000E+01
1795 0.3738E-01 0.2871E+03 0.1112E-06 0.9375E+01 0.2158E+05 0.1327E+01  7.981 0.0000 0.2000E-04 0.1000E+01
1800 0.3848E-01 0.2850E+03 0.1076E-06 0.9355E+01 0.2152E+05 0.1330E+01  7.970 0.0000 0.2000E-04 0.1000E+01
1805 0.3962E-01 0.2830E+03 0.1041E-06 0.9336E+01 0.2145E+05 0.1333E+01  7.959 0.0000 0.2000E-04 0.1000E+01
1810 0.4079E-01 0.2810E+03 0.1007E-06 0.9316E+01 0.2139E+05 0.1336E+01  7.948 0.0000 0.2000E-04 0.1000E+01
1815 0.4199E-01 0.2790E+03 0.9749E-07 0.9297E+01 0.2131E+05 0.1340E+01  7.937 0.0000 0.2000E-04 0.1000E+01
1820 0.4323E-01 0.2770E+03 0.9435E-07 0.9278E+01 0.2125E+05 0.1343E+01  7.926 0.0000 0.2000E-04 0.1000E+01
1825 0.4451E-01 0.2750E+03 0.9132E-07 0.9258E+01 0.2118E+05 0.1346E+01  7.915 0.0000 0.2000E-04 0.1000E+01
1830 0.4582E-01 0.2732E+03 0.8859E-07 0.9239E+01 0.2111E+05 0.1349E+01  7.904 0.0000 0.2000E-04 0.1000E+01
1835 0.4717E-01 0.2714E+03 0.8592E-07 0.9221E+01 0.2105E+05 0.1353E+01  7.893 0.0000 0.2000E-04 0.1000E+01
1840 0.4855E-01 0.2696E+03 0.8336E-07 0.9202E+01 0.2098E+05 0.1356E+01  7.883 0.0000 0.2000E-04 0.1000E+01
1845 0.4997E-01 0.2678E+03 0.8084E-07 0.9183E+01 0.2091E+05 0.1359E+01  7.872 0.0000 0.2000E-04 0.1000E+01
1846 0.5000E-01 0.2678E+03 0.8080E-07 0.9183E+01 0.2091E+05 0.1359E+01  7.871 0.0000 0.2000E-04 0.1000E+01
1850 0.5116E-01 0.2664E+03 0.7887E-07 0.9168E+01 0.2086E+05 0.1362E+01  7.863 0.0000 0.2000E-04 0.1000E+01
1855 0.5265E-01 0.2647E+03 0.7651E-07 0.9150E+01 0.2079E+05 0.1365E+01  7.852 0.0000 0.2000E-04 0.1000E+01
1860 0.5418E-01 0.2629E+03 0.7421E-07 0.9132E+01 0.2072E+05 0.1369E+01  7.841 0.0000 0.2000E-04 0.1000E+01
1865 0.5576E-01 0.2612E+03 0.7199E-07 0.9114E+01 0.2065E+05 0.1372E+01  7.830 0.0000 0.2000E-04 0.1000E+01
1870 0.5737E-01 0.2595E+03 0.6984E-07 0.9096E+01 0.2059E+05 0.1375E+01  7.819 0.0000 0.2000E-04 0.1000E+01
1875 0.5903E-01 0.2577E+03 0.6774E-07 0.9079E+01 0.2052E+05 0.1378E+01  7.809 0.0000 0.2000E-04 0.1000E+01
1880 0.6073E-01 0.2560E+03 0.6570E-07 0.9061E+01 0.2045E+05 0.1382E+01  7.798 0.0000 0.2000E-04 0.1000E+01
1885 0.6248E-01 0.2543E+03 0.6373E-07 0.9044E+01 0.2038E+05 0.1385E+01  7.787 0.0000 0.2000E-04 0.1000E+01
1890 0.6428E-01 0.2526E+03 0.6181E-07 0.9027E+01 0.2031E+05 0.1388E+01  7.776 0.0000 0.2000E-04 0.1000E+01
1895 0.6613E-01 0.2509E+03 0.5994E-07 0.9009E+01 0.2024E+05 0.1391E+01  7.765 0.0000 0.2000E-04 0.1000E+01
1900 0.6802E-01 0.2493E+03 0.5813E-07 0.8992E+01 0.2018E+05 0.1395E+01  7.754 0.0000 0.2000E-04 0.1000E+01
1905 0.6997E-01 0.2476E+03 0.5637E-07 0.8976E+01 0.2011E+05 0.1398E+01  7.743 0.0000 0.2000E-04 0.1000E+01
1906 0.7000E-01 0.2476E+03 0.5635E-07 0.8975E+01 0.2011E+05 0.1398E+01  7.743 0.0000 0.2000E-04 0.1000E+01
1910 0.7160E-01 0.2462E+03 0.5498E-07 0.8962E+01 0.2006E+05 0.1401E+01  7.735 0.0000 0.2000E-04 0.1000E+01
1915 0.7364E-01 0.2446E+03 0.5332E-07 0.8945E+01 0.2000E+05 0.1404E+01  7.724 0.0000 0.2000E-04 0.1000E+01
1920 0.7575E-01 0.2429E+03 0.5171E-07 0.8929E+01 0.1993E+05 0.1407E+01  7.713 0.0000 0.2000E-04 0.1000E+01
1925 0.7791E-01 0.2413E+03 0.5014E-07 0.8912E+01 0.1987E+05 0.1410E+01  7.702 0.0000 0.2000E-04 0.1000E+01
1930 0.8012E-01 0.2397E+03 0.4863E-07 0.8896E+01 0.1981E+05 0.1413E+01  7.691 0.0000 0.2000E-04 0.1000E+01
1935 0.8240E-01 0.2381E+03 0.4716E-07 0.8880E+01 0.1974E+05 0.1416E+01  7.680 0.0000 0.2000E-04 0.1000E+01
1940 0.8474E-01 0.2364E+03 0.4573E-07 0.8864E+01 0.1968E+05 0.1420E+01  7.669 0.0000 0.2000E-04 0.1000E+01
1945 0.8714E-01 0.2348E+03 0.4435E-07 0.8848E+01 0.1962E+05 0.1423E+01  7.658 0.0000 0.2000E-04 0.1000E+01
1950 0.8960E-01 0.2333E+03 0.4301E-07 0.8832E+01 0.1955E+05 0.1426E+01  7.648 0.0000 0.2000E-04 0.1000E+01
1955 0.9213E-01 0.2317E+03 0.4172E-07 0.8816E+01 0.1948E+05 0.1429E+01  7.637 0.0000 0.2000E-04 0.1000E+01
1960 0.9473E-01 0.2301E+03 0.4047E-07 0.8800E+01 0.1942E+05 0.1433E+01  7.626 0.0000 0.2000E-04 0.1000E+01
1965 0.9739E-01 0.2286E+03 0.3926E-07 0.8785E+01 0.1935E+05 0.1436E+01  7.615 0.0000 0.2000E-04 0.1000E+01
1970 0.1000E+00 0.2271E+03 0.3814E-07 0.8770E+01 0.1929E+05 0.1439E+01  7.605 0.0000 0.2000E-04 0.1000E+01
1970 0.1000E+00 0.2271E+03 0.3814E-07 0.8770E+01 0.1929E+05 0.1439E+01  7.605 0.0000 0.2000E-04 0.1000E+01
1975 0.1028E+00 0.2256E+03 0.3700E-07 0.8755E+01 0.1922E+05 0.1442E+01  7.594 0.0000 0.2000E-04 0.1000E+01
1980 0.1057E+00 0.2241E+03 0.3590E-07 0.8740E+01 0.1915E+05 0.1446E+01  7.583 0.0000 0.2000E-04 0.1000E+01
1985 0.1086E+00 0.2226E+03 0.3483E-07 0.8725E+01 0.1908E+05 0.1449E+01  7.572 0.0000 0.2000E-04 0.1000E+01
1990 0.1117E+00 0.2212E+03 0.3381E-07 0.8710E+01 0.1901E+05 0.1452E+01  7.561 0.0000 0.2000E-04 0.1000E+01
1995 0.1148E+00 0.2197E+03 0.3281E-07 0.8695E+01 0.1894E+05 0.1455E+01  7.550 0.0000 0.2000E-04 0.1000E+01
2000 0.1180E+00 0.2183E+03 0.3185E-07 0.8680E+01 0.1887E+05 0.1459E+01  7.539 0.0000 0.2000E-04 0.1000E+01
2005 0.1212E+00 0.2168E+03 0.3092E-07 0.8665E+01 0.1880E+05 0.1462E+01  7.529 0.0000 0.2000E-04 0.1000E+01
2010 0.1246E+00 0.2154E+03 0.3002E-07 0.8651E+01 0.1873E+05 0.1465E+01  7.518 0.0000 0.2000E-04 0.1000E+01
2015 0.1281E+00 0.2140E+03 0.2915E-07 0.8636E+01 0.1866E+05 0.1469E+01  7.507 0.0000 0.2000E-04 0.1000E+01
2020 0.1316E+00 0.2126E+03 0.2831E-07 0.8622E+01 0.1858E+05 0.1472E+01  7.496 0.0000 0.2000E-04 0.1000E+01
2025 0.1352E+00 0.2113E+03 0.2750E-07 0.8607E+01 0.1851E+05 0.1475E+01  7.485 0.0000 0.2000E-04 0.1000E+01
2030 0.1389E+00 0.2099E+03 0.2672E-07 0.8593E+01 0.1843E+05 0.1479E+01  7.474 0.0000 0.2000E-04 0.1000E+01
2035 0.1427E+00 0.2086E+03 0.2596E-07 0.8579E+01 0.1836E+05 0.1482E+01  7.463 0.0000 0.2000E-04 0.1000E+01
2040 0.1466E+00 0.2073E+03 0.2523E-07 0.8564E+01 0.1828E+05 0.1486E+01  7.452 0.0000 0.2000E-04 0.1000E+01
2045 0.1500E+00 0.2062E+03 0.2464E-07 0.8553E+01 0.1822E+05 0.1488E+01  7.443 0.0000 0.2000E-04 0.1000E+01
2045 0.1500E+00 0.2062E+03 0.2464E-07 0.8553E+01 0.1822E+05 0.1488E+01  7.443 0.0000 0.2000E-04 0.1000E+01
2050 0.1541E+00 0.2049E+03 0.2396E-07 0.8539E+01 0.1814E+05 0.1492E+01  7.432 0.0000 0.2000E-04 0.1000E+01
2055 0.1583E+00 0.2037E+03 0.2330E-07 0.8525E+01 0.1806E+05 0.1495E+01  7.422 0.0000 0.2000E-04 0.1000E+01
2060 0.1625E+00 0.2025E+03 0.2267E-07 0.8511E+01 0.1799E+05 0.1499E+01  7.411 0.0000 0.2000E-04 0.1000E+01
2065 0.1669E+00 0.2012E+03 0.2205E-07 0.8497E+01 0.1791E+05 0.1502E+01  7.400 0.0000 0.2000E-04 0.1000E+01
2070 0.1714E+00 0.2000E+03 0.2146E-07 0.8483E+01 0.1783E+05 0.1505E+01  7.389 0.0000 0.2000E-04 0.1000E+01
2075 0.1759E+00 0.1989E+03 0.2089E-07 0.8470E+01 0.1776E+05 0.1509E+01  7.378 0.0000 0.2000E-04 0.1000E+01
2080 0.1806E+00 0.1977E+03 0.2034E-07 0.8456E+01 0.1768E+05 0.1512E+01  7.367 0.0000 0.2000E-04 0.1000E+01
2085 0.1854E+00 0.1965E+03 0.1981E-07 0.8443E+01 0.1760E+05 0.1516E+01  7.356 0.0000 0.2000E-04 0.1000E+01
2090 0.1903E+00 0.1954E+03 0.1930E-07 0.8430E+01 0.1752E+05 0.1519E+01  7.345 0.0000 0.2000E-04 0.1000E+01
2095 0.1953E+00 0.1943E+03 0.1880E-07 0.8416E+01 0.1744E+05 0.1523E+01  7.334 0.0000 0.2000E-04 0.1000E+01
2100 0.2000E+00 0.1933E+03 0.1835E-07 0.8404E+01 0.1737E+05 0.1526E+01  7.324 0.0000 0.2000E-04 0.1000E+01
2100 0.2000E+00 0.1933E+03 0.1835E-07 0.8404E+01 0.1737E+05 0.1526E+01  7.324 0.0000 0.2000E-04 0.1000E+01
2105 0.2052E+00 0.1922E+03 0.1788E-07 0.8391E+01 0.1729E+05 0.1529E+01  7.314 0.0000 0.2000E-04 0.1000E+01
2110 0.2105E+00 0.1911E+03 0.1743E-07 0.8378E+01 0.1721E+05 0.1533E+01  7.303 0.0000 0.2000E-04 0.1000E+01
2115 0.2159E+00 0.1900E+03 0.1699E-07 0.8365E+01 0.1713E+05 0.1536E+01  7.292 0.0000 0.2000E-04 0.1000E+01
2120 0.2215E+00 0.1889E+03 0.1656E-07 0.8352E+01 0.1704E+05 0.1540E+01  7.281 0.0000 0.2000E-04 0.1000E+01
2125 0.2272E+00 0.1879E+03 0.1614E-07 0.8339E+01 0.1696E+05 0.1543E+01  7.270 0.0000 0.2000E-04 0.1000E+01
2130 0.2329E+00 0.1869E+03 0.1574E-07 0.8326E+01 0.1687E+05 0.1547E+01  7.259 0.0000 0.2000E-04 0.1000E+01
2135 0.2388E+00 0.1858E+03 0.1535E-07 0.8313E+01 0.1678E+05 0.1551E+01  7.248 0.0000 0.2000E-04 0.1000E+01
2140 0.2449E+00 0.1848E+03 0.1496E-07 0.8300E+01 0.1670E+05 0.1554E+01  7.237 0.0000 0.2000E-04 0.1000E+01
2145 0.2500E+00 0.1839E+03 0.1465E-07 0.8290E+01 0.1662E+05 0.1557E+01  7.228 0.0000 0.2000E-04 0.1000E+01
2145 0.2500E+00 0.1839E+03 0.1465E-07 0.8290E+01 0.1662E+05 0.1557E+01  7.228 0.0000 0.2000E-04 0.1000E+01
2150 0.2563E+00 0.1829E+03 0.1429E-07 0.8277E+01 0.1654E+05 0.1561E+01  7.217 0.0000 0.2000E-04 0.1000E+01
2155 0.2627E+00 0.1819E+03 0.1394E-07 0.8265E+01 0.1646E+05 0.1564E+01  7.207 0.0000 0.2000E-04 0.1000E+01
2160 0.2692E+00 0.1809E+03 0.1359E-07 0.8252E+01 0.1638E+05 0.1568E+01  7.196 0.0000 0.2000E-04 0.1000E+01
2165 0.2759E+00 0.1799E+03 0.1326E-07 0.8240E+01 0.1630E+05 0.1571E+01  7.185 0.0000 0.2000E-04 0.1000E+01
2170 0.2827E+00 0.1790E+03 0.1293E-07 0.8227E+01 0.1621E+05 0.1575E+01  7.174 0.0000 0.2000E-04 0.1000E+01
2175 0.2897E+00 0.1780E+03 0.1261E-07 0.8215E+01 0.1614E+05 0.1578E+01  7.163 0.0000 0.2000E-04 0.1000E+01
2180 0.2968E+00 0.1770E+03 0.1230E-07 0.8203E+01 0.1606E+05 0.1582E+01  7.152 0.0000 0.2000E-04 0.1000E+01
2183 0.3000E+00 0.1766E+03 0.1217E-07 0.8197E+01 0.1602E+05 0.1583E+01  7.147 0.0000 0.2000E-04 0.1000E+01
2185 0.3029E+00 0.1762E+03 0.1205E-07 0.8193E+01 0.1599E+05 0.1585E+01  7.143 0.0000 0.2000E-04 0.1000E+01
2190 0.3103E+00 0.1752E+03 0.1175E-07 0.8180E+01 0.1591E+05 0.1588E+01  7.132 0.0000 0.2000E-04 0.1000E+01
2195 0.3178E+00 0.1743E+03 0.1146E-07 0.8168E+01 0.1584E+05 0.1592E+01  7.121 0.0000 0.2000E-04 0.1000E+01
2200 0.3255E+00 0.1733E+03 0.1118E-07 0.8156E+01 0.1576E+05 0.1595E+01  7.110 0.0000 0.2000E-04 0.1000E+01
2205 0.3333E+00 0.1724E+03 0.1091E-07 0.8144E+01 0.1569E+05 0.1599E+01  7.099 0.0000 0.2000E-04 0.1000E+01
2210 0.3413E+00 0.1715E+03 0.1064E-07 0.8132E+01 0.1561E+05 0.1602E+01  7.088 0.0000 0.2000E-04 0.1000E+01
2215 0.3495E+00 0.1705E+03 0.1038E-07 0.8121E+01 0.1553E+05 0.1606E+01  7.077 0.0000 0.2000E-04 0.1000E+01
2216 0.3500E+00 0.1705E+03 0.1037E-07 0.8120E+01 0.1553E+05 0.1606E+01  7.077 0.0000 0.2000E-04 0.1000E+01
2220 0.3566E+00 0.1697E+03 0.1017E-07 0.8111E+01 0.1547E+05 0.1609E+01  7.068 0.0000 0.2000E-04 0.1000E+01
2225 0.3651E+00 0.1688E+03 0.9922E-08 0.8099E+01 0.1540E+05 0.1612E+01  7.057 0.0000 0.2000E-04 0.1000E+01
2230 0.3737E+00 0.1679E+03 0.9688E-08 0.8087E+01 0.1532E+05 0.1615E+01  7.046 0.0000 0.2000E-04 0.1000E+01
2235 0.3825E+00 0.1671E+03 0.9464E-08 0.8076E+01 0.1525E+05 0.1619E+01  7.035 0.0000 0.2000E-04 0.1000E+01
2240 0.3915E+00 0.1661E+03 0.9220E-08 0.8063E+01 0.1517E+05 0.1623E+01  7.023 0.0000 0.2000E-04 0.1000E+01
2245 0.4000E+00 0.1653E+03 0.9020E-08 0.8052E+01 0.1510E+05 0.1626E+01  7.013 0.0000 0.2000E-04 0.1000E+01
2245 0.4000E+00 0.1653E+03 0.9020E-08 0.8052E+01 0.1510E+05 0.1626E+01  7.013 0.0000 0.2000E-04 0.1000E+01
2250 0.4093E+00 0.1645E+03 0.8810E-08 0.8041E+01 0.1503E+05 0.1629E+01  7.002 0.0000 0.2000E-04 0.1000E+01
2255 0.4188E+00 0.1636E+03 0.8605E-08 0.8030E+01 0.1496E+05 0.1633E+01  6.991 0.0000 0.2000E-04 0.1000E+01
2260 0.4284E+00 0.1628E+03 0.8404E-08 0.8018E+01 0.1489E+05 0.1636E+01  6.981 0.0000 0.2000E-04 0.1000E+01
2265 0.4383E+00 0.1619E+03 0.8208E-08 0.8007E+01 0.1483E+05 0.1639E+01  6.970 0.0000 0.2000E-04 0.1000E+01
2270 0.4483E+00 0.1611E+03 0.8016E-08 0.7996E+01 0.1476E+05 0.1643E+01  6.959 0.0000 0.2000E-04 0.1000E+01
2271 0.4500E+00 0.1609E+03 0.7985E-08 0.7994E+01 0.1475E+05 0.1643E+01  6.957 0.0000 0.2000E-04 0.1000E+01
2275 0.4582E+00 0.1603E+03 0.7836E-08 0.7985E+01 0.1469E+05 0.1646E+01  6.948 0.0000 0.2000E-04 0.1000E+01
2280 0.4686E+00 0.1594E+03 0.7652E-08 0.7974E+01 0.1463E+05 0.1649E+01  6.938 0.0000 0.2000E-04 0.1000E+01
2285 0.4792E+00 0.1586E+03 0.7473E-08 0.7963E+01 0.1456E+05 0.1653E+01  6.927 0.0000 0.2000E-04 0.1000E+01
2290 0.4901E+00 0.1578E+03 0.7296E-08 0.7952E+01 0.1450E+05 0.1656E+01  6.916 0.0000 0.2000E-04 0.1000E+01
2295 0.5000E+00 0.1570E+03 0.7141E-08 0.7943E+01 0.1444E+05 0.1659E+01  6.906 0.0000 0.2000E-04 0.1000E+01
2295 0.5000E+00 0.1570E+03 0.7141E-08 0.7943E+01 0.1444E+05 0.1659E+01  6.906 0.0000 0.2000E-04 0.1000E+01
2300 0.5112E+00 0.1562E+03 0.6972E-08 0.7932E+01 0.1438E+05 0.1662E+01  6.895 0.0000 0.2000E-04 0.1000E+01
2305 0.5227E+00 0.1553E+03 0.6806E-08 0.7921E+01 0.1432E+05 0.1665E+01  6.884 0.0000 0.2000E-04 0.1000E+01
2310 0.5344E+00 0.1545E+03 0.6644E-08 0.7911E+01 0.1426E+05 0.1669E+01  6.873 0.0000 0.2000E-04 0.1000E+01
2315 0.5463E+00 0.1537E+03 0.6485E-08 0.7900E+01 0.1420E+05 0.1672E+01  6.862 0.0000 0.2000E-04 0.1000E+01
2317 0.5500E+00 0.1534E+03 0.6438E-08 0.7897E+01 0.1418E+05 0.1673E+01  6.859 0.0000 0.2000E-04 0.1000E+01
2320 0.5573E+00 0.1529E+03 0.6345E-08 0.7891E+01 0.1414E+05 0.1675E+01  6.853 0.0000 0.2000E-04 0.1000E+01
2325 0.5697E+00 0.1521E+03 0.6193E-08 0.7880E+01 0.1408E+05 0.1678E+01  6.842 0.0000 0.2000E-04 0.1000E+01
2330 0.5824E+00 0.1513E+03 0.6044E-08 0.7870E+01 0.1402E+05 0.1681E+01  6.831 0.0000 0.2000E-04 0.1000E+01
2335 0.5953E+00 0.1505E+03 0.5899E-08 0.7859E+01 0.1396E+05 0.1685E+01  6.820 0.0000 0.2000E-04 0.1000E+01
2337 0.6000E+00 0.1502E+03 0.5847E-08 0.7856E+01 0.1393E+05 0.1686E+01  6.816 0.0000 0.2000E-04 0.1000E+01
2340 0.6079E+00 0.1497E+03 0.5762E-08 0.7850E+01 0.1390E+05 0.1688E+01  6.809 0.0000 0.2000E-04 0.1000E+01
2345 0.6213E+00 0.1489E+03 0.5623E-08 0.7839E+01 0.1384E+05 0.1691E+01  6.799 0.0000 0.2000E-04 0.1000E+01
2350 0.6350E+00 0.1481E+03 0.5488E-08 0.7829E+01 0.1377E+05 0.1694E+01  6.788 0.0000 0.2000E-04 0.1000E+01
2355 0.6489E+00 0.1473E+03 0.5356E-08 0.7819E+01 0.1371E+05 0.1698E+01  6.777 0.0000 0.2000E-04 0.1000E+01
2356 0.6500E+00 0.1472E+03 0.5345E-08 0.7818E+01 0.1371E+05 0.1698E+01  6.776 0.0000 0.2000E-04 0.1000E+01
2360 0.6613E+00 0.1466E+03 0.5242E-08 0.7810E+01 0.1366E+05 0.1701E+01  6.767 0.0000 0.2000E-04 0.1000E+01
2365 0.6758E+00 0.1458E+03 0.5115E-08 0.7801E+01 0.1360E+05 0.1704E+01  6.756 0.0000 0.2000E-04 0.1000E+01
2370 0.6905E+00 0.1450E+03 0.4991E-08 0.7791E+01 0.1354E+05 0.1707E+01  6.745 0.0000 0.2000E-04 0.1000E+01
2374 0.7000E+00 0.1445E+03 0.4914E-08 0.7785E+01 0.1350E+05 0.1709E+01  6.738 0.0000 0.2000E-04 0.1000E+01
2375 0.7030E+00 0.1443E+03 0.4890E-08 0.7783E+01 0.1348E+05 0.1710E+01  6.736 0.0000 0.2000E-04 0.1000E+01
2380 0.7182E+00 0.1435E+03 0.4772E-08 0.7773E+01 0.1342E+05 0.1713E+01  6.725 0.0000 0.2000E-04 0.1000E+01
2385 0.7338E+00 0.1427E+03 0.4657E-08 0.7763E+01 0.1337E+05 0.1716E+01  6.715 0.0000 0.2000E-04 0.1000E+01
2390 0.7496E+00 0.1419E+03 0.4544E-08 0.7754E+01 0.1331E+05 0.1720E+01  6.704 0.0000 0.2000E-04 0.1000E+01
2391 0.7500E+00 0.1419E+03 0.4541E-08 0.7754E+01 0.1331E+05 0.1720E+01  6.703 0.0000 0.2000E-04 0.1000E+01
2395 0.7629E+00 0.1413E+03 0.4453E-08 0.7746E+01 0.1326E+05 0.1722E+01  6.695 0.0000 0.2000E-04 0.1000E+01
2400 0.7793E+00 0.1405E+03 0.4346E-08 0.7737E+01 0.1320E+05 0.1726E+01  6.684 0.0000 0.2000E-04 0.1000E+01
2405 0.7961E+00 0.1397E+03 0.4241E-08 0.7727E+01 0.1314E+05 0.1729E+01  6.673 0.0000 0.2000E-04 0.1000E+01
2407 0.8000E+00 0.1396E+03 0.4217E-08 0.7725E+01 0.1313E+05 0.1730E+01  6.670 0.0000 0.2000E-04 0.1000E+01
2410 0.8102E+00 0.1391E+03 0.4156E-08 0.7719E+01 0.1309E+05 0.1732E+01  6.664 0.0000 0.2000E-04 0.1000E+01
2415 0.8276E+00 0.1383E+03 0.4056E-08 0.7710E+01 0.1303E+05 0.1735E+01  6.653 0.0000 0.2000E-04 0.1000E+01
2420 0.8453E+00 0.1376E+03 0.3958E-08 0.7701E+01 0.1297E+05 0.1738E+01  6.642 0.0000 0.2000E-04 0.1000E+01
2422 0.8500E+00 0.1374E+03 0.3933E-08 0.7699E+01 0.1296E+05 0.1739E+01  6.639 0.0000 0.2000E-04 0.1000E+01
2425 0.8608E+00 0.1369E+03 0.3876E-08 0.7693E+01 0.1292E+05 0.1741E+01  6.633 0.0000 0.2000E-04 0.1000E+01
2430 0.8792E+00 0.1362E+03 0.3783E-08 0.7684E+01 0.1286E+05 0.1744E+01  6.622 0.0000 0.2000E-04 0.1000E+01
2435 0.8979E+00 0.1354E+03 0.3692E-08 0.7675E+01 0.1280E+05 0.1748E+01  6.611 0.0000 0.2000E-04 0.1000E+01
2436 0.9000E+00 0.1354E+03 0.3681E-08 0.7674E+01 0.1279E+05 0.1748E+01  6.610 0.0000 0.2000E-04 0.1000E+01
2440 0.9153E+00 0.1348E+03 0.3610E-08 0.7667E+01 0.1275E+05 0.1751E+01  6.601 0.0000 0.2000E-04 0.1000E+01
2445 0.9347E+00 0.1340E+03 0.3524E-08 0.7658E+01 0.1269E+05 0.1754E+01  6.590 0.0000 0.2000E-04 0.1000E+01
2449 0.9500E+00 0.1334E+03 0.3458E-08 0.7652E+01 0.1264E+05 0.1757E+01  6.582 0.0000 0.2000E-04 0.1000E+01
2450 0.9540E+00 0.1333E+03 0.3441E-08 0.7650E+01 0.1263E+05 0.1757E+01  6.580 0.0000 0.2000E-04 0.1000E+01
2455 0.9742E+00 0.1326E+03 0.3358E-08 0.7641E+01 0.1257E+05 0.1761E+01  6.569 0.0000 0.2000E-04 0.1000E+01
2460 0.9948E+00 0.1318E+03 0.3278E-08 0.7633E+01 0.1251E+05 0.1764E+01  6.558 0.0000 0.2000E-04 0.1000E+01
2462 0.1000E+01 0.1317E+03 0.3258E-08 0.7630E+01 0.1249E+05 0.1765E+01  6.555 0.0000 0.2000E-04 0.1000E+01
2465 0.1013E+01 0.1312E+03 0.3211E-08 0.7625E+01 0.1246E+05 0.1767E+01  6.549 0.0000 0.2000E-04 0.1000E+01
2470 0.1034E+01 0.1305E+03 0.3134E-08 0.7617E+01 0.1239E+05 0.1770E+01  6.538 0.0000 0.2000E-04 0.1000E+01
2475 0.1056E+01 0.1298E+03 0.3058E-08 0.7608E+01 0.1233E+05 0.1774E+01  6.527 0.0000 0.2000E-04 0.1000E+01
2480 0.1078E+01 0.1291E+03 0.2985E-08 0.7600E+01 0.1227E+05 0.1777E+01  6.516 0.0000 0.2000E-04 0.1000E+01
2485 0.1101E+01 0.1284E+03 0.2913E-08 0.7592E+01 0.1221E+05 0.1781E+01  6.505 0.0000 0.2000E-04 0.1000E+01
2490 0.1124E+01 0.1276E+03 0.2843E-08 0.7583E+01 0.1215E+05 0.1784E+01  6.494 0.0000 0.2000E-04 0.1000E+01
2495 0.1147E+01 0.1269E+03 0.2775E-08 0.7575E+01 0.1208E+05 0.1788E+01  6.483 0.0000 0.2000E-04 0.1000E+01
2500 0.1171E+01 0.1262E+03 0.2708E-08 0.7567E+01 0.1202E+05 0.1791E+01  6.472 0.0000 0.2000E-04 0.1000E+01
2505 0.1196E+01 0.1255E+03 0.2643E-08 0.7559E+01 0.1196E+05 0.1795E+01  6.461 0.0000 0.2000E-04 0.1000E+01
2510 0.1221E+01 0.1249E+03 0.2580E-08 0.7551E+01 0.1190E+05 0.1798E+01  6.450 0.0000 0.2000E-04 0.1000E+01
2515 0.1246E+01 0.1242E+03 0.2519E-08 0.7543E+01 0.1184E+05 0.1802E+01  6.440 0.0000 0.2000E-04 0.1000E+01
2520 0.1272E+01 0.1235E+03 0.2459E-08 0.7535E+01 0.1178E+05 0.1805E+01  6.429 0.0000 0.2000E-04 0.1000E+01
2525 0.1298E+01 0.1228E+03 0.2401E-08 0.7528E+01 0.1171E+05 0.1809E+01  6.418 0.0000 0.2000E-04 0.1000E+01
2530 0.1325E+01 0.1221E+03 0.2344E-08 0.7520E+01 0.1165E+05 0.1812E+01  6.407 0.0000 0.2000E-04 0.1000E+01
2535 0.1352E+01 0.1215E+03 0.2289E-08 0.7512E+01 0.1159E+05 0.1816E+01  6.396 0.0000 0.2000E-04 0.1000E+01
2540 0.1380E+01 0.1208E+03 0.2235E-08 0.7505E+01 0.1153E+05 0.1819E+01  6.385 0.0000 0.2000E-04 0.1000E+01
2545 0.1409E+01 0.1202E+03 0.2182E-08 0.7497E+01 0.1147E+05 0.1823E+01  6.374 0.0000 0.2000E-04 0.1000E+01
2550 0.1437E+01 0.1195E+03 0.2130E-08 0.7490E+01 0.1141E+05 0.1826E+01  6.363 0.0000 0.2000E-04 0.1000E+01
2555 0.1467E+01 0.1188E+03 0.2080E-08 0.7482E+01 0.1135E+05 0.1830E+01  6.352 0.0000 0.2000E-04 0.1000E+01
2560 0.1497E+01 0.1182E+03 0.2031E-08 0.7475E+01 0.1128E+05 0.1833E+01  6.342 0.0000 0.2000E-04 0.1000E+01
2561 0.1500E+01 0.1181E+03 0.2026E-08 0.7474E+01 0.1128E+05 0.1834E+01  6.341 0.0000 0.2000E-04 0.1000E+01
2565 0.1524E+01 0.1176E+03 0.1988E-08 0.7468E+01 0.1123E+05 0.1836E+01  6.332 0.0000 0.2000E-04 0.1000E+01
2570 0.1556E+01 0.1170E+03 0.1941E-08 0.7461E+01 0.1117E+05 0.1840E+01  6.321 0.0000 0.2000E-04 0.1000E+01
2575 0.1587E+01 0.1163E+03 0.1896E-08 0.7454E+01 0.1111E+05 0.1844E+01  6.310 0.0000 0.2000E-04 0.1000E+01
2580 0.1619E+01 0.1157E+03 0.1851E-08 0.7447E+01 0.1104E+05 0.1847E+01  6.299 0.0000 0.2000E-04 0.1000E+01
2585 0.1652E+01 0.1151E+03 0.1808E-08 0.7439E+01 0.1098E+05 0.1851E+01  6.288 0.0000 0.2000E-04 0.1000E+01
2590 0.1686E+01 0.1145E+03 0.1766E-08 0.7432E+01 0.1092E+05 0.1854E+01  6.277 0.0000 0.2000E-04 0.1000E+01
2595 0.1720E+01 0.1138E+03 0.1724E-08 0.7425E+01 0.1086E+05 0.1858E+01  6.267 0.0000 0.2000E-04 0.1000E+01
2600 0.1755E+01 0.1132E+03 0.1684E-08 0.7418E+01 0.1080E+05 0.1861E+01  6.256 0.0000 0.2000E-04 0.1000E+01
2605 0.1790E+01 0.1126E+03 0.1645E-08 0.7412E+01 0.1074E+05 0.1864E+01  6.245 0.0000 0.2000E-04 0.1000E+01
2610 0.1826E+01 0.1120E+03 0.1606E-08 0.7405E+01 0.1069E+05 0.1868E+01  6.234 0.0000 0.2000E-04 0.1000E+01
2615 0.1863E+01 0.1114E+03 0.1569E-08 0.7398E+01 0.1063E+05 0.1871E+01  6.223 0.0000 0.2000E-04 0.1000E+01
2620 0.1901E+01 0.1108E+03 0.1532E-08 0.7391E+01 0.1057E+05 0.1875E+01  6.212 0.0000 0.2000E-04 0.1000E+01
2625 0.1939E+01 0.1102E+03 0.1497E-08 0.7384E+01 0.1051E+05 0.1878E+01  6.201 0.0000 0.2000E-04 0.1000E+01
2630 0.1978E+01 0.1096E+03 0.1462E-08 0.7378E+01 0.1045E+05 0.1882E+01  6.190 0.0000 0.2000E-04 0.1000E+01
2633 0.2000E+01 0.1093E+03 0.1443E-08 0.7374E+01 0.1042E+05 0.1884E+01  6.184 0.0000 0.2000E-04 0.1000E+01
2635 0.2016E+01 0.1090E+03 0.1429E-08 0.7371E+01 0.1040E+05 0.1885E+01  6.180 0.0000 0.2000E-04 0.1000E+01
2640 0.2056E+01 0.1084E+03 0.1396E-08 0.7365E+01 0.1034E+05 0.1888E+01  6.169 0.0000 0.2000E-04 0.1000E+01
2645 0.2098E+01 0.1078E+03 0.1364E-08 0.7358E+01 0.1028E+05 0.1892E+01  6.158 0.0000 0.2000E-04 0.1000E+01
2650 0.2140E+01 0.1073E+03 0.1332E-08 0.7352E+01 0.1022E+05 0.1895E+01  6.147 0.0000 0.2000E-04 0.1000E+01
2655 0.2182E+01 0.1067E+03 0.1301E-08 0.7345E+01 0.1017E+05 0.1899E+01  6.136 0.0000 0.2000E-04 0.1000E+01
2660 0.2226E+01 0.1061E+03 0.1271E-08 0.7339E+01 0.1011E+05 0.1902E+01  6.125 0.0000 0.2000E-04 0.1000E+01
2665 0.2270E+01 0.1055E+03 0.1242E-08 0.7332E+01 0.1005E+05 0.1905E+01  6.114 0.0000 0.2000E-04 0.1000E+01
2670 0.2315E+01 0.1050E+03 0.1213E-08 0.7326E+01 0.9999E+04 0.1909E+01  6.103 0.0000 0.2000E-04 0.1000E+01
2675 0.2361E+01 0.1044E+03 0.1186E-08 0.7320E+01 0.9944E+04 0.1912E+01  6.093 0.0000 0.2000E-04 0.1000E+01
2680 0.2407E+01 0.1038E+03 0.1158E-08 0.7314E+01 0.9889E+04 0.1915E+01  6.082 0.0000 0.2000E-04 0.1000E+01
2685 0.2455E+01 0.1033E+03 0.1132E-08 0.7307E+01 0.9835E+04 0.1919E+01  6.071 0.0000 0.2000E-04 0.1000E+01
2690 0.2500E+01 0.1028E+03 0.1108E-08 0.7302E+01 0.9784E+04 0.1922E+01  6.061 0.0000 0.2000E-04 0.1000E+01
2690 0.2500E+01 0.1028E+03 0.1108E-08 0.7302E+01 0.9784E+04 0.1922E+01  6.061 0.0000 0.2000E-04 0.1000E+01
2695 0.2549E+01 0.1022E+03 0.1082E-08 0.7296E+01 0.9731E+04 0.1925E+01  6.050 0.0000 0.2000E-04 0.1000E+01
2700 0.2599E+01 0.1017E+03 0.1058E-08 0.7289E+01 0.9678E+04 0.1929E+01  6.039 0.0000 0.2000E-04 0.1000E+01
2705 0.2650E+01 0.1011E+03 0.1034E-08 0.7283E+01 0.9624E+04 0.1932E+01  6.028 0.0000 0.2000E-04 0.1000E+01
2710 0.2702E+01 0.1006E+03 0.1010E-08 0.7277E+01 0.9571E+04 0.1935E+01  6.017 0.0000 0.2000E-04 0.1000E+01
2715 0.2755E+01 0.1001E+03 0.9873E-09 0.7271E+01 0.9519E+04 0.1938E+01  6.006 0.0000 0.2000E-04 0.1000E+01
2720 0.2808E+01 0.9956E+02 0.9658E-09 0.7266E+01 0.9467E+04 0.1942E+01  5.995 0.0000 0.2000E-04 0.1000E+01
2725 0.2860E+01 0.9969E+02 0.9694E-09 0.7260E+01 0.9417E+04 0.1945E+01  5.985 0.0000 0.2000E-04 0.1000E+01
2730 0.2911E+01 0.9919E+02 0.9488E-09 0.7254E+01 0.9369E+04 0.1948E+01  5.975 0.0000 0.2000E-04 0.1000E+01
2735 0.2966E+01 0.9867E+02 0.9276E-09 0.7249E+01 0.9318E+04 0.1951E+01  5.964 0.0000 0.2000E-04 0.1000E+01
2739 0.3000E+01 0.9836E+02 0.9149E-09 0.7245E+01 0.9287E+04 0.1953E+01  5.957 0.0000 0.2000E-04 0.1000E+01
2740 0.3011E+01 0.9825E+02 0.9106E-09 0.7244E+01 0.9277E+04 0.1954E+01  5.955 0.0000 0.2000E-04 0.1000E+01
2745 0.3068E+01 0.9774E+02 0.8905E-09 0.7238E+01 0.9227E+04 0.1957E+01  5.944 0.0000 0.2000E-04 0.1000E+01
2750 0.3126E+01 0.9722E+02 0.8705E-09 0.7233E+01 0.9177E+04 0.1960E+01  5.933 0.0000 0.2000E-04 0.1000E+01
2755 0.3185E+01 0.9672E+02 0.8514E-09 0.7227E+01 0.9127E+04 0.1963E+01  5.923 0.0000 0.2000E-04 0.1000E+01
2760 0.3245E+01 0.9621E+02 0.8322E-09 0.7221E+01 0.9078E+04 0.1966E+01  5.912 0.0000 0.2000E-04 0.1000E+01
2765 0.3306E+01 0.9571E+02 0.8136E-09 0.7216E+01 0.9029E+04 0.1970E+01  5.901 0.0000 0.2000E-04 0.1000E+01
2770 0.3368E+01 0.9520E+02 0.7954E-09 0.7210E+01 0.8980E+04 0.1973E+01  5.890 0.0000 0.2000E-04 0.1000E+01
2775 0.3432E+01 0.9470E+02 0.7776E-09 0.7205E+01 0.8932E+04 0.1976E+01  5.879 0.0000 0.2000E-04 0.1000E+01
2780 0.3496E+01 0.9420E+02 0.7602E-09 0.7199E+01 0.8884E+04 0.1979E+01  5.868 0.0000 0.2000E-04 0.1000E+01
2781 0.3500E+01 0.9418E+02 0.7592E-09 0.7199E+01 0.8881E+04 0.1979E+01  5.867 0.0000 0.2000E-04 0.1000E+01
2785 0.3552E+01 0.9378E+02 0.7456E-09 0.7194E+01 0.8843E+04 0.1982E+01  5.859 0.0000 0.2000E-04 0.1000E+01
2790 0.3619E+01 0.9329E+02 0.7290E-09 0.7189E+01 0.8796E+04 0.1985E+01  5.848 0.0000 0.2000E-04 0.1000E+01
2795 0.3687E+01 0.9280E+02 0.7129E-09 0.7184E+01 0.8749E+04 0.1988E+01  5.837 0.0000 0.2000E-04 0.1000E+01
2800 0.3756E+01 0.9232E+02 0.6971E-09 0.7178E+01 0.8702E+04 0.1991E+01  5.826 0.0000 0.2000E-04 0.1000E+01
2805 0.3826E+01 0.9184E+02 0.6817E-09 0.7173E+01 0.8656E+04 0.1994E+01  5.815 0.0000 0.2000E-04 0.1000E+01
2810 0.3897E+01 0.9136E+02 0.6666E-09 0.7168E+01 0.8610E+04 0.1997E+01  5.804 0.0000 0.2000E-04 0.1000E+01
2815 0.3970E+01 0.9089E+02 0.6520E-09 0.7162E+01 0.8564E+04 0.2001E+01  5.793 0.0000 0.2000E-04 0.1000E+01
2818 0.4000E+01 0.9069E+02 0.6460E-09 0.7160E+01 0.8545E+04 0.2002E+01  5.789 0.0000 0.2000E-04 0.1000E+01
2820 0.4029E+01 0.9050E+02 0.6403E-09 0.7158E+01 0.8527E+04 0.2003E+01  5.784 0.0000 0.2000E-04 0.1000E+01
2825 0.4104E+01 0.9004E+02 0.6262E-09 0.7153E+01 0.8482E+04 0.2006E+01  5.773 0.0000 0.2000E-04 0.1000E+01
2830 0.4180E+01 0.8957E+02 0.6125E-09 0.7148E+01 0.8437E+04 0.2009E+01  5.762 0.0000 0.2000E-04 0.1000E+01
2835 0.4257E+01 0.8911E+02 0.5991E-09 0.7143E+01 0.8392E+04 0.2012E+01  5.751 0.0000 0.2000E-04 0.1000E+01
2840 0.4336E+01 0.8865E+02 0.5860E-09 0.7138E+01 0.8347E+04 0.2015E+01  5.741 0.0000 0.2000E-04 0.1000E+01
2845 0.4416E+01 0.8819E+02 0.5732E-09 0.7133E+01 0.8303E+04 0.2018E+01  5.730 0.0000 0.2000E-04 0.1000E+01
2850 0.4497E+01 0.8774E+02 0.5606E-09 0.7128E+01 0.8259E+04 0.2021E+01  5.719 0.0000 0.2000E-04 0.1000E+01
2851 0.4500E+01 0.8772E+02 0.5602E-09 0.7128E+01 0.8257E+04 0.2021E+01  5.718 0.0000 0.2000E-04 0.1000E+01
2855 0.4565E+01 0.8736E+02 0.5505E-09 0.7124E+01 0.8223E+04 0.2023E+01  5.710 0.0000 0.2000E-04 0.1000E+01
2860 0.4648E+01 0.8692E+02 0.5386E-09 0.7119E+01 0.8180E+04 0.2026E+01  5.699 0.0000 0.2000E-04 0.1000E+01
2865 0.4731E+01 0.8648E+02 0.5272E-09 0.7114E+01 0.8138E+04 0.2029E+01  5.688 0.0000 0.2000E-04 0.1000E+01
2870 0.4815E+01 0.8605E+02 0.5161E-09 0.7109E+01 0.8097E+04 0.2032E+01  5.678 0.0000 0.2000E-04 0.1000E+01
2875 0.4899E+01 0.8563E+02 0.5054E-09 0.7105E+01 0.8056E+04 0.2034E+01  5.667 0.0000 0.2000E-04 0.1000E+01
2880 0.4984E+01 0.8521E+02 0.4950E-09 0.7100E+01 0.8016E+04 0.2037E+01  5.657 0.0000 0.2000E-04 0.1000E+01
2881 0.5000E+01 0.8514E+02 0.4931E-09 0.7099E+01 0.8008E+04 0.2037E+01  5.655 0.0000 0.2000E-04 0.1000E+01
