 $INPUT
 IMODEL	=             1
 N	=           120
 MINSTP	=             0
 VEOS	=  1.000000000000000
 ILOOP	=             1
 STATIC	=   F
 FRACT	=  3.0000000000000001E-03
 SHINE	=  0.3000000000000000
 SHAVE	=  9.9999999999999995E-08
 POUT	=  5000000.000000000
 AMETH	=             2
 CMETH	=             1
 NOBOND	=             1
 TBEG	=  5.0000000000000004E-06
 TIMEF	=  20.00000000000000
 DTIMEO	=  5.0000000000000003E-02
 STEPO	=  0.5000000000000000
 LCORR	=   T
 LSTART	=   F
 MAXSTP	=         10000
 SPK	=  16.60000000000000
 STARL	=  0.0000000000000000E+00
 DIST	=  5.200000000000000
 ALB	=  0.3500000000000000
 TEFFS	=  5770.000000000000
 LCONV	=   T
 LTRANS	=   T
 LPOUT	=   F
 LFILL	=   F
 LCONT	=   T
 LBURN	=   T
 MAG	=  'O '
 GAM	=  '7X'
 MASS	=  109.4060000000000
 YHEA	=  0.2500000000000000
 YDI	=  2.0000000000000002E-05
 HB	=  1.000000000000000
 $end
 
 
 Gam,Mass,Yhe,Ydi,Dist,starl,alb=  7X 109.406   0.250 0.200E-04 0.520E+01 0.000E+00 0.350E+00
  I  Time(Gyrs) Teff        Lumin      Rad(Gcm)  Tc         Rhoc       S      Ratio  Yd         Yl


   5 0.1269E-05 0.3582E+04 0.2103E+00 0.8282E+02 0.4000E+06 0.3123E+00 16.586 0.0000 0.2000E-04 0.1000E+01
  10 0.2919E-05 0.3568E+04 0.2033E+00 0.8206E+02 0.4030E+06 0.3197E+00 16.565 0.0000 0.2000E-04 0.1000E+01
  15 0.4642E-05 0.3554E+04 0.1965E+00 0.8132E+02 0.4059E+06 0.3273E+00 16.545 0.0000 0.2000E-04 0.1000E+01
  17 0.0000E+00 0.3552E+04 0.1952E+00 0.8117E+02 0.4065E+06 0.3288E+00 16.541 0.0000 0.2000E-04 0.1000E+01
  20 0.1082E-05 0.3542E+04 0.1907E+00 0.8067E+02 0.4085E+06 0.3340E+00 16.527 0.0000 0.2000E-04 0.1000E+01
  25 0.2961E-05 0.3522E+04 0.1830E+00 0.7994E+02 0.4115E+06 0.3419E+00 16.507 0.0000 0.2000E-04 0.1000E+01
  30 0.4937E-05 0.3502E+04 0.1757E+00 0.7921E+02 0.4145E+06 0.3500E+00 16.486 0.0000 0.2000E-04 0.1000E+01
  35 0.7013E-05 0.3482E+04 0.1687E+00 0.7850E+02 0.4175E+06 0.3582E+00 16.466 0.0000 0.2000E-04 0.1000E+01
  40 0.9195E-05 0.3463E+04 0.1620E+00 0.7779E+02 0.4205E+06 0.3666E+00 16.445 0.0001 0.2000E-04 0.1000E+01
  45 0.1149E-04 0.3443E+04 0.1555E+00 0.7708E+02 0.4236E+06 0.3753E+00 16.425 0.0001 0.2000E-04 0.1000E+01
  50 0.1390E-04 0.3424E+04 0.1493E+00 0.7639E+02 0.4266E+06 0.3841E+00 16.404 0.0001 0.2000E-04 0.1000E+01
  55 0.1643E-04 0.3405E+04 0.1434E+00 0.7570E+02 0.4296E+06 0.3931E+00 16.384 0.0001 0.2000E-04 0.1000E+01
  60 0.1909E-04 0.3386E+04 0.1378E+00 0.7501E+02 0.4327E+06 0.4024E+00 16.363 0.0001 0.2000E-04 0.1000E+01
  65 0.2188E-04 0.3368E+04 0.1324E+00 0.7434E+02 0.4358E+06 0.4118E+00 16.342 0.0001 0.2000E-04 0.1000E+01
  70 0.2481E-04 0.3350E+04 0.1273E+00 0.7367E+02 0.4389E+06 0.4215E+00 16.322 0.0001 0.2000E-04 0.1000E+01
  75 0.2788E-04 0.3332E+04 0.1224E+00 0.7301E+02 0.4420E+06 0.4314E+00 16.301 0.0002 0.2000E-04 0.1000E+01
  80 0.3110E-04 0.3315E+04 0.1177E+00 0.7236E+02 0.4451E+06 0.4414E+00 16.280 0.0002 0.2000E-04 0.1000E+01
  85 0.3448E-04 0.3297E+04 0.1132E+00 0.7171E+02 0.4482E+06 0.4518E+00 16.260 0.0002 0.2000E-04 0.1000E+01
  90 0.3802E-04 0.3281E+04 0.1090E+00 0.7107E+02 0.4513E+06 0.4624E+00 16.239 0.0003 0.2000E-04 0.1000E+01
  95 0.4172E-04 0.3264E+04 0.1049E+00 0.7044E+02 0.4545E+06 0.4732E+00 16.218 0.0003 0.2000E-04 0.1000E+01
 100 0.4561E-04 0.3248E+04 0.1010E+00 0.6981E+02 0.4577E+06 0.4842E+00 16.197 0.0004 0.2000E-04 0.1000E+01
 105 0.4968E-04 0.3233E+04 0.9738E-01 0.6919E+02 0.4609E+06 0.4955E+00 16.176 0.0005 0.2000E-04 0.1000E+01
 110 0.5394E-04 0.3218E+04 0.9387E-01 0.6857E+02 0.4641E+06 0.5071E+00 16.155 0.0006 0.2000E-04 0.1000E+01
 115 0.5840E-04 0.3203E+04 0.9054E-01 0.6796E+02 0.4673E+06 0.5190E+00 16.134 0.0007 0.2000E-04 0.1000E+01
 120 0.6306E-04 0.3188E+04 0.8728E-01 0.6736E+02 0.4705E+06 0.5311E+00 16.113 0.0008 0.2000E-04 0.1000E+01
 125 0.6795E-04 0.3174E+04 0.8419E-01 0.6676E+02 0.4737E+06 0.5435E+00 16.092 0.0009 0.2000E-04 0.1000E+01
 130 0.7305E-04 0.3160E+04 0.8126E-01 0.6617E+02 0.4770E+06 0.5562E+00 16.071 0.0011 0.2000E-04 0.1000E+01
 135 0.7837E-04 0.3146E+04 0.7848E-01 0.6558E+02 0.4803E+06 0.5692E+00 16.050 0.0013 0.2000E-04 0.1000E+01
 140 0.8393E-04 0.3133E+04 0.7584E-01 0.6500E+02 0.4836E+06 0.5825E+00 16.029 0.0015 0.2000E-04 0.1000E+01
 145 0.8971E-04 0.3121E+04 0.7334E-01 0.6443E+02 0.4869E+06 0.5961E+00 16.008 0.0017 0.2000E-04 0.1000E+01
 150 0.9575E-04 0.3109E+04 0.7095E-01 0.6386E+02 0.4902E+06 0.6100E+00 15.987 0.0020 0.2000E-04 0.1000E+01
 155 0.1020E-03 0.3097E+04 0.6867E-01 0.6330E+02 0.4936E+06 0.6242E+00 15.966 0.0024 0.2000E-04 0.1000E+01
 160 0.1086E-03 0.3085E+04 0.6641E-01 0.6274E+02 0.4969E+06 0.6388E+00 15.945 0.0028 0.2000E-04 0.1000E+01
 165 0.1155E-03 0.3074E+04 0.6428E-01 0.6219E+02 0.5004E+06 0.6537E+00 15.923 0.0032 0.2000E-04 0.1000E+01
 170 0.1226E-03 0.3063E+04 0.6228E-01 0.6164E+02 0.5038E+06 0.6692E+00 15.902 0.0038 0.2000E-04 0.1000E+01
 175 0.1300E-03 0.3054E+04 0.6046E-01 0.6109E+02 0.5073E+06 0.6848E+00 15.880 0.0044 0.2000E-04 0.1000E+01
 180 0.1378E-03 0.3045E+04 0.5873E-01 0.6056E+02 0.5108E+06 0.7009E+00 15.859 0.0052 0.2000E-04 0.1000E+01
 185 0.1458E-03 0.3037E+04 0.5708E-01 0.6002E+02 0.5143E+06 0.7174E+00 15.838 0.0060 0.2000E-04 0.1000E+01
 190 0.1541E-03 0.3029E+04 0.5550E-01 0.5950E+02 0.5179E+06 0.7342E+00 15.816 0.0070 0.2000E-04 0.1000E+01
 195 0.1628E-03 0.3021E+04 0.5398E-01 0.5897E+02 0.5215E+06 0.7515E+00 15.795 0.0081 0.2000E-04 0.1000E+01
 200 0.1717E-03 0.3014E+04 0.5251E-01 0.5846E+02 0.5252E+06 0.7693E+00 15.773 0.0095 0.1999E-04 0.1000E+01
 205 0.1811E-03 0.3006E+04 0.5107E-01 0.5794E+02 0.5288E+06 0.7874E+00 15.752 0.0110 0.1999E-04 0.1000E+01
 210 0.1908E-03 0.2999E+04 0.4970E-01 0.5744E+02 0.5325E+06 0.8060E+00 15.730 0.0128 0.1999E-04 0.1000E+01
 215 0.2008E-03 0.2992E+04 0.4840E-01 0.5693E+02 0.5363E+06 0.8251E+00 15.708 0.0149 0.1999E-04 0.1000E+01
 220 0.2113E-03 0.2986E+04 0.4716E-01 0.5643E+02 0.5401E+06 0.8447E+00 15.687 0.0173 0.1999E-04 0.1000E+01
 225 0.2221E-03 0.2980E+04 0.4597E-01 0.5593E+02 0.5439E+06 0.8648E+00 15.665 0.0201 0.1999E-04 0.1000E+01
 230 0.2334E-03 0.2975E+04 0.4484E-01 0.5544E+02 0.5477E+06 0.8854E+00 15.643 0.0234 0.1998E-04 0.1000E+01
 235 0.2451E-03 0.2970E+04 0.4375E-01 0.5495E+02 0.5516E+06 0.9066E+00 15.621 0.0271 0.1998E-04 0.1000E+01
 240 0.2572E-03 0.2965E+04 0.4271E-01 0.5447E+02 0.5556E+06 0.9284E+00 15.599 0.0315 0.1998E-04 0.1000E+01
 245 0.2698E-03 0.2960E+04 0.4170E-01 0.5399E+02 0.5596E+06 0.9506E+00 15.577 0.0366 0.1997E-04 0.1000E+01
 250 0.2829E-03 0.2957E+04 0.4079E-01 0.5352E+02 0.5636E+06 0.9735E+00 15.555 0.0424 0.1997E-04 0.1000E+01
 255 0.2965E-03 0.2954E+04 0.3988E-01 0.5304E+02 0.5677E+06 0.9970E+00 15.533 0.0491 0.1997E-04 0.1000E+01
 260 0.3106E-03 0.2950E+04 0.3900E-01 0.5258E+02 0.5718E+06 0.1021E+01 15.511 0.0570 0.1996E-04 0.1000E+01
 265 0.3254E-03 0.2947E+04 0.3816E-01 0.5211E+02 0.5760E+06 0.1046E+01 15.489 0.0661 0.1995E-04 0.1000E+01
 270 0.3407E-03 0.2944E+04 0.3735E-01 0.5165E+02 0.5802E+06 0.1071E+01 15.467 0.0766 0.1994E-04 0.1000E+01
 275 0.3567E-03 0.2942E+04 0.3657E-01 0.5119E+02 0.5845E+06 0.1097E+01 15.444 0.0887 0.1993E-04 0.1000E+01
 280 0.3734E-03 0.2940E+04 0.3582E-01 0.5074E+02 0.5888E+06 0.1124E+01 15.422 0.1027 0.1992E-04 0.1000E+01
 285 0.3910E-03 0.2938E+04 0.3509E-01 0.5029E+02 0.5931E+06 0.1152E+01 15.400 0.1190 0.1991E-04 0.1000E+01
 290 0.4094E-03 0.2936E+04 0.3439E-01 0.4985E+02 0.5975E+06 0.1180E+01 15.377 0.1378 0.1989E-04 0.1000E+01
 295 0.4288E-03 0.2935E+04 0.3371E-01 0.4941E+02 0.6020E+06 0.1209E+01 15.355 0.1595 0.1987E-04 0.1000E+01
 300 0.4493E-03 0.2933E+04 0.3304E-01 0.4897E+02 0.6065E+06 0.1239E+01 15.332 0.1847 0.1984E-04 0.1000E+01
 305 0.4712E-03 0.2932E+04 0.3240E-01 0.4853E+02 0.6111E+06 0.1269E+01 15.310 0.2136 0.1982E-04 0.1000E+01
 310 0.4946E-03 0.2931E+04 0.3181E-01 0.4811E+02 0.6157E+06 0.1300E+01 15.287 0.2463 0.1978E-04 0.1000E+01
 315 0.5199E-03 0.2930E+04 0.3120E-01 0.4768E+02 0.6203E+06 0.1333E+01 15.265 0.2852 0.1974E-04 0.1000E+01
 320 0.5474E-03 0.2929E+04 0.3061E-01 0.4726E+02 0.6251E+06 0.1366E+01 15.242 0.3296 0.1968E-04 0.1000E+01
 325 0.5777E-03 0.2928E+04 0.3003E-01 0.4684E+02 0.6298E+06 0.1399E+01 15.219 0.3808 0.1961E-04 0.1000E+01
 330 0.6119E-03 0.2927E+04 0.2946E-01 0.4642E+02 0.6346E+06 0.1434E+01 15.197 0.4394 0.1953E-04 0.1000E+01
 335 0.6511E-03 0.2927E+04 0.2892E-01 0.4601E+02 0.6395E+06 0.1470E+01 15.174 0.5062 0.1941E-04 0.1000E+01
 340 0.6977E-03 0.2926E+04 0.2839E-01 0.4560E+02 0.6444E+06 0.1506E+01 15.151 0.5816 0.1926E-04 0.1000E+01
 345 0.7555E-03 0.2926E+04 0.2787E-01 0.4520E+02 0.6493E+06 0.1544E+01 15.129 0.6657 0.1905E-04 0.1000E+01
 350 0.8246E-03 0.2925E+04 0.2742E-01 0.4484E+02 0.6537E+06 0.1578E+01 15.108 0.7483 0.1877E-04 0.1000E+01
 355 0.8885E-03 0.2925E+04 0.2712E-01 0.4460E+02 0.6568E+06 0.1603E+01 15.094 0.8069 0.1849E-04 0.1000E+01
 360 0.9480E-03 0.2925E+04 0.2690E-01 0.4442E+02 0.6591E+06 0.1620E+01 15.084 0.8479 0.1821E-04 0.1000E+01
 365 0.1005E-02 0.2925E+04 0.2674E-01 0.4429E+02 0.6607E+06 0.1634E+01 15.076 0.8770 0.1794E-04 0.1000E+01
 370 0.1059E-02 0.2925E+04 0.2662E-01 0.4418E+02 0.6621E+06 0.1645E+01 15.070 0.8976 0.1767E-04 0.1000E+01
 375 0.1112E-02 0.2925E+04 0.2652E-01 0.4410E+02 0.6631E+06 0.1653E+01 15.065 0.9122 0.1741E-04 0.1000E+01
 380 0.1163E-02 0.2925E+04 0.2643E-01 0.4403E+02 0.6641E+06 0.1661E+01 15.061 0.9225 0.1715E-04 0.1000E+01
 385 0.1213E-02 0.2925E+04 0.2636E-01 0.4397E+02 0.6649E+06 0.1667E+01 15.058 0.9299 0.1689E-04 0.1000E+01
 390 0.1263E-02 0.2925E+04 0.2629E-01 0.4391E+02 0.6656E+06 0.1673E+01 15.054 0.9351 0.1664E-04 0.1000E+01
 395 0.1311E-02 0.2925E+04 0.2623E-01 0.4386E+02 0.6662E+06 0.1678E+01 15.052 0.9387 0.1639E-04 0.1000E+01
 400 0.1359E-02 0.2925E+04 0.2618E-01 0.4382E+02 0.6669E+06 0.1683E+01 15.049 0.9412 0.1615E-04 0.1000E+01
 405 0.1406E-02 0.2925E+04 0.2613E-01 0.4377E+02 0.6674E+06 0.1688E+01 15.046 0.9428 0.1591E-04 0.1000E+01
 410 0.1452E-02 0.2925E+04 0.2607E-01 0.4373E+02 0.6680E+06 0.1693E+01 15.044 0.9439 0.1567E-04 0.1000E+01
 415 0.1498E-02 0.2925E+04 0.2603E-01 0.4369E+02 0.6686E+06 0.1697E+01 15.041 0.9444 0.1544E-04 0.1000E+01
 420 0.1543E-02 0.2925E+04 0.2598E-01 0.4365E+02 0.6691E+06 0.1702E+01 15.039 0.9447 0.1521E-04 0.1000E+01
 425 0.1588E-02 0.2925E+04 0.2593E-01 0.4361E+02 0.6696E+06 0.1706E+01 15.036 0.9446 0.1498E-04 0.1000E+01
 430 0.1632E-02 0.2925E+04 0.2588E-01 0.4357E+02 0.6701E+06 0.1710E+01 15.034 0.9444 0.1476E-04 0.1000E+01
 435 0.1675E-02 0.2925E+04 0.2584E-01 0.4353E+02 0.6706E+06 0.1715E+01 15.032 0.9441 0.1454E-04 0.1000E+01
 440 0.1718E-02 0.2925E+04 0.2579E-01 0.4349E+02 0.6712E+06 0.1719E+01 15.030 0.9436 0.1432E-04 0.1000E+01
 445 0.1760E-02 0.2925E+04 0.2575E-01 0.4345E+02 0.6717E+06 0.1723E+01 15.027 0.9431 0.1411E-04 0.1000E+01
 450 0.1802E-02 0.2925E+04 0.2570E-01 0.4341E+02 0.6722E+06 0.1727E+01 15.025 0.9424 0.1390E-04 0.1000E+01
 455 0.1843E-02 0.2925E+04 0.2566E-01 0.4337E+02 0.6727E+06 0.1731E+01 15.023 0.9417 0.1369E-04 0.1000E+01
 460 0.1883E-02 0.2925E+04 0.2562E-01 0.4334E+02 0.6732E+06 0.1736E+01 15.021 0.9410 0.1348E-04 0.1000E+01
 465 0.1924E-02 0.2925E+04 0.2557E-01 0.4330E+02 0.6737E+06 0.1740E+01 15.018 0.9403 0.1328E-04 0.1000E+01
 470 0.1963E-02 0.2925E+04 0.2553E-01 0.4326E+02 0.6742E+06 0.1744E+01 15.016 0.9395 0.1309E-04 0.1000E+01
 475 0.2002E-02 0.2925E+04 0.2548E-01 0.4322E+02 0.6747E+06 0.1748E+01 15.014 0.9387 0.1289E-04 0.1000E+01
 480 0.2041E-02 0.2925E+04 0.2544E-01 0.4319E+02 0.6752E+06 0.1752E+01 15.012 0.9378 0.1270E-04 0.1000E+01
 485 0.2079E-02 0.2925E+04 0.2540E-01 0.4315E+02 0.6757E+06 0.1757E+01 15.009 0.9369 0.1251E-04 0.1000E+01
 490 0.2117E-02 0.2925E+04 0.2536E-01 0.4311E+02 0.6762E+06 0.1761E+01 15.007 0.9361 0.1232E-04 0.1000E+01
 495 0.2154E-02 0.2926E+04 0.2531E-01 0.4308E+02 0.6767E+06 0.1765E+01 15.005 0.9352 0.1214E-04 0.1000E+01
 500 0.2191E-02 0.2926E+04 0.2527E-01 0.4304E+02 0.6772E+06 0.1769E+01 15.003 0.9342 0.1196E-04 0.1000E+01
 505 0.2228E-02 0.2926E+04 0.2523E-01 0.4300E+02 0.6777E+06 0.1774E+01 15.001 0.9333 0.1178E-04 0.1000E+01
 510 0.2264E-02 0.2926E+04 0.2519E-01 0.4296E+02 0.6782E+06 0.1778E+01 14.998 0.9324 0.1160E-04 0.1000E+01
 515 0.2299E-02 0.2926E+04 0.2514E-01 0.4293E+02 0.6787E+06 0.1782E+01 14.996 0.9314 0.1143E-04 0.1000E+01
 520 0.2334E-02 0.2926E+04 0.2510E-01 0.4289E+02 0.6792E+06 0.1786E+01 14.994 0.9304 0.1126E-04 0.1000E+01
 525 0.2369E-02 0.2926E+04 0.2506E-01 0.4285E+02 0.6797E+06 0.1791E+01 14.992 0.9295 0.1109E-04 0.1000E+01
 530 0.2403E-02 0.2926E+04 0.2502E-01 0.4282E+02 0.6802E+06 0.1795E+01 14.990 0.9284 0.1093E-04 0.1000E+01
 535 0.2437E-02 0.2926E+04 0.2498E-01 0.4278E+02 0.6807E+06 0.1799E+01 14.987 0.9274 0.1076E-04 0.1000E+01
 540 0.2470E-02 0.2926E+04 0.2493E-01 0.4275E+02 0.6812E+06 0.1803E+01 14.985 0.9264 0.1060E-04 0.1000E+01
 545 0.2503E-02 0.2926E+04 0.2489E-01 0.4271E+02 0.6817E+06 0.1808E+01 14.983 0.9254 0.1045E-04 0.1000E+01
 550 0.2536E-02 0.2926E+04 0.2485E-01 0.4267E+02 0.6822E+06 0.1812E+01 14.981 0.9243 0.1029E-04 0.1000E+01
 555 0.2568E-02 0.2926E+04 0.2481E-01 0.4264E+02 0.6827E+06 0.1816E+01 14.979 0.9233 0.1014E-04 0.1000E+01
 560 0.2599E-02 0.2926E+04 0.2477E-01 0.4260E+02 0.6832E+06 0.1821E+01 14.976 0.9222 0.9986E-05 0.1000E+01
 565 0.2631E-02 0.2926E+04 0.2473E-01 0.4256E+02 0.6837E+06 0.1825E+01 14.974 0.9211 0.9837E-05 0.1000E+01
 570 0.2662E-02 0.2926E+04 0.2469E-01 0.4253E+02 0.6842E+06 0.1829E+01 14.972 0.9200 0.9691E-05 0.1000E+01
 575 0.2693E-02 0.2926E+04 0.2465E-01 0.4249E+02 0.6847E+06 0.1834E+01 14.970 0.9189 0.9546E-05 0.1000E+01
 580 0.2723E-02 0.2926E+04 0.2461E-01 0.4246E+02 0.6852E+06 0.1838E+01 14.968 0.9178 0.9404E-05 0.1000E+01
 585 0.2753E-02 0.2926E+04 0.2457E-01 0.4242E+02 0.6857E+06 0.1842E+01 14.966 0.9166 0.9264E-05 0.1000E+01
 590 0.2782E-02 0.2926E+04 0.2453E-01 0.4239E+02 0.6862E+06 0.1847E+01 14.963 0.9155 0.9126E-05 0.1000E+01
 595 0.2811E-02 0.2926E+04 0.2449E-01 0.4235E+02 0.6867E+06 0.1851E+01 14.961 0.9143 0.8990E-05 0.1000E+01
 600 0.2840E-02 0.2926E+04 0.2445E-01 0.4231E+02 0.6872E+06 0.1855E+01 14.959 0.9131 0.8856E-05 0.1000E+01
 605 0.2869E-02 0.2926E+04 0.2441E-01 0.4228E+02 0.6877E+06 0.1860E+01 14.957 0.9119 0.8724E-05 0.1000E+01
 610 0.2897E-02 0.2926E+04 0.2437E-01 0.4224E+02 0.6882E+06 0.1864E+01 14.955 0.9107 0.8594E-05 0.1000E+01
 615 0.2925E-02 0.2926E+04 0.2433E-01 0.4221E+02 0.6887E+06 0.1868E+01 14.953 0.9095 0.8466E-05 0.1000E+01
 620 0.2952E-02 0.2926E+04 0.2429E-01 0.4217E+02 0.6892E+06 0.1873E+01 14.950 0.9083 0.8339E-05 0.1000E+01
 625 0.2979E-02 0.2926E+04 0.2425E-01 0.4214E+02 0.6897E+06 0.1877E+01 14.948 0.9070 0.8215E-05 0.1000E+01
 629 0.3000E-02 0.2926E+04 0.2422E-01 0.4211E+02 0.6900E+06 0.1881E+01 14.947 0.9060 0.8121E-05 0.1000E+01
 630 0.3005E-02 0.2926E+04 0.2421E-01 0.4210E+02 0.6901E+06 0.1881E+01 14.946 0.9058 0.8096E-05 0.1000E+01
 635 0.3032E-02 0.2926E+04 0.2417E-01 0.4207E+02 0.6906E+06 0.1886E+01 14.944 0.9045 0.7976E-05 0.1000E+01
 640 0.3058E-02 0.2926E+04 0.2413E-01 0.4203E+02 0.6911E+06 0.1890E+01 14.942 0.9032 0.7857E-05 0.1000E+01
 645 0.3084E-02 0.2927E+04 0.2410E-01 0.4200E+02 0.6916E+06 0.1895E+01 14.940 0.9019 0.7740E-05 0.1000E+01
 650 0.3110E-02 0.2927E+04 0.2406E-01 0.4196E+02 0.6921E+06 0.1899E+01 14.937 0.9006 0.7624E-05 0.1000E+01
 655 0.3135E-02 0.2927E+04 0.2402E-01 0.4193E+02 0.6926E+06 0.1903E+01 14.935 0.8993 0.7511E-05 0.1000E+01
 660 0.3160E-02 0.2927E+04 0.2398E-01 0.4189E+02 0.6931E+06 0.1908E+01 14.933 0.8979 0.7399E-05 0.1000E+01
 665 0.3184E-02 0.2927E+04 0.2394E-01 0.4186E+02 0.6936E+06 0.1912E+01 14.931 0.8966 0.7288E-05 0.1000E+01
 670 0.3209E-02 0.2927E+04 0.2390E-01 0.4182E+02 0.6941E+06 0.1917E+01 14.929 0.8952 0.7180E-05 0.1000E+01
 675 0.3233E-02 0.2927E+04 0.2387E-01 0.4179E+02 0.6946E+06 0.1921E+01 14.927 0.8938 0.7073E-05 0.1000E+01
 680 0.3257E-02 0.2927E+04 0.2383E-01 0.4175E+02 0.6951E+06 0.1926E+01 14.925 0.8924 0.6967E-05 0.1000E+01
 685 0.3280E-02 0.2927E+04 0.2379E-01 0.4172E+02 0.6956E+06 0.1930E+01 14.923 0.8910 0.6863E-05 0.1000E+01
 690 0.3303E-02 0.2927E+04 0.2375E-01 0.4169E+02 0.6961E+06 0.1935E+01 14.920 0.8895 0.6761E-05 0.1000E+01
 695 0.3326E-02 0.2927E+04 0.2371E-01 0.4165E+02 0.6966E+06 0.1939E+01 14.918 0.8881 0.6660E-05 0.1000E+01
 700 0.3349E-02 0.2927E+04 0.2368E-01 0.4162E+02 0.6971E+06 0.1944E+01 14.916 0.8866 0.6561E-05 0.1000E+01
 705 0.3372E-02 0.2927E+04 0.2364E-01 0.4158E+02 0.6976E+06 0.1948E+01 14.914 0.8852 0.6463E-05 0.1000E+01
 710 0.3394E-02 0.2927E+04 0.2360E-01 0.4155E+02 0.6980E+06 0.1953E+01 14.912 0.8837 0.6367E-05 0.1000E+01
 715 0.3416E-02 0.2927E+04 0.2357E-01 0.4151E+02 0.6985E+06 0.1957E+01 14.910 0.8822 0.6272E-05 0.1000E+01
 720 0.3437E-02 0.2927E+04 0.2353E-01 0.4148E+02 0.6990E+06 0.1962E+01 14.908 0.8806 0.6179E-05 0.1000E+01
 725 0.3459E-02 0.2927E+04 0.2349E-01 0.4145E+02 0.6995E+06 0.1966E+01 14.906 0.8791 0.6086E-05 0.1000E+01
 730 0.3480E-02 0.2927E+04 0.2346E-01 0.4141E+02 0.7000E+06 0.1971E+01 14.903 0.8775 0.5996E-05 0.1000E+01
 735 0.3501E-02 0.2927E+04 0.2342E-01 0.4138E+02 0.7005E+06 0.1975E+01 14.901 0.8760 0.5906E-05 0.1000E+01
 740 0.3522E-02 0.2927E+04 0.2338E-01 0.4135E+02 0.7010E+06 0.1980E+01 14.899 0.8744 0.5818E-05 0.1000E+01
 745 0.3542E-02 0.2928E+04 0.2335E-01 0.4131E+02 0.7015E+06 0.1984E+01 14.897 0.8728 0.5732E-05 0.1000E+01
 750 0.3562E-02 0.2928E+04 0.2331E-01 0.4128E+02 0.7020E+06 0.1989E+01 14.895 0.8712 0.5646E-05 0.1000E+01
 755 0.3582E-02 0.2928E+04 0.2327E-01 0.4124E+02 0.7025E+06 0.1993E+01 14.893 0.8695 0.5562E-05 0.1000E+01
 760 0.3602E-02 0.2928E+04 0.2324E-01 0.4121E+02 0.7030E+06 0.1998E+01 14.891 0.8679 0.5479E-05 0.1000E+01
 765 0.3621E-02 0.2928E+04 0.2320E-01 0.4118E+02 0.7035E+06 0.2002E+01 14.889 0.8662 0.5397E-05 0.1000E+01
 770 0.3641E-02 0.2928E+04 0.2317E-01 0.4115E+02 0.7039E+06 0.2007E+01 14.887 0.8646 0.5317E-05 0.1000E+01
 775 0.3660E-02 0.2928E+04 0.2313E-01 0.4111E+02 0.7044E+06 0.2011E+01 14.885 0.8629 0.5238E-05 0.1000E+01
 780 0.3679E-02 0.2928E+04 0.2310E-01 0.4108E+02 0.7049E+06 0.2016E+01 14.882 0.8612 0.5160E-05 0.1000E+01
 785 0.3697E-02 0.2928E+04 0.2306E-01 0.4105E+02 0.7054E+06 0.2020E+01 14.880 0.8595 0.5083E-05 0.1000E+01
 790 0.3716E-02 0.2928E+04 0.2303E-01 0.4101E+02 0.7059E+06 0.2025E+01 14.878 0.8577 0.5007E-05 0.1000E+01
 795 0.3734E-02 0.2928E+04 0.2299E-01 0.4098E+02 0.7064E+06 0.2029E+01 14.876 0.8560 0.4932E-05 0.1000E+01
 800 0.3752E-02 0.2928E+04 0.2296E-01 0.4095E+02 0.7069E+06 0.2034E+01 14.874 0.8542 0.4859E-05 0.1000E+01
 805 0.3770E-02 0.2928E+04 0.2292E-01 0.4092E+02 0.7074E+06 0.2039E+01 14.872 0.8524 0.4786E-05 0.1000E+01
 810 0.3787E-02 0.2928E+04 0.2289E-01 0.4088E+02 0.7079E+06 0.2043E+01 14.870 0.8506 0.4715E-05 0.1000E+01
 815 0.3805E-02 0.2928E+04 0.2285E-01 0.4085E+02 0.7083E+06 0.2048E+01 14.868 0.8488 0.4645E-05 0.1000E+01
 820 0.3822E-02 0.2928E+04 0.2282E-01 0.4082E+02 0.7088E+06 0.2052E+01 14.866 0.8470 0.4576E-05 0.1000E+01
 825 0.3839E-02 0.2928E+04 0.2278E-01 0.4079E+02 0.7093E+06 0.2057E+01 14.864 0.8451 0.4507E-05 0.1000E+01
 830 0.3856E-02 0.2928E+04 0.2275E-01 0.4075E+02 0.7098E+06 0.2061E+01 14.862 0.8432 0.4440E-05 0.1000E+01
 835 0.3872E-02 0.2929E+04 0.2271E-01 0.4072E+02 0.7103E+06 0.2066E+01 14.860 0.8414 0.4374E-05 0.1000E+01
 840 0.3889E-02 0.2929E+04 0.2268E-01 0.4069E+02 0.7108E+06 0.2071E+01 14.858 0.8395 0.4309E-05 0.1000E+01
 845 0.3905E-02 0.2929E+04 0.2265E-01 0.4066E+02 0.7113E+06 0.2075E+01 14.856 0.8376 0.4245E-05 0.1000E+01
 850 0.3921E-02 0.2929E+04 0.2261E-01 0.4062E+02 0.7117E+06 0.2080E+01 14.854 0.8356 0.4181E-05 0.1000E+01
 855 0.3937E-02 0.2929E+04 0.2258E-01 0.4059E+02 0.7122E+06 0.2084E+01 14.852 0.8337 0.4119E-05 0.1000E+01
 860 0.3953E-02 0.2929E+04 0.2255E-01 0.4056E+02 0.7127E+06 0.2089E+01 14.850 0.8317 0.4058E-05 0.1000E+01
 865 0.3968E-02 0.2929E+04 0.2251E-01 0.4053E+02 0.7132E+06 0.2094E+01 14.848 0.8298 0.3997E-05 0.1000E+01
 870 0.3984E-02 0.2929E+04 0.2248E-01 0.4050E+02 0.7137E+06 0.2098E+01 14.846 0.8278 0.3938E-05 0.1000E+01
 875 0.3999E-02 0.2929E+04 0.2245E-01 0.4047E+02 0.7141E+06 0.2103E+01 14.844 0.8258 0.3879E-05 0.1000E+01
 880 0.4014E-02 0.2929E+04 0.2241E-01 0.4044E+02 0.7146E+06 0.2107E+01 14.842 0.8238 0.3821E-05 0.1000E+01
 885 0.4029E-02 0.2929E+04 0.2238E-01 0.4040E+02 0.7151E+06 0.2112E+01 14.840 0.8217 0.3764E-05 0.1000E+01
 890 0.4043E-02 0.2929E+04 0.2235E-01 0.4037E+02 0.7156E+06 0.2117E+01 14.838 0.8197 0.3708E-05 0.1000E+01
 895 0.4058E-02 0.2929E+04 0.2232E-01 0.4034E+02 0.7161E+06 0.2121E+01 14.836 0.8176 0.3653E-05 0.1000E+01
 900 0.4072E-02 0.2929E+04 0.2228E-01 0.4031E+02 0.7165E+06 0.2126E+01 14.834 0.8155 0.3598E-05 0.1000E+01
 905 0.4087E-02 0.2929E+04 0.2225E-01 0.4028E+02 0.7170E+06 0.2130E+01 14.832 0.8134 0.3545E-05 0.1000E+01
 910 0.4101E-02 0.2929E+04 0.2222E-01 0.4025E+02 0.7175E+06 0.2135E+01 14.830 0.8113 0.3492E-05 0.1000E+01
 915 0.4115E-02 0.2930E+04 0.2219E-01 0.4022E+02 0.7180E+06 0.2140E+01 14.828 0.8091 0.3440E-05 0.1000E+01
 920 0.4128E-02 0.2930E+04 0.2215E-01 0.4019E+02 0.7185E+06 0.2144E+01 14.826 0.8070 0.3389E-05 0.1000E+01
 925 0.4142E-02 0.2930E+04 0.2212E-01 0.4016E+02 0.7189E+06 0.2149E+01 14.824 0.8049 0.3338E-05 0.1000E+01
 930 0.4155E-02 0.2930E+04 0.2209E-01 0.4013E+02 0.7194E+06 0.2153E+01 14.822 0.8027 0.3288E-05 0.1000E+01
 935 0.4169E-02 0.2930E+04 0.2206E-01 0.4010E+02 0.7199E+06 0.2158E+01 14.820 0.8005 0.3239E-05 0.1000E+01
 940 0.4182E-02 0.2930E+04 0.2203E-01 0.4006E+02 0.7203E+06 0.2163E+01 14.818 0.7983 0.3191E-05 0.1000E+01
 945 0.4195E-02 0.2930E+04 0.2200E-01 0.4003E+02 0.7208E+06 0.2167E+01 14.816 0.7961 0.3143E-05 0.1000E+01
 950 0.4208E-02 0.2930E+04 0.2196E-01 0.4000E+02 0.7213E+06 0.2172E+01 14.814 0.7938 0.3097E-05 0.1000E+01
 955 0.4221E-02 0.2930E+04 0.2193E-01 0.3997E+02 0.7218E+06 0.2176E+01 14.812 0.7916 0.3050E-05 0.1000E+01
 960 0.4233E-02 0.2930E+04 0.2190E-01 0.3994E+02 0.7222E+06 0.2181E+01 14.810 0.7893 0.3005E-05 0.1000E+01
 965 0.4246E-02 0.2930E+04 0.2187E-01 0.3991E+02 0.7227E+06 0.2186E+01 14.808 0.7871 0.2960E-05 0.1000E+01
 970 0.4258E-02 0.2930E+04 0.2184E-01 0.3988E+02 0.7232E+06 0.2190E+01 14.806 0.7848 0.2916E-05 0.1000E+01
 975 0.4270E-02 0.2930E+04 0.2181E-01 0.3985E+02 0.7236E+06 0.2195E+01 14.804 0.7824 0.2873E-05 0.1000E+01
 980 0.4282E-02 0.2930E+04 0.2178E-01 0.3982E+02 0.7241E+06 0.2200E+01 14.802 0.7801 0.2830E-05 0.1000E+01
 985 0.4294E-02 0.2930E+04 0.2175E-01 0.3979E+02 0.7246E+06 0.2204E+01 14.800 0.7778 0.2788E-05 0.1000E+01
 990 0.4306E-02 0.2930E+04 0.2172E-01 0.3977E+02 0.7251E+06 0.2209E+01 14.798 0.7754 0.2746E-05 0.1000E+01
 995 0.4318E-02 0.2931E+04 0.2169E-01 0.3974E+02 0.7255E+06 0.2213E+01 14.796 0.7730 0.2705E-05 0.1000E+01
1000 0.4330E-02 0.2931E+04 0.2166E-01 0.3971E+02 0.7260E+06 0.2218E+01 14.794 0.7707 0.2665E-05 0.1000E+01
1005 0.4341E-02 0.2931E+04 0.2163E-01 0.3968E+02 0.7264E+06 0.2223E+01 14.792 0.7683 0.2625E-05 0.1000E+01
1010 0.4352E-02 0.2931E+04 0.2160E-01 0.3965E+02 0.7269E+06 0.2227E+01 14.791 0.7658 0.2586E-05 0.1000E+01
1015 0.4364E-02 0.2931E+04 0.2157E-01 0.3962E+02 0.7274E+06 0.2232E+01 14.789 0.7634 0.2547E-05 0.1000E+01
1020 0.4375E-02 0.2931E+04 0.2154E-01 0.3959E+02 0.7278E+06 0.2236E+01 14.787 0.7610 0.2510E-05 0.1000E+01
1025 0.4386E-02 0.2931E+04 0.2151E-01 0.3956E+02 0.7283E+06 0.2241E+01 14.785 0.7585 0.2472E-05 0.1000E+01
1030 0.4397E-02 0.2931E+04 0.2148E-01 0.3953E+02 0.7288E+06 0.2246E+01 14.783 0.7560 0.2435E-05 0.1000E+01
1035 0.4407E-02 0.2931E+04 0.2145E-01 0.3950E+02 0.7292E+06 0.2250E+01 14.781 0.7536 0.2399E-05 0.1000E+01
1040 0.4418E-02 0.2931E+04 0.2142E-01 0.3947E+02 0.7297E+06 0.2255E+01 14.779 0.7511 0.2363E-05 0.1000E+01
1045 0.4429E-02 0.2931E+04 0.2139E-01 0.3945E+02 0.7301E+06 0.2259E+01 14.777 0.7485 0.2328E-05 0.1000E+01
1050 0.4439E-02 0.2931E+04 0.2136E-01 0.3942E+02 0.7306E+06 0.2264E+01 14.775 0.7460 0.2293E-05 0.1000E+01
1055 0.4449E-02 0.2931E+04 0.2133E-01 0.3939E+02 0.7311E+06 0.2269E+01 14.773 0.7435 0.2259E-05 0.1000E+01
1060 0.4460E-02 0.2931E+04 0.2130E-01 0.3936E+02 0.7315E+06 0.2273E+01 14.772 0.7409 0.2225E-05 0.1000E+01
1065 0.4470E-02 0.2931E+04 0.2128E-01 0.3933E+02 0.7320E+06 0.2278E+01 14.770 0.7384 0.2192E-05 0.1000E+01
1070 0.4480E-02 0.2931E+04 0.2125E-01 0.3930E+02 0.7324E+06 0.2282E+01 14.768 0.7358 0.2160E-05 0.1000E+01
1075 0.4490E-02 0.2932E+04 0.2122E-01 0.3928E+02 0.7329E+06 0.2287E+01 14.766 0.7332 0.2127E-05 0.1000E+01
1080 0.4500E-02 0.2932E+04 0.2119E-01 0.3925E+02 0.7333E+06 0.2292E+01 14.764 0.7306 0.2096E-05 0.1000E+01
1085 0.4509E-02 0.2932E+04 0.2116E-01 0.3922E+02 0.7338E+06 0.2296E+01 14.762 0.7280 0.2065E-05 0.1000E+01
1090 0.4519E-02 0.2932E+04 0.2114E-01 0.3919E+02 0.7342E+06 0.2301E+01 14.760 0.7253 0.2034E-05 0.1000E+01
1095 0.4528E-02 0.2932E+04 0.2111E-01 0.3917E+02 0.7347E+06 0.2305E+01 14.759 0.7227 0.2003E-05 0.1000E+01
1100 0.4538E-02 0.2932E+04 0.2108E-01 0.3914E+02 0.7351E+06 0.2310E+01 14.757 0.7200 0.1974E-05 0.1000E+01
1105 0.4547E-02 0.2932E+04 0.2105E-01 0.3911E+02 0.7356E+06 0.2315E+01 14.755 0.7174 0.1944E-05 0.1000E+01
1110 0.4556E-02 0.2932E+04 0.2102E-01 0.3908E+02 0.7360E+06 0.2319E+01 14.753 0.7147 0.1915E-05 0.1000E+01
1115 0.4566E-02 0.2932E+04 0.2100E-01 0.3906E+02 0.7365E+06 0.2324E+01 14.751 0.7120 0.1887E-05 0.1000E+01
1120 0.4575E-02 0.2932E+04 0.2097E-01 0.3903E+02 0.7369E+06 0.2328E+01 14.749 0.7093 0.1859E-05 0.1000E+01
1125 0.4584E-02 0.2932E+04 0.2094E-01 0.3900E+02 0.7374E+06 0.2333E+01 14.748 0.7066 0.1831E-05 0.1000E+01
1130 0.4593E-02 0.2932E+04 0.2092E-01 0.3897E+02 0.7378E+06 0.2338E+01 14.746 0.7039 0.1804E-05 0.1000E+01
1135 0.4601E-02 0.2932E+04 0.2089E-01 0.3895E+02 0.7383E+06 0.2342E+01 14.744 0.7011 0.1777E-05 0.1000E+01
1140 0.4610E-02 0.2932E+04 0.2086E-01 0.3892E+02 0.7387E+06 0.2347E+01 14.742 0.6984 0.1750E-05 0.1000E+01
1145 0.4619E-02 0.2933E+04 0.2083E-01 0.3889E+02 0.7391E+06 0.2351E+01 14.740 0.6956 0.1724E-05 0.1000E+01
1150 0.4627E-02 0.2933E+04 0.2081E-01 0.3887E+02 0.7396E+06 0.2356E+01 14.739 0.6928 0.1698E-05 0.1000E+01
1155 0.4636E-02 0.2933E+04 0.2078E-01 0.3884E+02 0.7400E+06 0.2360E+01 14.737 0.6901 0.1673E-05 0.1000E+01
1160 0.4644E-02 0.2933E+04 0.2076E-01 0.3881E+02 0.7405E+06 0.2365E+01 14.735 0.6873 0.1648E-05 0.1000E+01
1165 0.4652E-02 0.2933E+04 0.2073E-01 0.3879E+02 0.7409E+06 0.2369E+01 14.733 0.6845 0.1624E-05 0.1000E+01
1170 0.4661E-02 0.2933E+04 0.2070E-01 0.3876E+02 0.7413E+06 0.2374E+01 14.732 0.6817 0.1599E-05 0.1000E+01
1175 0.4669E-02 0.2933E+04 0.2068E-01 0.3873E+02 0.7418E+06 0.2379E+01 14.730 0.6788 0.1576E-05 0.1000E+01
1180 0.4677E-02 0.2933E+04 0.2065E-01 0.3871E+02 0.7422E+06 0.2383E+01 14.728 0.6760 0.1552E-05 0.1000E+01
1185 0.4685E-02 0.2933E+04 0.2062E-01 0.3868E+02 0.7426E+06 0.2388E+01 14.726 0.6732 0.1529E-05 0.1000E+01
1190 0.4693E-02 0.2933E+04 0.2060E-01 0.3866E+02 0.7431E+06 0.2392E+01 14.725 0.6703 0.1506E-05 0.1000E+01
1195 0.4701E-02 0.2933E+04 0.2057E-01 0.3863E+02 0.7435E+06 0.2397E+01 14.723 0.6675 0.1484E-05 0.1000E+01
1200 0.4708E-02 0.2933E+04 0.2055E-01 0.3860E+02 0.7439E+06 0.2401E+01 14.721 0.6646 0.1462E-05 0.1000E+01
1205 0.4716E-02 0.2933E+04 0.2052E-01 0.3858E+02 0.7444E+06 0.2406E+01 14.719 0.6618 0.1440E-05 0.1000E+01
1210 0.4724E-02 0.2933E+04 0.2050E-01 0.3855E+02 0.7448E+06 0.2410E+01 14.718 0.6589 0.1418E-05 0.1000E+01
1215 0.4731E-02 0.2933E+04 0.2047E-01 0.3853E+02 0.7452E+06 0.2415E+01 14.716 0.6560 0.1397E-05 0.1000E+01
1220 0.4739E-02 0.2934E+04 0.2045E-01 0.3850E+02 0.7457E+06 0.2419E+01 14.714 0.6531 0.1376E-05 0.1000E+01
1225 0.4746E-02 0.2934E+04 0.2042E-01 0.3848E+02 0.7461E+06 0.2424E+01 14.712 0.6502 0.1356E-05 0.1000E+01
1230 0.4754E-02 0.2934E+04 0.2040E-01 0.3845E+02 0.7465E+06 0.2428E+01 14.711 0.6472 0.1336E-05 0.1000E+01
1235 0.4761E-02 0.2934E+04 0.2037E-01 0.3843E+02 0.7469E+06 0.2433E+01 14.709 0.6443 0.1316E-05 0.1000E+01
1240 0.4768E-02 0.2934E+04 0.2035E-01 0.3840E+02 0.7474E+06 0.2437E+01 14.707 0.6414 0.1296E-05 0.1000E+01
1245 0.4775E-02 0.2934E+04 0.2032E-01 0.3838E+02 0.7478E+06 0.2442E+01 14.706 0.6385 0.1277E-05 0.1000E+01
1250 0.4782E-02 0.2934E+04 0.2030E-01 0.3835E+02 0.7482E+06 0.2446E+01 14.704 0.6355 0.1258E-05 0.1000E+01
1255 0.4789E-02 0.2934E+04 0.2027E-01 0.3833E+02 0.7486E+06 0.2451E+01 14.702 0.6326 0.1239E-05 0.1000E+01
1260 0.4796E-02 0.2934E+04 0.2025E-01 0.3830E+02 0.7490E+06 0.2455E+01 14.701 0.6296 0.1221E-05 0.1000E+01
1265 0.4803E-02 0.2934E+04 0.2023E-01 0.3828E+02 0.7495E+06 0.2460E+01 14.699 0.6266 0.1202E-05 0.1000E+01
1270 0.4810E-02 0.2934E+04 0.2020E-01 0.3825E+02 0.7499E+06 0.2464E+01 14.697 0.6237 0.1185E-05 0.1000E+01
1275 0.4817E-02 0.2934E+04 0.2018E-01 0.3823E+02 0.7503E+06 0.2469E+01 14.695 0.6207 0.1167E-05 0.1000E+01
1280 0.4823E-02 0.2934E+04 0.2015E-01 0.3820E+02 0.7507E+06 0.2473E+01 14.694 0.6177 0.1150E-05 0.1000E+01
1285 0.4830E-02 0.2934E+04 0.2013E-01 0.3818E+02 0.7511E+06 0.2478E+01 14.692 0.6147 0.1132E-05 0.1000E+01
1290 0.4837E-02 0.2935E+04 0.2011E-01 0.3816E+02 0.7515E+06 0.2482E+01 14.690 0.6117 0.1116E-05 0.1000E+01
1295 0.4843E-02 0.2935E+04 0.2008E-01 0.3813E+02 0.7520E+06 0.2486E+01 14.689 0.6087 0.1099E-05 0.1000E+01
1300 0.4850E-02 0.2935E+04 0.2006E-01 0.3811E+02 0.7524E+06 0.2491E+01 14.687 0.6057 0.1083E-05 0.1000E+01
1305 0.4856E-02 0.2935E+04 0.2004E-01 0.3808E+02 0.7528E+06 0.2495E+01 14.686 0.6027 0.1066E-05 0.1000E+01
1310 0.4862E-02 0.2935E+04 0.2001E-01 0.3806E+02 0.7532E+06 0.2500E+01 14.684 0.5997 0.1050E-05 0.1000E+01
1315 0.4869E-02 0.2935E+04 0.1999E-01 0.3804E+02 0.7536E+06 0.2504E+01 14.682 0.5967 0.1035E-05 0.1000E+01
1320 0.4875E-02 0.2935E+04 0.1997E-01 0.3801E+02 0.7540E+06 0.2509E+01 14.681 0.5937 0.1019E-05 0.1000E+01
1325 0.4881E-02 0.2935E+04 0.1995E-01 0.3799E+02 0.7544E+06 0.2513E+01 14.679 0.5907 0.1004E-05 0.1000E+01
1330 0.4891E-02 0.2935E+04 0.1991E-01 0.3795E+02 0.7550E+06 0.2520E+01 14.676 0.5859 0.9804E-06 0.1000E+01
1335 0.4927E-02 0.2936E+04 0.1977E-01 0.3781E+02 0.7575E+06 0.2547E+01 14.667 0.5682 0.8957E-06 0.1000E+01
1340 0.4988E-02 0.2936E+04 0.1953E-01 0.3756E+02 0.7619E+06 0.2596E+01 14.649 0.5358 0.7584E-06 0.1000E+01
1345 0.5067E-02 0.2938E+04 0.1921E-01 0.3722E+02 0.7680E+06 0.2664E+01 14.625 0.4899 0.5997E-06 0.1000E+01
1350 0.5143E-02 0.2939E+04 0.1888E-01 0.3687E+02 0.7743E+06 0.2736E+01 14.600 0.4398 0.4637E-06 0.1000E+01
1355 0.5214E-02 0.2940E+04 0.1856E-01 0.3652E+02 0.7806E+06 0.2810E+01 14.576 0.3878 0.3525E-06 0.1000E+01
1360 0.5280E-02 0.2941E+04 0.1825E-01 0.3618E+02 0.7869E+06 0.2885E+01 14.551 0.3351 0.2628E-06 0.1000E+01
1365 0.5344E-02 0.2943E+04 0.1794E-01 0.3585E+02 0.7932E+06 0.2963E+01 14.527 0.2829 0.1916E-06 0.1000E+01
1370 0.5404E-02 0.2944E+04 0.1765E-01 0.3552E+02 0.7996E+06 0.3042E+01 14.502 0.2325 0.1360E-06 0.1000E+01
1375 0.5462E-02 0.2945E+04 0.1736E-01 0.3519E+02 0.8060E+06 0.3124E+01 14.478 0.1851 0.9365E-07 0.1000E+01
1380 0.5518E-02 0.2947E+04 0.1707E-01 0.3487E+02 0.8125E+06 0.3207E+01 14.454 0.1420 0.6217E-07 0.1000E+01
1385 0.5573E-02 0.2948E+04 0.1679E-01 0.3455E+02 0.8190E+06 0.3293E+01 14.429 0.1043 0.3953E-07 0.1000E+01
1390 0.5627E-02 0.2950E+04 0.1652E-01 0.3423E+02 0.8255E+06 0.3380E+01 14.405 0.0727 0.2389E-07 0.1000E+01
1395 0.5681E-02 0.2951E+04 0.1626E-01 0.3392E+02 0.8321E+06 0.3470E+01 14.381 0.0477 0.1358E-07 0.1000E+01
1400 0.5735E-02 0.2953E+04 0.1599E-01 0.3361E+02 0.8387E+06 0.3562E+01 14.356 0.0291 0.7185E-08 0.1000E+01
1405 0.5789E-02 0.2954E+04 0.1574E-01 0.3330E+02 0.8453E+06 0.3657E+01 14.332 0.0163 0.3494E-08 0.1000E+01
1410 0.5844E-02 0.2956E+04 0.1549E-01 0.3300E+02 0.8520E+06 0.3754E+01 14.308 0.0083 0.1541E-08 0.1000E+01
1415 0.5901E-02 0.2958E+04 0.1524E-01 0.3270E+02 0.8588E+06 0.3854E+01 14.283 0.0038 0.6069E-09 0.1000E+01
1420 0.5958E-02 0.2959E+04 0.1499E-01 0.3240E+02 0.8656E+06 0.3957E+01 14.259 0.0015 0.2101E-09 0.1000E+01
1425 0.6018E-02 0.2961E+04 0.1476E-01 0.3211E+02 0.8725E+06 0.4063E+01 14.234 0.0005 0.6291E-10 0.1000E+01
1430 0.6078E-02 0.2963E+04 0.1452E-01 0.3181E+02 0.8794E+06 0.4172E+01 14.210 0.0002 0.1606E-10 0.1000E+01
1435 0.6140E-02 0.2964E+04 0.1429E-01 0.3152E+02 0.8864E+06 0.4283E+01 14.185 0.0000 0.3444E-11 0.1000E+01
1440 0.6204E-02 0.2966E+04 0.1407E-01 0.3123E+02 0.8935E+06 0.4398E+01 14.160 0.0000 0.6119E-12 0.1000E+01
1445 0.6268E-02 0.2968E+04 0.1385E-01 0.3096E+02 0.9004E+06 0.4514E+01 14.136 0.0000 0.9213E-13 0.1000E+01
1450 0.6330E-02 0.2970E+04 0.1364E-01 0.3069E+02 0.9071E+06 0.4626E+01 14.114 0.0000 0.1242E-13 0.1000E+01
1455 0.6390E-02 0.2971E+04 0.1345E-01 0.3045E+02 0.9134E+06 0.4735E+01 14.092 0.0000 0.1492E-14 0.1000E+01
1460 0.6449E-02 0.2972E+04 0.1327E-01 0.3021E+02 0.9195E+06 0.4843E+01 14.071 0.0000 0.1577E-15 0.1000E+01
1465 0.6509E-02 0.2974E+04 0.1309E-01 0.2998E+02 0.9256E+06 0.4951E+01 14.050 0.0000 0.1434E-16 0.1000E+01
1470 0.6571E-02 0.2975E+04 0.1292E-01 0.2975E+02 0.9318E+06 0.5064E+01 14.029 0.0000 0.1073E-17 0.1000E+01
1475 0.6642E-02 0.2977E+04 0.1272E-01 0.2949E+02 0.9388E+06 0.5195E+01 14.006 0.0000 0.5915E-19 0.1000E+01
1480 0.6720E-02 0.2978E+04 0.1251E-01 0.2922E+02 0.9464E+06 0.5337E+01 13.980 0.0000 0.2640E-20 0.1000E+01
1485 0.6799E-02 0.2980E+04 0.1230E-01 0.2895E+02 0.9540E+06 0.5484E+01 13.955 0.0000 0.1045E-21 0.1000E+01
1490 0.6881E-02 0.2981E+04 0.1209E-01 0.2868E+02 0.9617E+06 0.5636E+01 13.930 0.0000 0.3774E-23 0.1000E+01
1495 0.6965E-02 0.2982E+04 0.1189E-01 0.2841E+02 0.9694E+06 0.5792E+01 13.904 0.0000 0.1280E-24 0.1000E+01
1500 0.7052E-02 0.2983E+04 0.1169E-01 0.2815E+02 0.9771E+06 0.5951E+01 13.879 0.0000 0.4174E-26 0.1000E+01
1505 0.7141E-02 0.2984E+04 0.1149E-01 0.2789E+02 0.9850E+06 0.6115E+01 13.854 0.0000 0.1334E-27 0.1000E+01
1510 0.7232E-02 0.2985E+04 0.1129E-01 0.2763E+02 0.9928E+06 0.6284E+01 13.828 0.0000 0.4566E-29 0.1000E+01
1515 0.7326E-02 0.2986E+04 0.1109E-01 0.2737E+02 0.1001E+07 0.6459E+01 13.802 0.0000 0.4078E-30 0.1000E+01
1520 0.7423E-02 0.2986E+04 0.1089E-01 0.2711E+02 0.1009E+07 0.6638E+01 13.777 0.0000 0.1799E-30 0.1000E+01
1525 0.7522E-02 0.2986E+04 0.1069E-01 0.2686E+02 0.1017E+07 0.6823E+01 13.751 0.0000 0.1213E-30 0.1000E+01
1530 0.7625E-02 0.2987E+04 0.1049E-01 0.2661E+02 0.1025E+07 0.7014E+01 13.725 0.0000 0.9328E-31 0.1000E+01
1535 0.7730E-02 0.2987E+04 0.1030E-01 0.2636E+02 0.1033E+07 0.7210E+01 13.700 0.0000 0.7619E-31 0.1000E+01
1540 0.7839E-02 0.2987E+04 0.1011E-01 0.2611E+02 0.1042E+07 0.7412E+01 13.674 0.0000 0.6442E-31 0.1000E+01
1545 0.7951E-02 0.2987E+04 0.9919E-02 0.2587E+02 0.1050E+07 0.7621E+01 13.648 0.0000 0.5566E-31 0.1000E+01
1550 0.8067E-02 0.2987E+04 0.9733E-02 0.2563E+02 0.1058E+07 0.7836E+01 13.622 0.0000 0.4883E-31 0.1000E+01
1555 0.8185E-02 0.2987E+04 0.9550E-02 0.2538E+02 0.1067E+07 0.8057E+01 13.596 0.0000 0.4330E-31 0.1000E+01
1560 0.8308E-02 0.2987E+04 0.9370E-02 0.2514E+02 0.1075E+07 0.8285E+01 13.569 0.0000 0.3871E-31 0.1000E+01
1565 0.8434E-02 0.2987E+04 0.9194E-02 0.2491E+02 0.1084E+07 0.8520E+01 13.543 0.0000 0.3484E-31 0.1000E+01
1570 0.8564E-02 0.2987E+04 0.9023E-02 0.2467E+02 0.1093E+07 0.8762E+01 13.517 0.0000 0.3150E-31 0.1000E+01
1575 0.8697E-02 0.2987E+04 0.8853E-02 0.2444E+02 0.1101E+07 0.9012E+01 13.490 0.0000 0.2861E-31 0.1000E+01
1580 0.8835E-02 0.2987E+04 0.8687E-02 0.2421E+02 0.1110E+07 0.9269E+01 13.464 0.0000 0.2606E-31 0.1000E+01
1585 0.8976E-02 0.2987E+04 0.8523E-02 0.2398E+02 0.1119E+07 0.9533E+01 13.438 0.0000 0.2380E-31 0.1000E+01
1590 0.9122E-02 0.2987E+04 0.8362E-02 0.2375E+02 0.1128E+07 0.9806E+01 13.411 0.0000 0.2179E-31 0.1000E+01
1595 0.9273E-02 0.2987E+04 0.8203E-02 0.2353E+02 0.1137E+07 0.1009E+02 13.384 0.0000 0.1999E-31 0.1000E+01
1600 0.9427E-02 0.2987E+04 0.8046E-02 0.2330E+02 0.1146E+07 0.1038E+02 13.358 0.0000 0.1836E-31 0.1000E+01
1605 0.9587E-02 0.2986E+04 0.7891E-02 0.2308E+02 0.1155E+07 0.1068E+02 13.331 0.0000 0.1689E-31 0.1000E+01
1610 0.9751E-02 0.2986E+04 0.7740E-02 0.2286E+02 0.1164E+07 0.1099E+02 13.304 0.0000 0.1555E-31 0.1000E+01
1615 0.9921E-02 0.2986E+04 0.7590E-02 0.2264E+02 0.1174E+07 0.1130E+02 13.277 0.0000 0.1434E-31 0.1000E+01
1620 0.1010E-01 0.2986E+04 0.7443E-02 0.2242E+02 0.1183E+07 0.1163E+02 13.250 0.0000 0.1323E-31 0.1000E+01
1625 0.1027E-01 0.2985E+04 0.7299E-02 0.2221E+02 0.1192E+07 0.1197E+02 13.223 0.0000 0.1222E-31 0.1000E+01
1630 0.1046E-01 0.2985E+04 0.7156E-02 0.2200E+02 0.1202E+07 0.1232E+02 13.196 0.0000 0.1129E-31 0.1000E+01
1635 0.1065E-01 0.2985E+04 0.7016E-02 0.2179E+02 0.1212E+07 0.1268E+02 13.169 0.0000 0.1044E-31 0.1000E+01
1640 0.1085E-01 0.2984E+04 0.6879E-02 0.2158E+02 0.1221E+07 0.1305E+02 13.142 0.0000 0.9656E-32 0.1000E+01
1645 0.1105E-01 0.2984E+04 0.6743E-02 0.2137E+02 0.1231E+07 0.1343E+02 13.114 0.0000 0.8937E-32 0.1000E+01
1650 0.1126E-01 0.2984E+04 0.6610E-02 0.2116E+02 0.1241E+07 0.1382E+02 13.087 0.0000 0.8275E-32 0.1000E+01
1655 0.1148E-01 0.2983E+04 0.6479E-02 0.2096E+02 0.1250E+07 0.1423E+02 13.059 0.0000 0.7665E-32 0.1000E+01
1660 0.1170E-01 0.2983E+04 0.6350E-02 0.2076E+02 0.1260E+07 0.1465E+02 13.032 0.0000 0.7104E-32 0.1000E+01
1665 0.1193E-01 0.2982E+04 0.6223E-02 0.2056E+02 0.1270E+07 0.1508E+02 13.004 0.0000 0.6585E-32 0.1000E+01
1670 0.1216E-01 0.2981E+04 0.6099E-02 0.2036E+02 0.1280E+07 0.1552E+02 12.977 0.0000 0.6107E-32 0.1000E+01
1675 0.1241E-01 0.2981E+04 0.5977E-02 0.2016E+02 0.1290E+07 0.1598E+02 12.949 0.0000 0.5664E-32 0.1000E+01
1680 0.1266E-01 0.2980E+04 0.5857E-02 0.1997E+02 0.1300E+07 0.1645E+02 12.921 0.0000 0.5255E-32 0.1000E+01
1685 0.1292E-01 0.2980E+04 0.5739E-02 0.1977E+02 0.1311E+07 0.1694E+02 12.893 0.0000 0.4877E-32 0.1000E+01
1690 0.1318E-01 0.2979E+04 0.5624E-02 0.1958E+02 0.1321E+07 0.1744E+02 12.865 0.0000 0.4528E-32 0.1000E+01
1695 0.1346E-01 0.2978E+04 0.5510E-02 0.1939E+02 0.1331E+07 0.1796E+02 12.838 0.0000 0.4205E-32 0.1000E+01
1700 0.1374E-01 0.2978E+04 0.5400E-02 0.1920E+02 0.1342E+07 0.1849E+02 12.810 0.0000 0.3905E-32 0.1000E+01
1705 0.1403E-01 0.2977E+04 0.5292E-02 0.1902E+02 0.1352E+07 0.1904E+02 12.782 0.0000 0.3629E-32 0.1000E+01
1710 0.1433E-01 0.2977E+04 0.5186E-02 0.1883E+02 0.1362E+07 0.1961E+02 12.754 0.0000 0.3372E-32 0.1000E+01
1715 0.1464E-01 0.2976E+04 0.5082E-02 0.1865E+02 0.1373E+07 0.2019E+02 12.725 0.0000 0.3134E-32 0.1000E+01
1720 0.1496E-01 0.2975E+04 0.4979E-02 0.1847E+02 0.1384E+07 0.2079E+02 12.697 0.0000 0.2913E-32 0.1000E+01
1725 0.1529E-01 0.2975E+04 0.4878E-02 0.1829E+02 0.1394E+07 0.2141E+02 12.669 0.0000 0.2709E-32 0.1000E+01
1730 0.1563E-01 0.2974E+04 0.4778E-02 0.1811E+02 0.1405E+07 0.2205E+02 12.640 0.0000 0.2519E-32 0.1000E+01
1735 0.1598E-01 0.2973E+04 0.4680E-02 0.1793E+02 0.1416E+07 0.2271E+02 12.612 0.0000 0.2343E-32 0.1000E+01
1740 0.1634E-01 0.2972E+04 0.4583E-02 0.1776E+02 0.1426E+07 0.2340E+02 12.583 0.0000 0.2179E-32 0.1000E+01
1745 0.1671E-01 0.2971E+04 0.4487E-02 0.1758E+02 0.1437E+07 0.2410E+02 12.555 0.0000 0.2027E-32 0.1000E+01
1750 0.1710E-01 0.2970E+04 0.4392E-02 0.1741E+02 0.1448E+07 0.2483E+02 12.526 0.0000 0.1886E-32 0.1000E+01
1755 0.1750E-01 0.2969E+04 0.4299E-02 0.1724E+02 0.1459E+07 0.2558E+02 12.497 0.0000 0.1754E-32 0.1000E+01
1760 0.1792E-01 0.2967E+04 0.4207E-02 0.1707E+02 0.1470E+07 0.2636E+02 12.467 0.0000 0.1632E-32 0.1000E+01
1765 0.1835E-01 0.2966E+04 0.4116E-02 0.1690E+02 0.1482E+07 0.2716E+02 12.438 0.0000 0.1518E-32 0.1000E+01
1770 0.1879E-01 0.2964E+04 0.4026E-02 0.1673E+02 0.1493E+07 0.2799E+02 12.409 0.0000 0.1412E-32 0.1000E+01
1775 0.1925E-01 0.2963E+04 0.3937E-02 0.1656E+02 0.1504E+07 0.2885E+02 12.379 0.0000 0.1313E-32 0.1000E+01
1780 0.1973E-01 0.2961E+04 0.3849E-02 0.1640E+02 0.1515E+07 0.2975E+02 12.349 0.0000 0.1221E-32 0.1000E+01
1785 0.2023E-01 0.2959E+04 0.3762E-02 0.1623E+02 0.1527E+07 0.3067E+02 12.319 0.0000 0.1136E-32 0.1000E+01
1790 0.2074E-01 0.2957E+04 0.3677E-02 0.1607E+02 0.1538E+07 0.3162E+02 12.288 0.0000 0.1056E-32 0.1000E+01
1795 0.2127E-01 0.2955E+04 0.3593E-02 0.1590E+02 0.1550E+07 0.3261E+02 12.258 0.0000 0.9821E-33 0.1000E+01
1800 0.2183E-01 0.2953E+04 0.3510E-02 0.1574E+02 0.1561E+07 0.3363E+02 12.227 0.0000 0.9133E-33 0.1000E+01
1805 0.2240E-01 0.2951E+04 0.3429E-02 0.1558E+02 0.1573E+07 0.3469E+02 12.197 0.0000 0.8494E-33 0.1000E+01
1810 0.2299E-01 0.2949E+04 0.3349E-02 0.1542E+02 0.1585E+07 0.3579E+02 12.166 0.0000 0.7900E-33 0.1000E+01
1815 0.2361E-01 0.2947E+04 0.3270E-02 0.1526E+02 0.1596E+07 0.3692E+02 12.135 0.0000 0.7348E-33 0.1000E+01
1820 0.2425E-01 0.2944E+04 0.3193E-02 0.1510E+02 0.1608E+07 0.3808E+02 12.103 0.0000 0.6836E-33 0.1000E+01
1825 0.2491E-01 0.2942E+04 0.3118E-02 0.1495E+02 0.1620E+07 0.3929E+02 12.072 0.0000 0.6360E-33 0.1000E+01
1830 0.2559E-01 0.2940E+04 0.3045E-02 0.1479E+02 0.1631E+07 0.4054E+02 12.041 0.0000 0.5920E-33 0.1000E+01
1835 0.2630E-01 0.2938E+04 0.2974E-02 0.1464E+02 0.1643E+07 0.4182E+02 12.009 0.0000 0.5512E-33 0.1000E+01
1840 0.2703E-01 0.2935E+04 0.2903E-02 0.1449E+02 0.1655E+07 0.4314E+02 11.978 0.0000 0.5135E-33 0.1000E+01
1845 0.2778E-01 0.2933E+04 0.2835E-02 0.1434E+02 0.1666E+07 0.4450E+02 11.946 0.0000 0.4786E-33 0.1000E+01
1850 0.2856E-01 0.2931E+04 0.2768E-02 0.1419E+02 0.1678E+07 0.4589E+02 11.915 0.0000 0.4464E-33 0.1000E+01
1855 0.2935E-01 0.2928E+04 0.2702E-02 0.1405E+02 0.1689E+07 0.4732E+02 11.883 0.0000 0.4166E-33 0.1000E+01
1860 0.3017E-01 0.2925E+04 0.2638E-02 0.1391E+02 0.1700E+07 0.4878E+02 11.852 0.0000 0.3891E-33 0.1000E+01
1865 0.3101E-01 0.2923E+04 0.2576E-02 0.1377E+02 0.1711E+07 0.5028E+02 11.821 0.0000 0.3637E-33 0.1000E+01
1870 0.3188E-01 0.2920E+04 0.2516E-02 0.1363E+02 0.1723E+07 0.5182E+02 11.790 0.0000 0.3402E-33 0.1000E+01
1875 0.3277E-01 0.2917E+04 0.2457E-02 0.1350E+02 0.1733E+07 0.5339E+02 11.759 0.0000 0.3185E-33 0.1000E+01
1880 0.3368E-01 0.2914E+04 0.2399E-02 0.1336E+02 0.1744E+07 0.5499E+02 11.728 0.0000 0.2983E-33 0.1000E+01
1885 0.3462E-01 0.2911E+04 0.2343E-02 0.1323E+02 0.1755E+07 0.5664E+02 11.697 0.0000 0.2796E-33 0.1000E+01
1890 0.3558E-01 0.2908E+04 0.2287E-02 0.1311E+02 0.1766E+07 0.5832E+02 11.666 0.0001 0.2623E-33 0.1000E+01
1895 0.3657E-01 0.2905E+04 0.2234E-02 0.1298E+02 0.1776E+07 0.6005E+02 11.636 0.0001 0.2462E-33 0.1000E+01
1900 0.3759E-01 0.2902E+04 0.2181E-02 0.1285E+02 0.1786E+07 0.6181E+02 11.605 0.0001 0.2312E-33 0.1000E+01
1905 0.3863E-01 0.2898E+04 0.2130E-02 0.1273E+02 0.1796E+07 0.6362E+02 11.574 0.0001 0.2173E-33 0.9999E+00
1910 0.3971E-01 0.2895E+04 0.2080E-02 0.1261E+02 0.1806E+07 0.6547E+02 11.544 0.0001 0.2044E-33 0.9999E+00
1915 0.4081E-01 0.2891E+04 0.2031E-02 0.1249E+02 0.1816E+07 0.6735E+02 11.514 0.0001 0.1924E-33 0.9999E+00
1920 0.4194E-01 0.2888E+04 0.1983E-02 0.1238E+02 0.1826E+07 0.6928E+02 11.483 0.0001 0.1812E-33 0.9999E+00
1925 0.4310E-01 0.2884E+04 0.1937E-02 0.1226E+02 0.1835E+07 0.7124E+02 11.453 0.0001 0.1708E-33 0.9999E+00
1930 0.4428E-01 0.2880E+04 0.1892E-02 0.1215E+02 0.1845E+07 0.7324E+02 11.423 0.0001 0.1611E-33 0.9999E+00
1935 0.4550E-01 0.2877E+04 0.1848E-02 0.1204E+02 0.1854E+07 0.7529E+02 11.393 0.0001 0.1521E-33 0.9998E+00
1940 0.4675E-01 0.2873E+04 0.1805E-02 0.1193E+02 0.1863E+07 0.7737E+02 11.364 0.0001 0.1437E-33 0.9998E+00
1945 0.4803E-01 0.2869E+04 0.1763E-02 0.1182E+02 0.1872E+07 0.7950E+02 11.334 0.0002 0.1359E-33 0.9998E+00
1950 0.4934E-01 0.2865E+04 0.1722E-02 0.1172E+02 0.1880E+07 0.8166E+02 11.304 0.0002 0.1285E-33 0.9997E+00
1953 0.5000E-01 0.2863E+04 0.1702E-02 0.1166E+02 0.1884E+07 0.8275E+02 11.290 0.0002 0.1251E-33 0.9997E+00
1955 0.5054E-01 0.2861E+04 0.1687E-02 0.1162E+02 0.1888E+07 0.8363E+02 11.278 0.0002 0.1224E-33 0.9997E+00
1960 0.5190E-01 0.2857E+04 0.1648E-02 0.1152E+02 0.1896E+07 0.8586E+02 11.249 0.0002 0.1160E-33 0.9996E+00
1965 0.5330E-01 0.2853E+04 0.1610E-02 0.1142E+02 0.1904E+07 0.8813E+02 11.220 0.0002 0.1100E-33 0.9995E+00
1970 0.5472E-01 0.2849E+04 0.1573E-02 0.1132E+02 0.1912E+07 0.9044E+02 11.191 0.0002 0.1044E-33 0.9995E+00
1975 0.5618E-01 0.2844E+04 0.1537E-02 0.1123E+02 0.1919E+07 0.9278E+02 11.162 0.0003 0.9921E-34 0.9994E+00
1980 0.5767E-01 0.2840E+04 0.1502E-02 0.1113E+02 0.1927E+07 0.9515E+02 11.134 0.0003 0.9432E-34 0.9993E+00
1985 0.5919E-01 0.2836E+04 0.1468E-02 0.1104E+02 0.1934E+07 0.9757E+02 11.106 0.0003 0.8974E-34 0.9991E+00
1990 0.6074E-01 0.2831E+04 0.1435E-02 0.1095E+02 0.1941E+07 0.1000E+03 11.077 0.0003 0.8544E-34 0.9990E+00
1995 0.6233E-01 0.2826E+04 0.1402E-02 0.1086E+02 0.1948E+07 0.1025E+03 11.049 0.0004 0.8141E-34 0.9989E+00
2000 0.6395E-01 0.2822E+04 0.1371E-02 0.1077E+02 0.1954E+07 0.1050E+03 11.021 0.0004 0.7762E-34 0.9987E+00
2005 0.6561E-01 0.2817E+04 0.1340E-02 0.1069E+02 0.1960E+07 0.1076E+03 10.993 0.0004 0.7406E-34 0.9985E+00
2010 0.6730E-01 0.2812E+04 0.1310E-02 0.1060E+02 0.1967E+07 0.1102E+03 10.966 0.0005 0.7071E-34 0.9983E+00
2015 0.6904E-01 0.2808E+04 0.1280E-02 0.1052E+02 0.1972E+07 0.1129E+03 10.938 0.0005 0.6755E-34 0.9980E+00
2018 0.7000E-01 0.2805E+04 0.1265E-02 0.1047E+02 0.1976E+07 0.1143E+03 10.923 0.0005 0.6591E-34 0.9979E+00
2020 0.7071E-01 0.2803E+04 0.1253E-02 0.1044E+02 0.1978E+07 0.1154E+03 10.912 0.0005 0.6474E-34 0.9977E+00
2025 0.7252E-01 0.2798E+04 0.1225E-02 0.1036E+02 0.1983E+07 0.1181E+03 10.884 0.0006 0.6193E-34 0.9974E+00
2030 0.7438E-01 0.2793E+04 0.1197E-02 0.1028E+02 0.1989E+07 0.1209E+03 10.857 0.0006 0.5927E-34 0.9971E+00
2035 0.7627E-01 0.2788E+04 0.1171E-02 0.1020E+02 0.1994E+07 0.1237E+03 10.830 0.0007 0.5676E-34 0.9967E+00
2040 0.7821E-01 0.2782E+04 0.1144E-02 0.1012E+02 0.1998E+07 0.1266E+03 10.802 0.0007 0.5439E-34 0.9963E+00
2045 0.8020E-01 0.2777E+04 0.1118E-02 0.1005E+02 0.2003E+07 0.1295E+03 10.775 0.0008 0.5215E-34 0.9958E+00
2050 0.8223E-01 0.2772E+04 0.1093E-02 0.9973E+01 0.2007E+07 0.1325E+03 10.748 0.0008 0.5003E-34 0.9953E+00
2055 0.8430E-01 0.2766E+04 0.1068E-02 0.9900E+01 0.2012E+07 0.1354E+03 10.721 0.0009 0.4803E-34 0.9948E+00
2060 0.8641E-01 0.2760E+04 0.1044E-02 0.9828E+01 0.2016E+07 0.1384E+03 10.694 0.0009 0.4615E-34 0.9942E+00
2065 0.8856E-01 0.2755E+04 0.1021E-02 0.9757E+01 0.2019E+07 0.1415E+03 10.667 0.0010 0.4436E-34 0.9935E+00
2070 0.9076E-01 0.2749E+04 0.9980E-03 0.9687E+01 0.2023E+07 0.1446E+03 10.641 0.0011 0.4267E-34 0.9928E+00
2075 0.9300E-01 0.2743E+04 0.9756E-03 0.9618E+01 0.2026E+07 0.1477E+03 10.614 0.0011 0.4108E-34 0.9921E+00
2080 0.9529E-01 0.2737E+04 0.9537E-03 0.9551E+01 0.2029E+07 0.1509E+03 10.588 0.0012 0.3956E-34 0.9913E+00
2085 0.9763E-01 0.2731E+04 0.9323E-03 0.9484E+01 0.2032E+07 0.1541E+03 10.561 0.0013 0.3813E-34 0.9904E+00
2090 0.1000E+00 0.2725E+04 0.9116E-03 0.9419E+01 0.2034E+07 0.1573E+03 10.535 0.0013 0.3677E-34 0.9895E+00
2090 0.1000E+00 0.2725E+04 0.9116E-03 0.9419E+01 0.2034E+07 0.1573E+03 10.535 0.0013 0.3677E-34 0.9895E+00
2095 0.1024E+00 0.2719E+04 0.8910E-03 0.9355E+01 0.2037E+07 0.1606E+03 10.509 0.0014 0.3548E-34 0.9885E+00
2100 0.1049E+00 0.2713E+04 0.8708E-03 0.9291E+01 0.2039E+07 0.1639E+03 10.483 0.0015 0.3424E-34 0.9874E+00
2105 0.1075E+00 0.2706E+04 0.8509E-03 0.9228E+01 0.2041E+07 0.1672E+03 10.457 0.0016 0.3307E-34 0.9863E+00
2110 0.1100E+00 0.2700E+04 0.8322E-03 0.9169E+01 0.2042E+07 0.1705E+03 10.432 0.0017 0.3200E-34 0.9852E+00
2115 0.1124E+00 0.2694E+04 0.8149E-03 0.9114E+01 0.2044E+07 0.1737E+03 10.408 0.0017 0.3103E-34 0.9841E+00
2120 0.1147E+00 0.2688E+04 0.7988E-03 0.9062E+01 0.2045E+07 0.1767E+03 10.386 0.0018 0.3015E-34 0.9830E+00
2125 0.1170E+00 0.2683E+04 0.7838E-03 0.9013E+01 0.2046E+07 0.1795E+03 10.365 0.0019 0.2935E-34 0.9820E+00
2130 0.1192E+00 0.2677E+04 0.7696E-03 0.8967E+01 0.2046E+07 0.1823E+03 10.345 0.0020 0.2861E-34 0.9809E+00
2135 0.1213E+00 0.2672E+04 0.7562E-03 0.8924E+01 0.2047E+07 0.1850E+03 10.325 0.0021 0.2793E-34 0.9798E+00
2140 0.1234E+00 0.2667E+04 0.7436E-03 0.8882E+01 0.2047E+07 0.1876E+03 10.307 0.0021 0.2729E-34 0.9788E+00
2145 0.1255E+00 0.2662E+04 0.7315E-03 0.8842E+01 0.2047E+07 0.1902E+03 10.289 0.0022 0.2670E-34 0.9778E+00
2150 0.1275E+00 0.2657E+04 0.7201E-03 0.8804E+01 0.2048E+07 0.1927E+03 10.271 0.0023 0.2615E-34 0.9768E+00
2155 0.1295E+00 0.2653E+04 0.7091E-03 0.8768E+01 0.2048E+07 0.1951E+03 10.254 0.0023 0.2563E-34 0.9758E+00
2160 0.1314E+00 0.2648E+04 0.6985E-03 0.8733E+01 0.2048E+07 0.1974E+03 10.238 0.0024 0.2514E-34 0.9748E+00
2165 0.1334E+00 0.2644E+04 0.6884E-03 0.8699E+01 0.2047E+07 0.1998E+03 10.222 0.0025 0.2467E-34 0.9738E+00
2170 0.1353E+00 0.2639E+04 0.6787E-03 0.8666E+01 0.2047E+07 0.2020E+03 10.207 0.0026 0.2424E-34 0.9728E+00
2175 0.1371E+00 0.2635E+04 0.6692E-03 0.8635E+01 0.2047E+07 0.2043E+03 10.192 0.0026 0.2382E-34 0.9719E+00
2180 0.1390E+00 0.2630E+04 0.6601E-03 0.8604E+01 0.2046E+07 0.2065E+03 10.177 0.0027 0.2342E-34 0.9710E+00
2185 0.1409E+00 0.2626E+04 0.6513E-03 0.8574E+01 0.2046E+07 0.2086E+03 10.163 0.0028 0.2304E-34 0.9700E+00
2190 0.1427E+00 0.2622E+04 0.6428E-03 0.8546E+01 0.2045E+07 0.2108E+03 10.149 0.0028 0.2268E-34 0.9691E+00
2195 0.1445E+00 0.2618E+04 0.6343E-03 0.8517E+01 0.2045E+07 0.2129E+03 10.135 0.0029 0.2233E-34 0.9682E+00
2200 0.1463E+00 0.2613E+04 0.6261E-03 0.8490E+01 0.2044E+07 0.2150E+03 10.121 0.0030 0.2200E-34 0.9673E+00
2205 0.1481E+00 0.2609E+04 0.6182E-03 0.8463E+01 0.2044E+07 0.2170E+03 10.108 0.0030 0.2168E-34 0.9664E+00
2210 0.1499E+00 0.2605E+04 0.6104E-03 0.8437E+01 0.2043E+07 0.2190E+03 10.095 0.0031 0.2138E-34 0.9656E+00
2211 0.1500E+00 0.2605E+04 0.6101E-03 0.8436E+01 0.2043E+07 0.2191E+03 10.094 0.0031 0.2136E-34 0.9655E+00
2215 0.1514E+00 0.2601E+04 0.6040E-03 0.8415E+01 0.2042E+07 0.2208E+03 10.084 0.0031 0.2112E-34 0.9648E+00
2220 0.1532E+00 0.2597E+04 0.5967E-03 0.8390E+01 0.2041E+07 0.2228E+03 10.071 0.0032 0.2084E-34 0.9640E+00
2225 0.1550E+00 0.2593E+04 0.5895E-03 0.8365E+01 0.2040E+07 0.2247E+03 10.059 0.0033 0.2056E-34 0.9631E+00
2230 0.1568E+00 0.2589E+04 0.5825E-03 0.8341E+01 0.2039E+07 0.2267E+03 10.047 0.0033 0.2029E-34 0.9623E+00
2235 0.1585E+00 0.2585E+04 0.5757E-03 0.8317E+01 0.2038E+07 0.2287E+03 10.034 0.0034 0.2004E-34 0.9615E+00
2240 0.1603E+00 0.2582E+04 0.5690E-03 0.8294E+01 0.2037E+07 0.2306E+03 10.022 0.0035 0.1979E-34 0.9607E+00
2245 0.1621E+00 0.2578E+04 0.5625E-03 0.8271E+01 0.2036E+07 0.2325E+03 10.010 0.0035 0.1954E-34 0.9598E+00
2250 0.1638E+00 0.2574E+04 0.5561E-03 0.8249E+01 0.2035E+07 0.2344E+03  9.999 0.0036 0.1931E-34 0.9591E+00
2255 0.1656E+00 0.2570E+04 0.5497E-03 0.8227E+01 0.2034E+07 0.2363E+03  9.987 0.0036 0.1908E-34 0.9583E+00
2260 0.1674E+00 0.2566E+04 0.5435E-03 0.8205E+01 0.2033E+07 0.2382E+03  9.975 0.0037 0.1886E-34 0.9575E+00
2265 0.1692E+00 0.2562E+04 0.5374E-03 0.8183E+01 0.2032E+07 0.2401E+03  9.964 0.0038 0.1864E-34 0.9567E+00
2270 0.1710E+00 0.2558E+04 0.5314E-03 0.8162E+01 0.2031E+07 0.2420E+03  9.952 0.0038 0.1843E-34 0.9560E+00
2275 0.1728E+00 0.2554E+04 0.5255E-03 0.8141E+01 0.2029E+07 0.2439E+03  9.941 0.0039 0.1823E-34 0.9552E+00
2280 0.1746E+00 0.2550E+04 0.5196E-03 0.8120E+01 0.2028E+07 0.2458E+03  9.930 0.0040 0.1803E-34 0.9545E+00
2285 0.1764E+00 0.2547E+04 0.5139E-03 0.8100E+01 0.2026E+07 0.2476E+03  9.919 0.0040 0.1783E-34 0.9537E+00
2290 0.1782E+00 0.2543E+04 0.5082E-03 0.8080E+01 0.2025E+07 0.2495E+03  9.908 0.0041 0.1764E-34 0.9530E+00
2295 0.1800E+00 0.2539E+04 0.5025E-03 0.8060E+01 0.2024E+07 0.2514E+03  9.897 0.0041 0.1746E-34 0.9523E+00
2300 0.1819E+00 0.2535E+04 0.4970E-03 0.8040E+01 0.2022E+07 0.2532E+03  9.886 0.0042 0.1727E-34 0.9516E+00
2305 0.1837E+00 0.2531E+04 0.4915E-03 0.8020E+01 0.2021E+07 0.2551E+03  9.875 0.0043 0.1710E-34 0.9509E+00
2310 0.1856E+00 0.2527E+04 0.4859E-03 0.8001E+01 0.2019E+07 0.2570E+03  9.864 0.0043 0.1692E-34 0.9502E+00
2315 0.1874E+00 0.2522E+04 0.4804E-03 0.7982E+01 0.2017E+07 0.2588E+03  9.853 0.0044 0.1675E-34 0.9495E+00
2320 0.1893E+00 0.2518E+04 0.4749E-03 0.7963E+01 0.2016E+07 0.2607E+03  9.842 0.0044 0.1659E-34 0.9488E+00
2325 0.1912E+00 0.2514E+04 0.4695E-03 0.7944E+01 0.2014E+07 0.2626E+03  9.831 0.0045 0.1642E-34 0.9481E+00
2330 0.1932E+00 0.2510E+04 0.4642E-03 0.7925E+01 0.2012E+07 0.2644E+03  9.820 0.0046 0.1626E-34 0.9475E+00
2335 0.1951E+00 0.2506E+04 0.4589E-03 0.7906E+01 0.2010E+07 0.2663E+03  9.810 0.0046 0.1610E-34 0.9468E+00
2340 0.1971E+00 0.2501E+04 0.4537E-03 0.7888E+01 0.2009E+07 0.2682E+03  9.799 0.0047 0.1595E-34 0.9462E+00
2345 0.1990E+00 0.2497E+04 0.4485E-03 0.7869E+01 0.2007E+07 0.2701E+03  9.788 0.0048 0.1580E-34 0.9455E+00
2348 0.2000E+00 0.2495E+04 0.4461E-03 0.7861E+01 0.2006E+07 0.2710E+03  9.783 0.0048 0.1573E-34 0.9452E+00
2350 0.2008E+00 0.2493E+04 0.4440E-03 0.7853E+01 0.2005E+07 0.2718E+03  9.779 0.0048 0.1567E-34 0.9450E+00
2355 0.2028E+00 0.2489E+04 0.4388E-03 0.7835E+01 0.2003E+07 0.2737E+03  9.768 0.0049 0.1552E-34 0.9443E+00
2360 0.2049E+00 0.2485E+04 0.4338E-03 0.7817E+01 0.2001E+07 0.2756E+03  9.757 0.0049 0.1537E-34 0.9437E+00
2365 0.2069E+00 0.2480E+04 0.4287E-03 0.7798E+01 0.1999E+07 0.2776E+03  9.746 0.0050 0.1523E-34 0.9431E+00
2370 0.2090E+00 0.2476E+04 0.4237E-03 0.7780E+01 0.1997E+07 0.2795E+03  9.735 0.0051 0.1509E-34 0.9425E+00
2375 0.2112E+00 0.2471E+04 0.4187E-03 0.7762E+01 0.1995E+07 0.2815E+03  9.724 0.0051 0.1495E-34 0.9419E+00
2380 0.2133E+00 0.2467E+04 0.4138E-03 0.7744E+01 0.1993E+07 0.2835E+03  9.713 0.0052 0.1482E-34 0.9413E+00
2385 0.2155E+00 0.2463E+04 0.4089E-03 0.7726E+01 0.1990E+07 0.2855E+03  9.702 0.0053 0.1468E-34 0.9407E+00
2390 0.2177E+00 0.2458E+04 0.4041E-03 0.7708E+01 0.1988E+07 0.2875E+03  9.691 0.0053 0.1455E-34 0.9401E+00
2395 0.2200E+00 0.2454E+04 0.3992E-03 0.7690E+01 0.1986E+07 0.2895E+03  9.680 0.0054 0.1442E-34 0.9395E+00
2400 0.2223E+00 0.2449E+04 0.3946E-03 0.7672E+01 0.1983E+07 0.2915E+03  9.669 0.0054 0.1429E-34 0.9390E+00
2405 0.2246E+00 0.2445E+04 0.3899E-03 0.7655E+01 0.1981E+07 0.2936E+03  9.658 0.0055 0.1416E-34 0.9384E+00
2410 0.2270E+00 0.2440E+04 0.3853E-03 0.7637E+01 0.1978E+07 0.2957E+03  9.646 0.0056 0.1403E-34 0.9379E+00
2415 0.2294E+00 0.2436E+04 0.3806E-03 0.7619E+01 0.1976E+07 0.2978E+03  9.635 0.0056 0.1391E-34 0.9373E+00
2420 0.2319E+00 0.2431E+04 0.3761E-03 0.7601E+01 0.1973E+07 0.2999E+03  9.623 0.0057 0.1378E-34 0.9367E+00
2425 0.2344E+00 0.2427E+04 0.3715E-03 0.7583E+01 0.1970E+07 0.3020E+03  9.612 0.0057 0.1366E-34 0.9362E+00
2430 0.2370E+00 0.2422E+04 0.3670E-03 0.7565E+01 0.1967E+07 0.3042E+03  9.600 0.0058 0.1354E-34 0.9357E+00
2435 0.2396E+00 0.2418E+04 0.3625E-03 0.7547E+01 0.1965E+07 0.3064E+03  9.589 0.0059 0.1342E-34 0.9351E+00
2440 0.2423E+00 0.2413E+04 0.3580E-03 0.7529E+01 0.1962E+07 0.3086E+03  9.577 0.0059 0.1330E-34 0.9346E+00
2445 0.2450E+00 0.2408E+04 0.3534E-03 0.7510E+01 0.1959E+07 0.3109E+03  9.565 0.0060 0.1318E-34 0.9341E+00
2450 0.2478E+00 0.2404E+04 0.3489E-03 0.7492E+01 0.1955E+07 0.3132E+03  9.552 0.0060 0.1306E-34 0.9336E+00
2454 0.2500E+00 0.2400E+04 0.3455E-03 0.7478E+01 0.1953E+07 0.3149E+03  9.543 0.0061 0.1298E-34 0.9332E+00
2455 0.2506E+00 0.2399E+04 0.3445E-03 0.7474E+01 0.1952E+07 0.3154E+03  9.541 0.0061 0.1295E-34 0.9331E+00
2460 0.2535E+00 0.2394E+04 0.3400E-03 0.7456E+01 0.1949E+07 0.3178E+03  9.528 0.0062 0.1284E-34 0.9326E+00
2465 0.2566E+00 0.2389E+04 0.3354E-03 0.7437E+01 0.1945E+07 0.3202E+03  9.515 0.0062 0.1272E-34 0.9321E+00
2470 0.2597E+00 0.2383E+04 0.3307E-03 0.7418E+01 0.1942E+07 0.3227E+03  9.503 0.0063 0.1261E-34 0.9316E+00
2475 0.2629E+00 0.2378E+04 0.3260E-03 0.7399E+01 0.1938E+07 0.3252E+03  9.489 0.0063 0.1249E-34 0.9311E+00
2480 0.2662E+00 0.2372E+04 0.3213E-03 0.7379E+01 0.1934E+07 0.3278E+03  9.476 0.0064 0.1238E-34 0.9306E+00
2485 0.2697E+00 0.2367E+04 0.3164E-03 0.7360E+01 0.1930E+07 0.3304E+03  9.462 0.0065 0.1226E-34 0.9301E+00
2490 0.2732E+00 0.2361E+04 0.3115E-03 0.7340E+01 0.1926E+07 0.3331E+03  9.449 0.0065 0.1215E-34 0.9296E+00
2495 0.2769E+00 0.2354E+04 0.3066E-03 0.7320E+01 0.1922E+07 0.3359E+03  9.434 0.0066 0.1204E-34 0.9292E+00
2500 0.2807E+00 0.2348E+04 0.3015E-03 0.7299E+01 0.1918E+07 0.3387E+03  9.420 0.0066 0.1192E-34 0.9287E+00
2505 0.2846E+00 0.2341E+04 0.2964E-03 0.7278E+01 0.1913E+07 0.3416E+03  9.405 0.0067 0.1181E-34 0.9282E+00
2510 0.2888E+00 0.2334E+04 0.2912E-03 0.7257E+01 0.1908E+07 0.3446E+03  9.390 0.0068 0.1170E-34 0.9278E+00
2515 0.2931E+00 0.2327E+04 0.2859E-03 0.7236E+01 0.1903E+07 0.3477E+03  9.374 0.0068 0.1158E-34 0.9273E+00
2520 0.2976E+00 0.2319E+04 0.2804E-03 0.7214E+01 0.1898E+07 0.3509E+03  9.358 0.0069 0.1147E-34 0.9269E+00
2523 0.3000E+00 0.2315E+04 0.2774E-03 0.7202E+01 0.1895E+07 0.3526E+03  9.349 0.0069 0.1141E-34 0.9266E+00
2525 0.3019E+00 0.2311E+04 0.2750E-03 0.7193E+01 0.1893E+07 0.3540E+03  9.342 0.0070 0.1136E-34 0.9265E+00
2530 0.3069E+00 0.2301E+04 0.2686E-03 0.7170E+01 0.1887E+07 0.3574E+03  9.325 0.0070 0.1125E-34 0.9260E+00
2535 0.3121E+00 0.2289E+04 0.2611E-03 0.7147E+01 0.1881E+07 0.3609E+03  9.308 0.0072 0.1113E-34 0.9256E+00
2540 0.3176E+00 0.2273E+04 0.2523E-03 0.7123E+01 0.1875E+07 0.3645E+03  9.289 0.0073 0.1101E-34 0.9251E+00
2545 0.3235E+00 0.2255E+04 0.2425E-03 0.7099E+01 0.1868E+07 0.3682E+03  9.271 0.0075 0.1089E-34 0.9247E+00
2550 0.3298E+00 0.2235E+04 0.2325E-03 0.7074E+01 0.1861E+07 0.3721E+03  9.252 0.0077 0.1077E-34 0.9243E+00
2555 0.3365E+00 0.2214E+04 0.2223E-03 0.7050E+01 0.1854E+07 0.3760E+03  9.232 0.0079 0.1065E-34 0.9239E+00
2560 0.3436E+00 0.2192E+04 0.2122E-03 0.7024E+01 0.1847E+07 0.3801E+03  9.212 0.0082 0.1052E-34 0.9234E+00
2565 0.3500E+00 0.2174E+04 0.2040E-03 0.7003E+01 0.1840E+07 0.3836E+03  9.195 0.0084 0.1042E-34 0.9231E+00
2565 0.3500E+00 0.2174E+04 0.2040E-03 0.7003E+01 0.1840E+07 0.3836E+03  9.195 0.0084 0.1042E-34 0.9231E+00
2570 0.3583E+00 0.2150E+04 0.1939E-03 0.6977E+01 0.1832E+07 0.3880E+03  9.173 0.0086 0.1029E-34 0.9227E+00
2575 0.3672E+00 0.2127E+04 0.1840E-03 0.6950E+01 0.1823E+07 0.3925E+03  9.151 0.0089 0.1016E-34 0.9223E+00
2580 0.3770E+00 0.2103E+04 0.1744E-03 0.6922E+01 0.1814E+07 0.3972E+03  9.128 0.0092 0.1003E-34 0.9219E+00
2585 0.3877E+00 0.2078E+04 0.1651E-03 0.6894E+01 0.1804E+07 0.4021E+03  9.105 0.0094 0.9893E-35 0.9215E+00
2590 0.3989E+00 0.2054E+04 0.1563E-03 0.6866E+01 0.1795E+07 0.4070E+03  9.081 0.0097 0.9759E-35 0.9211E+00
2591 0.4000E+00 0.2052E+04 0.1555E-03 0.6864E+01 0.1794E+07 0.4074E+03  9.079 0.0097 0.9747E-35 0.9211E+00
2595 0.4095E+00 0.2032E+04 0.1487E-03 0.6842E+01 0.1786E+07 0.4114E+03  9.059 0.0100 0.9643E-35 0.9208E+00
2600 0.4219E+00 0.2008E+04 0.1406E-03 0.6814E+01 0.1776E+07 0.4164E+03  9.035 0.0102 0.9515E-35 0.9205E+00
2605 0.4351E+00 0.1984E+04 0.1328E-03 0.6787E+01 0.1765E+07 0.4214E+03  9.011 0.0105 0.9389E-35 0.9201E+00
2610 0.4490E+00 0.1959E+04 0.1253E-03 0.6761E+01 0.1755E+07 0.4264E+03  8.987 0.0108 0.9266E-35 0.9198E+00
2611 0.4500E+00 0.1957E+04 0.1248E-03 0.6759E+01 0.1754E+07 0.4267E+03  8.985 0.0108 0.9257E-35 0.9198E+00
2615 0.4617E+00 0.1936E+04 0.1189E-03 0.6738E+01 0.1745E+07 0.4308E+03  8.966 0.0111 0.9161E-35 0.9196E+00
2620 0.4773E+00 0.1909E+04 0.1115E-03 0.6712E+01 0.1735E+07 0.4358E+03  8.942 0.0114 0.9042E-35 0.9193E+00
2625 0.4927E+00 0.1881E+04 0.1042E-03 0.6687E+01 0.1724E+07 0.4406E+03  8.919 0.0118 0.8932E-35 0.9191E+00
2628 0.5000E+00 0.1867E+04 0.1009E-03 0.6677E+01 0.1720E+07 0.4427E+03  8.909 0.0120 0.8883E-35 0.9190E+00
2630 0.5060E+00 0.1856E+04 0.9828E-04 0.6668E+01 0.1716E+07 0.4444E+03  8.900 0.0122 0.8844E-35 0.9189E+00
2635 0.5219E+00 0.1829E+04 0.9211E-04 0.6646E+01 0.1706E+07 0.4488E+03  8.879 0.0126 0.8745E-35 0.9187E+00
2640 0.5397E+00 0.1803E+04 0.8632E-04 0.6624E+01 0.1696E+07 0.4534E+03  8.857 0.0130 0.8642E-35 0.9185E+00
2643 0.5500E+00 0.1789E+04 0.8335E-04 0.6611E+01 0.1690E+07 0.4559E+03  8.845 0.0132 0.8586E-35 0.9184E+00
2645 0.5580E+00 0.1778E+04 0.8120E-04 0.6602E+01 0.1686E+07 0.4578E+03  8.836 0.0134 0.8544E-35 0.9184E+00
2650 0.5792E+00 0.1753E+04 0.7603E-04 0.6579E+01 0.1675E+07 0.4627E+03  8.813 0.0138 0.8439E-35 0.9182E+00
2655 0.6000E+00 0.1729E+04 0.7157E-04 0.6557E+01 0.1664E+07 0.4673E+03  8.791 0.0141 0.8344E-35 0.9180E+00
2655 0.6000E+00 0.1729E+04 0.7157E-04 0.6557E+01 0.1664E+07 0.4673E+03  8.791 0.0141 0.8344E-35 0.9180E+00
2660 0.6240E+00 0.1704E+04 0.6701E-04 0.6534E+01 0.1653E+07 0.4722E+03  8.767 0.0145 0.8242E-35 0.9179E+00
2665 0.6496E+00 0.1679E+04 0.6275E-04 0.6512E+01 0.1641E+07 0.4771E+03  8.744 0.0148 0.8143E-35 0.9177E+00
2666 0.6500E+00 0.1679E+04 0.6269E-04 0.6511E+01 0.1641E+07 0.4772E+03  8.743 0.0148 0.8142E-35 0.9177E+00
2670 0.6716E+00 0.1659E+04 0.5950E-04 0.6493E+01 0.1631E+07 0.4812E+03  8.724 0.0151 0.8064E-35 0.9176E+00
2675 0.7000E+00 0.1636E+04 0.5592E-04 0.6471E+01 0.1620E+07 0.4861E+03  8.700 0.0154 0.7969E-35 0.9175E+00
2675 0.7000E+00 0.1636E+04 0.5592E-04 0.6471E+01 0.1620E+07 0.4861E+03  8.700 0.0154 0.7969E-35 0.9175E+00
2680 0.7308E+00 0.1616E+04 0.5278E-04 0.6448E+01 0.1607E+07 0.4912E+03  8.676 0.0156 0.7875E-35 0.9174E+00
2683 0.7500E+00 0.1604E+04 0.5111E-04 0.6435E+01 0.1600E+07 0.4943E+03  8.661 0.0156 0.7821E-35 0.9173E+00
2685 0.7630E+00 0.1597E+04 0.5006E-04 0.6426E+01 0.1595E+07 0.4963E+03  8.652 0.0156 0.7786E-35 0.9173E+00
2690 0.7961E+00 0.1580E+04 0.4761E-04 0.6405E+01 0.1583E+07 0.5013E+03  8.628 0.0157 0.7701E-35 0.9172E+00
2691 0.8000E+00 0.1578E+04 0.4735E-04 0.6402E+01 0.1581E+07 0.5019E+03  8.625 0.0157 0.7692E-35 0.9172E+00
2695 0.8272E+00 0.1565E+04 0.4554E-04 0.6386E+01 0.1572E+07 0.5058E+03  8.606 0.0157 0.7628E-35 0.9171E+00
2699 0.8500E+00 0.1554E+04 0.4414E-04 0.6372E+01 0.1564E+07 0.5090E+03  8.591 0.0157 0.7578E-35 0.9171E+00
2700 0.8570E+00 0.1551E+04 0.4371E-04 0.6368E+01 0.1561E+07 0.5099E+03  8.586 0.0157 0.7563E-35 0.9171E+00
2705 0.8926E+00 0.1535E+04 0.4171E-04 0.6348E+01 0.1549E+07 0.5147E+03  8.563 0.0157 0.7492E-35 0.9170E+00
2707 0.9000E+00 0.1532E+04 0.4131E-04 0.6344E+01 0.1547E+07 0.5157E+03  8.558 0.0157 0.7477E-35 0.9170E+00
2710 0.9218E+00 0.1522E+04 0.4010E-04 0.6332E+01 0.1539E+07 0.5187E+03  8.543 0.0157 0.7437E-35 0.9170E+00
2714 0.9500E+00 0.1511E+04 0.3873E-04 0.6318E+01 0.1531E+07 0.5222E+03  8.526 0.0156 0.7388E-35 0.9169E+00
2715 0.9575E+00 0.1508E+04 0.3838E-04 0.6314E+01 0.1528E+07 0.5231E+03  8.522 0.0156 0.7375E-35 0.9169E+00
2720 0.9959E+00 0.1493E+04 0.3667E-04 0.6295E+01 0.1517E+07 0.5277E+03  8.500 0.0156 0.7314E-35 0.9169E+00
2721 0.1000E+01 0.1491E+04 0.3650E-04 0.6294E+01 0.1515E+07 0.5282E+03  8.497 0.0155 0.7308E-35 0.9169E+00
2725 0.1031E+01 0.1480E+04 0.3521E-04 0.6279E+01 0.1506E+07 0.5318E+03  8.480 0.0155 0.7261E-35 0.9169E+00
2730 0.1072E+01 0.1465E+04 0.3366E-04 0.6262E+01 0.1495E+07 0.5363E+03  8.458 0.0154 0.7206E-35 0.9168E+00
2735 0.1113E+01 0.1451E+04 0.3218E-04 0.6244E+01 0.1483E+07 0.5407E+03  8.436 0.0153 0.7154E-35 0.9168E+00
2740 0.1156E+01 0.1437E+04 0.3078E-04 0.6228E+01 0.1472E+07 0.5450E+03  8.415 0.0153 0.7104E-35 0.9168E+00
2745 0.1199E+01 0.1423E+04 0.2945E-04 0.6211E+01 0.1461E+07 0.5493E+03  8.394 0.0152 0.7057E-35 0.9168E+00
2750 0.1244E+01 0.1409E+04 0.2819E-04 0.6195E+01 0.1449E+07 0.5535E+03  8.373 0.0151 0.7012E-35 0.9167E+00
2755 0.1291E+01 0.1396E+04 0.2699E-04 0.6179E+01 0.1438E+07 0.5577E+03  8.352 0.0149 0.6970E-35 0.9167E+00
2760 0.1338E+01 0.1382E+04 0.2584E-04 0.6164E+01 0.1427E+07 0.5619E+03  8.331 0.0148 0.6929E-35 0.9167E+00
2765 0.1387E+01 0.1369E+04 0.2474E-04 0.6149E+01 0.1416E+07 0.5660E+03  8.311 0.0147 0.6890E-35 0.9167E+00
2770 0.1437E+01 0.1356E+04 0.2368E-04 0.6134E+01 0.1405E+07 0.5700E+03  8.290 0.0146 0.6853E-35 0.9167E+00
2775 0.1489E+01 0.1343E+04 0.2266E-04 0.6120E+01 0.1394E+07 0.5740E+03  8.270 0.0144 0.6818E-35 0.9167E+00
2777 0.1500E+01 0.1340E+04 0.2245E-04 0.6117E+01 0.1392E+07 0.5749E+03  8.266 0.0144 0.6811E-35 0.9167E+00
2780 0.1532E+01 0.1331E+04 0.2183E-04 0.6108E+01 0.1385E+07 0.5773E+03  8.253 0.0143 0.6791E-35 0.9167E+00
2785 0.1587E+01 0.1318E+04 0.2085E-04 0.6094E+01 0.1375E+07 0.5813E+03  8.233 0.0142 0.6759E-35 0.9167E+00
2790 0.1643E+01 0.1304E+04 0.1991E-04 0.6080E+01 0.1364E+07 0.5852E+03  8.214 0.0141 0.6728E-35 0.9166E+00
2795 0.1702E+01 0.1291E+04 0.1901E-04 0.6067E+01 0.1353E+07 0.5890E+03  8.194 0.0140 0.6698E-35 0.9166E+00
2800 0.1762E+01 0.1277E+04 0.1816E-04 0.6053E+01 0.1343E+07 0.5929E+03  8.174 0.0139 0.6670E-35 0.9166E+00
2805 0.1824E+01 0.1264E+04 0.1734E-04 0.6040E+01 0.1332E+07 0.5967E+03  8.155 0.0138 0.6642E-35 0.9166E+00
2810 0.1889E+01 0.1251E+04 0.1657E-04 0.6027E+01 0.1322E+07 0.6004E+03  8.135 0.0137 0.6616E-35 0.9166E+00
2815 0.1955E+01 0.1238E+04 0.1583E-04 0.6015E+01 0.1312E+07 0.6041E+03  8.116 0.0135 0.6591E-35 0.9166E+00
2819 0.2000E+01 0.1230E+04 0.1536E-04 0.6007E+01 0.1305E+07 0.6065E+03  8.104 0.0135 0.6575E-35 0.9166E+00
2820 0.2014E+01 0.1227E+04 0.1522E-04 0.6004E+01 0.1303E+07 0.6073E+03  8.100 0.0134 0.6570E-35 0.9166E+00
2825 0.2085E+01 0.1215E+04 0.1455E-04 0.5992E+01 0.1293E+07 0.6109E+03  8.081 0.0133 0.6547E-35 0.9166E+00
2830 0.2158E+01 0.1202E+04 0.1391E-04 0.5980E+01 0.1282E+07 0.6145E+03  8.062 0.0131 0.6525E-35 0.9166E+00
2835 0.2233E+01 0.1190E+04 0.1329E-04 0.5968E+01 0.1272E+07 0.6181E+03  8.043 0.0130 0.6504E-35 0.9166E+00
2840 0.2311E+01 0.1178E+04 0.1271E-04 0.5957E+01 0.1262E+07 0.6217E+03  8.024 0.0128 0.6483E-35 0.9166E+00
2845 0.2392E+01 0.1165E+04 0.1215E-04 0.5945E+01 0.1252E+07 0.6252E+03  8.005 0.0127 0.6463E-35 0.9166E+00
2850 0.2476E+01 0.1153E+04 0.1161E-04 0.5934E+01 0.1242E+07 0.6287E+03  7.986 0.0125 0.6445E-35 0.9166E+00
2852 0.2500E+01 0.1150E+04 0.1146E-04 0.5931E+01 0.1239E+07 0.6297E+03  7.981 0.0125 0.6439E-35 0.9166E+00
2855 0.2552E+01 0.1143E+04 0.1115E-04 0.5924E+01 0.1233E+07 0.6318E+03  7.970 0.0124 0.6429E-35 0.9166E+00
2860 0.2641E+01 0.1131E+04 0.1064E-04 0.5913E+01 0.1224E+07 0.6352E+03  7.951 0.0123 0.6411E-35 0.9166E+00
2865 0.2733E+01 0.1118E+04 0.1015E-04 0.5902E+01 0.1214E+07 0.6386E+03  7.933 0.0121 0.6394E-35 0.9166E+00
2870 0.2829E+01 0.1106E+04 0.9668E-05 0.5892E+01 0.1204E+07 0.6420E+03  7.914 0.0120 0.6378E-35 0.9166E+00
2875 0.2928E+01 0.1093E+04 0.9200E-05 0.5881E+01 0.1195E+07 0.6454E+03  7.896 0.0119 0.6363E-35 0.9166E+00
2879 0.3000E+01 0.1084E+04 0.8883E-05 0.5874E+01 0.1188E+07 0.6477E+03  7.883 0.0118 0.6352E-35 0.9166E+00
2880 0.3021E+01 0.1082E+04 0.8794E-05 0.5872E+01 0.1186E+07 0.6483E+03  7.879 0.0118 0.6349E-35 0.9166E+00
2885 0.3128E+01 0.1069E+04 0.8362E-05 0.5862E+01 0.1176E+07 0.6516E+03  7.861 0.0117 0.6334E-35 0.9166E+00
2890 0.3239E+01 0.1057E+04 0.7952E-05 0.5852E+01 0.1167E+07 0.6549E+03  7.843 0.0116 0.6320E-35 0.9166E+00
2895 0.3355E+01 0.1044E+04 0.7563E-05 0.5842E+01 0.1157E+07 0.6581E+03  7.825 0.0115 0.6307E-35 0.9166E+00
2900 0.3475E+01 0.1032E+04 0.7195E-05 0.5832E+01 0.1148E+07 0.6613E+03  7.807 0.0114 0.6294E-35 0.9166E+00
2902 0.3500E+01 0.1030E+04 0.7123E-05 0.5831E+01 0.1146E+07 0.6620E+03  7.803 0.0114 0.6291E-35 0.9166E+00
2905 0.3574E+01 0.1023E+04 0.6907E-05 0.5825E+01 0.1140E+07 0.6640E+03  7.792 0.0113 0.6284E-35 0.9166E+00
2910 0.3703E+01 0.1011E+04 0.6575E-05 0.5815E+01 0.1131E+07 0.6671E+03  7.774 0.0111 0.6272E-35 0.9166E+00
2915 0.3837E+01 0.9992E+03 0.6258E-05 0.5806E+01 0.1122E+07 0.6703E+03  7.756 0.0110 0.6260E-35 0.9166E+00
2920 0.3976E+01 0.9876E+03 0.5954E-05 0.5797E+01 0.1113E+07 0.6734E+03  7.738 0.0109 0.6248E-35 0.9166E+00
2921 0.4000E+01 0.9857E+03 0.5904E-05 0.5795E+01 0.1111E+07 0.6739E+03  7.735 0.0109 0.6247E-35 0.9166E+00
2925 0.4116E+01 0.9764E+03 0.5670E-05 0.5788E+01 0.1104E+07 0.6764E+03  7.721 0.0108 0.6238E-35 0.9166E+00
2930 0.4267E+01 0.9645E+03 0.5382E-05 0.5779E+01 0.1095E+07 0.6794E+03  7.703 0.0107 0.6227E-35 0.9166E+00
2935 0.4424E+01 0.9522E+03 0.5097E-05 0.5770E+01 0.1086E+07 0.6824E+03  7.685 0.0106 0.6217E-35 0.9166E+00
2938 0.4500E+01 0.9463E+03 0.4965E-05 0.5766E+01 0.1082E+07 0.6839E+03  7.677 0.0106 0.6212E-35 0.9166E+00
2940 0.4566E+01 0.9411E+03 0.4851E-05 0.5763E+01 0.1078E+07 0.6850E+03  7.670 0.0106 0.6208E-35 0.9166E+00
2945 0.4738E+01 0.9277E+03 0.4568E-05 0.5754E+01 0.1070E+07 0.6880E+03  7.652 0.0105 0.6199E-35 0.9166E+00
2950 0.4915E+01 0.9141E+03 0.4293E-05 0.5746E+01 0.1061E+07 0.6909E+03  7.635 0.0105 0.6190E-35 0.9166E+00
2953 0.5000E+01 0.9077E+03 0.4168E-05 0.5742E+01 0.1057E+07 0.6923E+03  7.627 0.0106 0.6185E-35 0.9166E+00
2955 0.5073E+01 0.9023E+03 0.4065E-05 0.5739E+01 0.1054E+07 0.6934E+03  7.620 0.0106 0.6182E-35 0.9166E+00
2960 0.5256E+01 0.8891E+03 0.3823E-05 0.5731E+01 0.1046E+07 0.6961E+03  7.604 0.0106 0.6173E-35 0.9166E+00
2965 0.5447E+01 0.8761E+03 0.3595E-05 0.5724E+01 0.1038E+07 0.6987E+03  7.588 0.0107 0.6165E-35 0.9166E+00
2967 0.5500E+01 0.8726E+03 0.3535E-05 0.5722E+01 0.1036E+07 0.6994E+03  7.584 0.0107 0.6163E-35 0.9166E+00
2970 0.5618E+01 0.8649E+03 0.3407E-05 0.5717E+01 0.1031E+07 0.7009E+03  7.575 0.0107 0.6158E-35 0.9166E+00
2975 0.5823E+01 0.8523E+03 0.3204E-05 0.5710E+01 0.1024E+07 0.7035E+03  7.559 0.0108 0.6151E-35 0.9166E+00
2980 0.6000E+01 0.8420E+03 0.3046E-05 0.5705E+01 0.1018E+07 0.7055E+03  7.547 0.0108 0.6145E-35 0.9166E+00
2980 0.6000E+01 0.8420E+03 0.3046E-05 0.5705E+01 0.1018E+07 0.7055E+03  7.547 0.0108 0.6145E-35 0.9166E+00
2985 0.6223E+01 0.8297E+03 0.2865E-05 0.5698E+01 0.1010E+07 0.7080E+03  7.532 0.0109 0.6137E-35 0.9166E+00
2990 0.6457E+01 0.8176E+03 0.2695E-05 0.5691E+01 0.1003E+07 0.7104E+03  7.517 0.0109 0.6130E-35 0.9166E+00
2991 0.6500E+01 0.8154E+03 0.2666E-05 0.5690E+01 0.1002E+07 0.7109E+03  7.514 0.0109 0.6129E-35 0.9166E+00
2995 0.6698E+01 0.8059E+03 0.2538E-05 0.5684E+01 0.9958E+06 0.7128E+03  7.502 0.0110 0.6123E-35 0.9166E+00
3000 0.6959E+01 0.7941E+03 0.2388E-05 0.5678E+01 0.9886E+06 0.7152E+03  7.487 0.0110 0.6116E-35 0.9166E+00
3001 0.7000E+01 0.7924E+03 0.2366E-05 0.5677E+01 0.9875E+06 0.7156E+03  7.484 0.0110 0.6115E-35 0.9166E+00
3005 0.7221E+01 0.7831E+03 0.2253E-05 0.5672E+01 0.9817E+06 0.7175E+03  7.472 0.0111 0.6109E-35 0.9166E+00
3010 0.7500E+01 0.7721E+03 0.2125E-05 0.5665E+01 0.9748E+06 0.7198E+03  7.458 0.0111 0.6103E-35 0.9166E+00
3010 0.7500E+01 0.7721E+03 0.2125E-05 0.5665E+01 0.9748E+06 0.7198E+03  7.458 0.0111 0.6103E-35 0.9166E+00
3015 0.7808E+01 0.7608E+03 0.1998E-05 0.5659E+01 0.9676E+06 0.7222E+03  7.442 0.0111 0.6096E-35 0.9166E+00
3018 0.8000E+01 0.7543E+03 0.1928E-05 0.5655E+01 0.9633E+06 0.7237E+03  7.433 0.0112 0.6092E-35 0.9166E+00
3020 0.8134E+01 0.7499E+03 0.1881E-05 0.5652E+01 0.9604E+06 0.7246E+03  7.427 0.0112 0.6089E-35 0.9166E+00
3025 0.8483E+01 0.7390E+03 0.1770E-05 0.5646E+01 0.9531E+06 0.7271E+03  7.412 0.0112 0.6083E-35 0.9166E+00
3026 0.8500E+01 0.7385E+03 0.1765E-05 0.5645E+01 0.9528E+06 0.7272E+03  7.411 0.0112 0.6082E-35 0.9166E+00
3030 0.8797E+01 0.7298E+03 0.1681E-05 0.5640E+01 0.9469E+06 0.7291E+03  7.398 0.0112 0.6077E-35 0.9166E+00
3033 0.9000E+01 0.7243E+03 0.1628E-05 0.5637E+01 0.9431E+06 0.7304E+03  7.390 0.0112 0.6074E-35 0.9166E+00
3035 0.9159E+01 0.7200E+03 0.1589E-05 0.5634E+01 0.9401E+06 0.7314E+03  7.384 0.0112 0.6071E-35 0.9166E+00
3040 0.9500E+01 0.7115E+03 0.1512E-05 0.5629E+01 0.9340E+06 0.7334E+03  7.370 0.0112 0.6066E-35 0.9166E+00
3040 0.9500E+01 0.7115E+03 0.1512E-05 0.5629E+01 0.9340E+06 0.7334E+03  7.370 0.0112 0.6066E-35 0.9166E+00
3045 0.9939E+01 0.7011E+03 0.1422E-05 0.5622E+01 0.9266E+06 0.7359E+03  7.354 0.0111 0.6059E-35 0.9166E+00
3046 0.1000E+02 0.6997E+03 0.1411E-05 0.5621E+01 0.9256E+06 0.7362E+03  7.352 0.0111 0.6058E-35 0.9166E+00
3050 0.1037E+02 0.6916E+03 0.1344E-05 0.5616E+01 0.9196E+06 0.7382E+03  7.339 0.0111 0.6053E-35 0.9166E+00
3052 0.1050E+02 0.6890E+03 0.1323E-05 0.5614E+01 0.9177E+06 0.7388E+03  7.335 0.0111 0.6051E-35 0.9166E+00
3055 0.1080E+02 0.6829E+03 0.1275E-05 0.5611E+01 0.9131E+06 0.7403E+03  7.325 0.0111 0.6048E-35 0.9166E+00
3057 0.1100E+02 0.6790E+03 0.1245E-05 0.5608E+01 0.9102E+06 0.7413E+03  7.318 0.0111 0.6045E-35 0.9166E+00
3060 0.1132E+02 0.6731E+03 0.1201E-05 0.5604E+01 0.9056E+06 0.7428E+03  7.308 0.0110 0.6042E-35 0.9166E+00
3062 0.1150E+02 0.6698E+03 0.1177E-05 0.5602E+01 0.9031E+06 0.7436E+03  7.303 0.0110 0.6039E-35 0.9166E+00
3065 0.1183E+02 0.6641E+03 0.1135E-05 0.5598E+01 0.8986E+06 0.7451E+03  7.293 0.0110 0.6036E-35 0.9166E+00
3067 0.1200E+02 0.6614E+03 0.1116E-05 0.5596E+01 0.8964E+06 0.7458E+03  7.288 0.0109 0.6034E-35 0.9166E+00
3070 0.1235E+02 0.6558E+03 0.1077E-05 0.5592E+01 0.8919E+06 0.7473E+03  7.278 0.0109 0.6031E-35 0.9166E+00
3072 0.1250E+02 0.6535E+03 0.1062E-05 0.5591E+01 0.8900E+06 0.7480E+03  7.274 0.0109 0.6029E-35 0.9166E+00
3075 0.1286E+02 0.6481E+03 0.1026E-05 0.5587E+01 0.8856E+06 0.7494E+03  7.264 0.0108 0.6026E-35 0.9166E+00
3077 0.1300E+02 0.6461E+03 0.1013E-05 0.5585E+01 0.8839E+06 0.7500E+03  7.260 0.0108 0.6024E-35 0.9166E+00
3080 0.1338E+02 0.6409E+03 0.9789E-06 0.5582E+01 0.8795E+06 0.7514E+03  7.250 0.0107 0.6021E-35 0.9166E+00
3081 0.1350E+02 0.6392E+03 0.9683E-06 0.5581E+01 0.8781E+06 0.7519E+03  7.247 0.0107 0.6020E-35 0.9166E+00
3085 0.1400E+02 0.6327E+03 0.9278E-06 0.5576E+01 0.8725E+06 0.7537E+03  7.234 0.0106 0.6016E-35 0.9166E+00
3085 0.1400E+02 0.6327E+03 0.9278E-06 0.5576E+01 0.8725E+06 0.7537E+03  7.234 0.0106 0.6016E-35 0.9166E+00
3089 0.1450E+02 0.6265E+03 0.8907E-06 0.5571E+01 0.8671E+06 0.7555E+03  7.222 0.0105 0.6012E-35 0.9166E+00
3090 0.1464E+02 0.6249E+03 0.8809E-06 0.5570E+01 0.8657E+06 0.7560E+03  7.219 0.0105 0.6011E-35 0.9166E+00
3093 0.1500E+02 0.6207E+03 0.8564E-06 0.5567E+01 0.8619E+06 0.7572E+03  7.210 0.0104 0.6008E-35 0.9166E+00
3095 0.1529E+02 0.6174E+03 0.8380E-06 0.5564E+01 0.8591E+06 0.7582E+03  7.204 0.0104 0.6006E-35 0.9166E+00
3097 0.1550E+02 0.6151E+03 0.8247E-06 0.5563E+01 0.8569E+06 0.7589E+03  7.199 0.0103 0.6005E-35 0.9166E+00
3100 0.1594E+02 0.6103E+03 0.7984E-06 0.5559E+01 0.8526E+06 0.7603E+03  7.189 0.0102 0.6002E-35 0.9166E+00
3101 0.1600E+02 0.6097E+03 0.7952E-06 0.5559E+01 0.8521E+06 0.7605E+03  7.188 0.0102 0.6002E-35 0.9166E+00
3105 0.1650E+02 0.6046E+03 0.7677E-06 0.5555E+01 0.8474E+06 0.7620E+03  7.177 0.0101 0.5998E-35 0.9166E+00
3105 0.1650E+02 0.6046E+03 0.7677E-06 0.5555E+01 0.8474E+06 0.7620E+03  7.177 0.0101 0.5998E-35 0.9166E+00
3109 0.1700E+02 0.5996E+03 0.7419E-06 0.5551E+01 0.8429E+06 0.7635E+03  7.167 0.0101 0.5996E-35 0.9166E+00
3110 0.1716E+02 0.5981E+03 0.7340E-06 0.5550E+01 0.8415E+06 0.7640E+03  7.163 0.0100 0.5995E-35 0.9166E+00
3113 0.1750E+02 0.5949E+03 0.7178E-06 0.5547E+01 0.8385E+06 0.7649E+03  7.156 0.0100 0.5993E-35 0.9166E+00
3115 0.1783E+02 0.5918E+03 0.7026E-06 0.5545E+01 0.8357E+06 0.7659E+03  7.150 0.0099 0.5991E-35 0.9166E+00
3117 0.1800E+02 0.5903E+03 0.6950E-06 0.5544E+01 0.8343E+06 0.7663E+03  7.147 0.0099 0.5990E-35 0.9166E+00
3120 0.1850E+02 0.5859E+03 0.6736E-06 0.5541E+01 0.8301E+06 0.7677E+03  7.137 0.0098 0.5987E-35 0.9166E+00
3120 0.1850E+02 0.5859E+03 0.6736E-06 0.5541E+01 0.8301E+06 0.7677E+03  7.137 0.0098 0.5987E-35 0.9166E+00
3123 0.1900E+02 0.5816E+03 0.6535E-06 0.5537E+01 0.8261E+06 0.7690E+03  7.128 0.0097 0.5985E-35 0.9166E+00
3125 0.1936E+02 0.5787E+03 0.6398E-06 0.5535E+01 0.8233E+06 0.7699E+03  7.121 0.0096 0.5983E-35 0.9166E+00
3126 0.1950E+02 0.5775E+03 0.6344E-06 0.5534E+01 0.8222E+06 0.7703E+03  7.118 0.0096 0.5983E-35 0.9166E+00
3129 0.2000E+02 0.5735E+03 0.6163E-06 0.5531E+01 0.8184E+06 0.7715E+03  7.109 0.0095 0.5980E-35 0.9166E+00
