 $INPUT
 IMODEL	=             1
 N	=           120
 MINSTP	=             0
 VEOS	=  1.000000000000000
 ILOOP	=             1
 STATIC	=   F
 FRACT	=  1.8000000000000000E-03
 SHINE	=  0.3000000000000000
 SHAVE	=  9.9999999999999995E-08
 POUT	=  5000000.000000000
 AMETH	=             2
 CMETH	=             1
 NOBOND	=             1
 TBEG	=  5.0000000000000004E-06
 TIMEF	=  10.00000000000000
 DTIMEO	=  5.0000000000000003E-02
 STEPO	=  0.5000000000000000
 LCORR	=   T
 LSTART	=   F
 MAXSTP	=          5000
 SPK	=  15.00000000000000
 STARL	=  0.0000000000000000E+00
 DIST	=  5.200000000000000
 ALB	=  0.3500000000000000
 TEFFS	=  5770.000000000000
 LCONV	=   T
 LTRANS	=   T
 LPOUT	=   F
 LFILL	=   F
 LCONT	=   T
 LBURN	=   T
 MAG	=  'O '
 GAM	=  '7X'
 MASS	=  24.68882000000000
 YHEA	=  0.2500000000000000
 YDI	=  2.0000000000000002E-05
 HB	=  1.000000000000000
 $end
 
 
 Gam,Mass,Yhe,Ydi,Dist,starl,alb=  7X  24.689   0.250 0.200E-04 0.520E+01 0.000E+00 0.350E+00
  I  Time(Gyrs) Teff        Lumin      Rad(Gcm)  Tc         Rhoc       S      Ratio  Yd         Yl


   5 0.4699E-06 0.2362E+04 0.3112E-01 0.7328E+02 0.1402E+06 0.1665E+00 14.990 0.0000 0.2000E-04 0.1000E+01
  10 0.1067E-05 0.2365E+04 0.3074E-01 0.7265E+02 0.1410E+06 0.1695E+00 14.977 0.0000 0.2000E-04 0.1000E+01
  15 0.1676E-05 0.2368E+04 0.3036E-01 0.7203E+02 0.1418E+06 0.1724E+00 14.963 0.0000 0.2000E-04 0.1000E+01
  20 0.2297E-05 0.2370E+04 0.2999E-01 0.7142E+02 0.1426E+06 0.1754E+00 14.950 0.0000 0.2000E-04 0.1000E+01
  25 0.2929E-05 0.2373E+04 0.2963E-01 0.7082E+02 0.1434E+06 0.1785E+00 14.936 0.0000 0.2000E-04 0.1000E+01
  30 0.3573E-05 0.2376E+04 0.2926E-01 0.7022E+02 0.1442E+06 0.1816E+00 14.922 0.0000 0.2000E-04 0.1000E+01
  35 0.4230E-05 0.2379E+04 0.2891E-01 0.6963E+02 0.1449E+06 0.1847E+00 14.909 0.0000 0.2000E-04 0.1000E+01
  40 0.4899E-05 0.2381E+04 0.2855E-01 0.6905E+02 0.1457E+06 0.1879E+00 14.895 0.0000 0.2000E-04 0.1000E+01
  41 0.0000E+00 0.2382E+04 0.2850E-01 0.6897E+02 0.1459E+06 0.1884E+00 14.893 0.0000 0.2000E-04 0.1000E+01
  45 0.5463E-06 0.2384E+04 0.2822E-01 0.6851E+02 0.1465E+06 0.1910E+00 14.882 0.0000 0.2000E-04 0.1000E+01
  50 0.1242E-05 0.2386E+04 0.2788E-01 0.6794E+02 0.1473E+06 0.1943E+00 14.868 0.0000 0.2000E-04 0.1000E+01
  55 0.1952E-05 0.2389E+04 0.2754E-01 0.6737E+02 0.1481E+06 0.1976E+00 14.855 0.0000 0.2000E-04 0.1000E+01
  60 0.2676E-05 0.2392E+04 0.2720E-01 0.6682E+02 0.1489E+06 0.2010E+00 14.841 0.0000 0.2000E-04 0.1000E+01
  65 0.3414E-05 0.2394E+04 0.2687E-01 0.6627E+02 0.1497E+06 0.2044E+00 14.827 0.0000 0.2000E-04 0.1000E+01
  70 0.4167E-05 0.2397E+04 0.2654E-01 0.6572E+02 0.1505E+06 0.2079E+00 14.813 0.0000 0.2000E-04 0.1000E+01
  75 0.4935E-05 0.2399E+04 0.2621E-01 0.6519E+02 0.1513E+06 0.2114E+00 14.799 0.0000 0.2000E-04 0.1000E+01
  80 0.5718E-05 0.2401E+04 0.2589E-01 0.6465E+02 0.1521E+06 0.2150E+00 14.785 0.0000 0.2000E-04 0.1000E+01
  85 0.6516E-05 0.2404E+04 0.2557E-01 0.6413E+02 0.1529E+06 0.2187E+00 14.772 0.0000 0.2000E-04 0.1000E+01
  90 0.7330E-05 0.2406E+04 0.2526E-01 0.6361E+02 0.1537E+06 0.2224E+00 14.758 0.0000 0.2000E-04 0.1000E+01
  95 0.8160E-05 0.2409E+04 0.2495E-01 0.6309E+02 0.1545E+06 0.2261E+00 14.744 0.0000 0.2000E-04 0.1000E+01
 100 0.9005E-05 0.2411E+04 0.2464E-01 0.6259E+02 0.1553E+06 0.2299E+00 14.730 0.0000 0.2000E-04 0.1000E+01
 105 0.9866E-05 0.2413E+04 0.2434E-01 0.6208E+02 0.1561E+06 0.2338E+00 14.716 0.0000 0.2000E-04 0.1000E+01
 110 0.1074E-04 0.2415E+04 0.2404E-01 0.6159E+02 0.1569E+06 0.2377E+00 14.702 0.0000 0.2000E-04 0.1000E+01
 115 0.1164E-04 0.2418E+04 0.2375E-01 0.6110E+02 0.1577E+06 0.2416E+00 14.688 0.0000 0.2000E-04 0.1000E+01
 120 0.1255E-04 0.2420E+04 0.2346E-01 0.6061E+02 0.1585E+06 0.2457E+00 14.674 0.0000 0.2000E-04 0.1000E+01
 125 0.1348E-04 0.2422E+04 0.2317E-01 0.6013E+02 0.1593E+06 0.2498E+00 14.660 0.0000 0.2000E-04 0.1000E+01
 130 0.1443E-04 0.2424E+04 0.2289E-01 0.5965E+02 0.1601E+06 0.2539E+00 14.645 0.0000 0.2000E-04 0.1000E+01
 135 0.1540E-04 0.2426E+04 0.2261E-01 0.5918E+02 0.1609E+06 0.2582E+00 14.631 0.0000 0.2000E-04 0.1000E+01
 140 0.1638E-04 0.2428E+04 0.2233E-01 0.5872E+02 0.1617E+06 0.2624E+00 14.617 0.0000 0.2000E-04 0.1000E+01
 145 0.1738E-04 0.2430E+04 0.2206E-01 0.5826E+02 0.1625E+06 0.2668E+00 14.603 0.0000 0.2000E-04 0.1000E+01
 150 0.1840E-04 0.2432E+04 0.2179E-01 0.5780E+02 0.1633E+06 0.2712E+00 14.589 0.0000 0.2000E-04 0.1000E+01
 155 0.1945E-04 0.2435E+04 0.2152E-01 0.5735E+02 0.1641E+06 0.2757E+00 14.575 0.0000 0.2000E-04 0.1000E+01
 160 0.2051E-04 0.2437E+04 0.2126E-01 0.5691E+02 0.1649E+06 0.2803E+00 14.560 0.0000 0.2000E-04 0.1000E+01
 165 0.2159E-04 0.2439E+04 0.2100E-01 0.5647E+02 0.1658E+06 0.2849E+00 14.546 0.0000 0.2000E-04 0.1000E+01
 170 0.2270E-04 0.2440E+04 0.2074E-01 0.5603E+02 0.1666E+06 0.2896E+00 14.532 0.0000 0.2000E-04 0.1000E+01
 175 0.2382E-04 0.2442E+04 0.2049E-01 0.5560E+02 0.1674E+06 0.2944E+00 14.518 0.0000 0.2000E-04 0.1000E+01
 180 0.2497E-04 0.2444E+04 0.2023E-01 0.5517E+02 0.1682E+06 0.2992E+00 14.503 0.0000 0.2000E-04 0.1000E+01
 185 0.2615E-04 0.2446E+04 0.1999E-01 0.5474E+02 0.1690E+06 0.3042E+00 14.489 0.0000 0.2000E-04 0.1000E+01
 190 0.2734E-04 0.2448E+04 0.1974E-01 0.5432E+02 0.1699E+06 0.3092E+00 14.474 0.0000 0.2000E-04 0.1000E+01
 195 0.2856E-04 0.2450E+04 0.1950E-01 0.5391E+02 0.1707E+06 0.3143E+00 14.460 0.0000 0.2000E-04 0.1000E+01
 200 0.2981E-04 0.2452E+04 0.1926E-01 0.5350E+02 0.1715E+06 0.3195E+00 14.445 0.0000 0.2000E-04 0.1000E+01
 205 0.3107E-04 0.2454E+04 0.1902E-01 0.5309E+02 0.1723E+06 0.3248E+00 14.431 0.0000 0.2000E-04 0.1000E+01
 210 0.3236E-04 0.2455E+04 0.1879E-01 0.5269E+02 0.1732E+06 0.3301E+00 14.416 0.0000 0.2000E-04 0.1000E+01
 215 0.3367E-04 0.2457E+04 0.1856E-01 0.5229E+02 0.1740E+06 0.3355E+00 14.402 0.0000 0.2000E-04 0.1000E+01
 220 0.3500E-04 0.2459E+04 0.1834E-01 0.5189E+02 0.1749E+06 0.3410E+00 14.387 0.0000 0.2000E-04 0.1000E+01
 225 0.3636E-04 0.2461E+04 0.1811E-01 0.5150E+02 0.1757E+06 0.3465E+00 14.373 0.0000 0.2000E-04 0.1000E+01
 230 0.3774E-04 0.2462E+04 0.1789E-01 0.5112E+02 0.1766E+06 0.3522E+00 14.358 0.0000 0.2000E-04 0.1000E+01
 235 0.3915E-04 0.2464E+04 0.1767E-01 0.5074E+02 0.1774E+06 0.3579E+00 14.343 0.0000 0.2000E-04 0.1000E+01
 240 0.4058E-04 0.2466E+04 0.1746E-01 0.5036E+02 0.1782E+06 0.3637E+00 14.329 0.0000 0.2000E-04 0.1000E+01
 245 0.4203E-04 0.2467E+04 0.1724E-01 0.4999E+02 0.1791E+06 0.3696E+00 14.314 0.0000 0.2000E-04 0.1000E+01
 250 0.4351E-04 0.2469E+04 0.1703E-01 0.4962E+02 0.1800E+06 0.3756E+00 14.300 0.0000 0.2000E-04 0.1000E+01
 255 0.4502E-04 0.2470E+04 0.1683E-01 0.4926E+02 0.1808E+06 0.3816E+00 14.285 0.0000 0.2000E-04 0.1000E+01
 260 0.4656E-04 0.2472E+04 0.1662E-01 0.4890E+02 0.1817E+06 0.3878E+00 14.270 0.0000 0.2000E-04 0.1000E+01
 265 0.4812E-04 0.2473E+04 0.1642E-01 0.4854E+02 0.1825E+06 0.3940E+00 14.256 0.0000 0.2000E-04 0.1000E+01
 270 0.4971E-04 0.2475E+04 0.1622E-01 0.4819E+02 0.1834E+06 0.4004E+00 14.241 0.0000 0.2000E-04 0.1000E+01
 275 0.5132E-04 0.2476E+04 0.1602E-01 0.4784E+02 0.1842E+06 0.4068E+00 14.227 0.0000 0.2000E-04 0.1000E+01
 280 0.5296E-04 0.2478E+04 0.1583E-01 0.4749E+02 0.1851E+06 0.4133E+00 14.212 0.0000 0.2000E-04 0.1000E+01
 285 0.5463E-04 0.2479E+04 0.1564E-01 0.4715E+02 0.1860E+06 0.4199E+00 14.197 0.0000 0.2000E-04 0.1000E+01
 290 0.5633E-04 0.2481E+04 0.1545E-01 0.4681E+02 0.1868E+06 0.4266E+00 14.183 0.0000 0.2000E-04 0.1000E+01
 295 0.5806E-04 0.2482E+04 0.1526E-01 0.4648E+02 0.1877E+06 0.4334E+00 14.168 0.0000 0.2000E-04 0.1000E+01
 300 0.5982E-04 0.2483E+04 0.1508E-01 0.4615E+02 0.1886E+06 0.4403E+00 14.154 0.0000 0.2000E-04 0.1000E+01
 305 0.6161E-04 0.2485E+04 0.1490E-01 0.4582E+02 0.1895E+06 0.4473E+00 14.139 0.0000 0.2000E-04 0.1000E+01
 310 0.6343E-04 0.2486E+04 0.1472E-01 0.4549E+02 0.1903E+06 0.4544E+00 14.124 0.0000 0.2000E-04 0.1000E+01
 315 0.6528E-04 0.2487E+04 0.1454E-01 0.4517E+02 0.1912E+06 0.4616E+00 14.110 0.0000 0.2000E-04 0.1000E+01
 320 0.6716E-04 0.2488E+04 0.1437E-01 0.4485E+02 0.1921E+06 0.4689E+00 14.095 0.0000 0.2000E-04 0.1000E+01
 325 0.6907E-04 0.2490E+04 0.1419E-01 0.4454E+02 0.1930E+06 0.4763E+00 14.080 0.0000 0.2000E-04 0.1000E+01
 330 0.7102E-04 0.2491E+04 0.1402E-01 0.4423E+02 0.1939E+06 0.4838E+00 14.066 0.0000 0.2000E-04 0.1000E+01
 335 0.7300E-04 0.2492E+04 0.1385E-01 0.4392E+02 0.1947E+06 0.4915E+00 14.051 0.0000 0.2000E-04 0.1000E+01
 340 0.7502E-04 0.2493E+04 0.1368E-01 0.4361E+02 0.1956E+06 0.4993E+00 14.036 0.0000 0.2000E-04 0.1000E+01
 345 0.7707E-04 0.2494E+04 0.1351E-01 0.4331E+02 0.1965E+06 0.5072E+00 14.021 0.0000 0.2000E-04 0.1000E+01
 350 0.7916E-04 0.2495E+04 0.1335E-01 0.4301E+02 0.1974E+06 0.5152E+00 14.007 0.0000 0.2000E-04 0.1000E+01
 355 0.8129E-04 0.2496E+04 0.1319E-01 0.4271E+02 0.1983E+06 0.5233E+00 13.992 0.0000 0.2000E-04 0.1000E+01
 360 0.8345E-04 0.2497E+04 0.1302E-01 0.4242E+02 0.1993E+06 0.5316E+00 13.977 0.0000 0.2000E-04 0.1000E+01
 365 0.8566E-04 0.2498E+04 0.1287E-01 0.4213E+02 0.2002E+06 0.5400E+00 13.962 0.0000 0.2000E-04 0.1000E+01
 370 0.8790E-04 0.2499E+04 0.1270E-01 0.4183E+02 0.2011E+06 0.5489E+00 13.947 0.0000 0.2000E-04 0.1000E+01
 375 0.9019E-04 0.2500E+04 0.1255E-01 0.4154E+02 0.2020E+06 0.5575E+00 13.932 0.0000 0.2000E-04 0.1000E+01
 380 0.9252E-04 0.2501E+04 0.1239E-01 0.4126E+02 0.2030E+06 0.5664E+00 13.918 0.0000 0.2000E-04 0.1000E+01
 385 0.9490E-04 0.2502E+04 0.1224E-01 0.4097E+02 0.2039E+06 0.5754E+00 13.903 0.0000 0.2000E-04 0.1000E+01
 390 0.9732E-04 0.2502E+04 0.1209E-01 0.4069E+02 0.2048E+06 0.5845E+00 13.888 0.0000 0.2000E-04 0.1000E+01
 395 0.9978E-04 0.2503E+04 0.1195E-01 0.4042E+02 0.2058E+06 0.5938E+00 13.873 0.0000 0.2000E-04 0.1000E+01
 400 0.1023E-03 0.2504E+04 0.1180E-01 0.4014E+02 0.2067E+06 0.6032E+00 13.858 0.0000 0.2000E-04 0.1000E+01
 405 0.1049E-03 0.2505E+04 0.1166E-01 0.3986E+02 0.2077E+06 0.6130E+00 13.842 0.0000 0.2000E-04 0.1000E+01
 410 0.1075E-03 0.2506E+04 0.1152E-01 0.3959E+02 0.2086E+06 0.6227E+00 13.828 0.0000 0.2000E-04 0.1000E+01
 415 0.1101E-03 0.2507E+04 0.1138E-01 0.3932E+02 0.2096E+06 0.6326E+00 13.813 0.0000 0.2000E-04 0.1000E+01
 420 0.1128E-03 0.2508E+04 0.1124E-01 0.3905E+02 0.2106E+06 0.6428E+00 13.797 0.0000 0.2000E-04 0.1000E+01
 425 0.1156E-03 0.2509E+04 0.1110E-01 0.3879E+02 0.2115E+06 0.6531E+00 13.782 0.0000 0.2000E-04 0.1000E+01
 430 0.1184E-03 0.2510E+04 0.1097E-01 0.3853E+02 0.2125E+06 0.6634E+00 13.767 0.0000 0.2000E-04 0.1000E+01
 435 0.1212E-03 0.2511E+04 0.1084E-01 0.3827E+02 0.2135E+06 0.6740E+00 13.752 0.0000 0.2000E-04 0.1000E+01
 440 0.1241E-03 0.2512E+04 0.1071E-01 0.3801E+02 0.2145E+06 0.6847E+00 13.737 0.0000 0.2000E-04 0.1000E+01
 445 0.1271E-03 0.2512E+04 0.1058E-01 0.3775E+02 0.2155E+06 0.6957E+00 13.722 0.0000 0.2000E-04 0.1000E+01
 450 0.1301E-03 0.2513E+04 0.1045E-01 0.3750E+02 0.2165E+06 0.7068E+00 13.707 0.0000 0.2000E-04 0.1000E+01
 455 0.1332E-03 0.2514E+04 0.1032E-01 0.3724E+02 0.2175E+06 0.7181E+00 13.691 0.0000 0.2000E-04 0.1000E+01
 460 0.1363E-03 0.2515E+04 0.1020E-01 0.3699E+02 0.2185E+06 0.7295E+00 13.676 0.0000 0.2000E-04 0.1000E+01
 465 0.1395E-03 0.2516E+04 0.1008E-01 0.3674E+02 0.2195E+06 0.7412E+00 13.661 0.0000 0.2000E-04 0.1000E+01
 470 0.1427E-03 0.2517E+04 0.9959E-02 0.3650E+02 0.2205E+06 0.7531E+00 13.646 0.0000 0.2000E-04 0.1000E+01
 475 0.1460E-03 0.2518E+04 0.9841E-02 0.3625E+02 0.2215E+06 0.7652E+00 13.630 0.0000 0.2000E-04 0.1000E+01
 480 0.1494E-03 0.2519E+04 0.9724E-02 0.3601E+02 0.2225E+06 0.7775E+00 13.615 0.0000 0.2000E-04 0.1000E+01
 485 0.1528E-03 0.2520E+04 0.9610E-02 0.3577E+02 0.2235E+06 0.7899E+00 13.600 0.0000 0.2000E-04 0.1000E+01
 490 0.1563E-03 0.2521E+04 0.9496E-02 0.3553E+02 0.2246E+06 0.8026E+00 13.584 0.0000 0.2000E-04 0.1000E+01
 495 0.1599E-03 0.2522E+04 0.9384E-02 0.3529E+02 0.2256E+06 0.8156E+00 13.569 0.0000 0.2000E-04 0.1000E+01
 500 0.1635E-03 0.2523E+04 0.9274E-02 0.3506E+02 0.2267E+06 0.8287E+00 13.553 0.0000 0.2000E-04 0.1000E+01
 505 0.1672E-03 0.2524E+04 0.9166E-02 0.3482E+02 0.2277E+06 0.8420E+00 13.538 0.0000 0.2000E-04 0.1000E+01
 510 0.1709E-03 0.2525E+04 0.9060E-02 0.3459E+02 0.2287E+06 0.8556E+00 13.522 0.0000 0.2000E-04 0.1000E+01
 515 0.1748E-03 0.2526E+04 0.8955E-02 0.3436E+02 0.2298E+06 0.8694E+00 13.506 0.0000 0.2000E-04 0.1000E+01
 520 0.1786E-03 0.2527E+04 0.8851E-02 0.3413E+02 0.2309E+06 0.8834E+00 13.491 0.0000 0.2000E-04 0.1000E+01
 525 0.1826E-03 0.2528E+04 0.8750E-02 0.3390E+02 0.2319E+06 0.8975E+00 13.475 0.0000 0.2000E-04 0.1000E+01
 530 0.1866E-03 0.2530E+04 0.8648E-02 0.3368E+02 0.2330E+06 0.9120E+00 13.460 0.0000 0.2000E-04 0.1000E+01
 535 0.1907E-03 0.2531E+04 0.8547E-02 0.3345E+02 0.2340E+06 0.9267E+00 13.444 0.0000 0.2000E-04 0.1000E+01
 540 0.1949E-03 0.2532E+04 0.8448E-02 0.3323E+02 0.2351E+06 0.9417E+00 13.428 0.0000 0.2000E-04 0.1000E+01
 545 0.1992E-03 0.2533E+04 0.8350E-02 0.3301E+02 0.2362E+06 0.9570E+00 13.412 0.0000 0.2000E-04 0.1000E+01
 550 0.2035E-03 0.2534E+04 0.8252E-02 0.3279E+02 0.2372E+06 0.9726E+00 13.396 0.0000 0.2000E-04 0.1000E+01
 555 0.2079E-03 0.2535E+04 0.8157E-02 0.3257E+02 0.2383E+06 0.9883E+00 13.381 0.0000 0.2000E-04 0.1000E+01
 560 0.2124E-03 0.2536E+04 0.8062E-02 0.3236E+02 0.2394E+06 0.1004E+01 13.365 0.0000 0.2000E-04 0.1000E+01
 565 0.2170E-03 0.2537E+04 0.7968E-02 0.3214E+02 0.2405E+06 0.1021E+01 13.349 0.0000 0.2000E-04 0.1000E+01
 570 0.2216E-03 0.2538E+04 0.7876E-02 0.3193E+02 0.2415E+06 0.1037E+01 13.333 0.0000 0.2000E-04 0.1000E+01
 575 0.2263E-03 0.2539E+04 0.7783E-02 0.3172E+02 0.2426E+06 0.1054E+01 13.317 0.0000 0.2000E-04 0.1000E+01
 580 0.2312E-03 0.2539E+04 0.7692E-02 0.3151E+02 0.2437E+06 0.1071E+01 13.301 0.0000 0.2000E-04 0.1000E+01
 585 0.2361E-03 0.2540E+04 0.7601E-02 0.3130E+02 0.2448E+06 0.1088E+01 13.285 0.0000 0.2000E-04 0.1000E+01
 590 0.2411E-03 0.2541E+04 0.7511E-02 0.3110E+02 0.2459E+06 0.1106E+01 13.269 0.0000 0.2000E-04 0.1000E+01
 595 0.2462E-03 0.2542E+04 0.7422E-02 0.3089E+02 0.2470E+06 0.1124E+01 13.253 0.0000 0.2000E-04 0.1000E+01
 600 0.2514E-03 0.2543E+04 0.7333E-02 0.3069E+02 0.2481E+06 0.1142E+01 13.237 0.0000 0.2000E-04 0.1000E+01
 605 0.2567E-03 0.2543E+04 0.7245E-02 0.3049E+02 0.2492E+06 0.1161E+01 13.221 0.0000 0.2000E-04 0.1000E+01
 610 0.2620E-03 0.2544E+04 0.7158E-02 0.3029E+02 0.2503E+06 0.1180E+01 13.205 0.0000 0.2000E-04 0.1000E+01
 615 0.2675E-03 0.2545E+04 0.7071E-02 0.3009E+02 0.2514E+06 0.1199E+01 13.189 0.0000 0.2000E-04 0.1000E+01
 620 0.2731E-03 0.2546E+04 0.6986E-02 0.2989E+02 0.2525E+06 0.1219E+01 13.173 0.0000 0.2000E-04 0.1000E+01
 625 0.2788E-03 0.2546E+04 0.6901E-02 0.2969E+02 0.2536E+06 0.1238E+01 13.156 0.0000 0.2000E-04 0.1000E+01
 630 0.2846E-03 0.2547E+04 0.6816E-02 0.2950E+02 0.2547E+06 0.1259E+01 13.140 0.0000 0.2000E-04 0.1000E+01
 635 0.2906E-03 0.2547E+04 0.6733E-02 0.2930E+02 0.2558E+06 0.1279E+01 13.124 0.0000 0.2000E-04 0.1000E+01
 640 0.2966E-03 0.2548E+04 0.6651E-02 0.2911E+02 0.2569E+06 0.1300E+01 13.107 0.0000 0.2000E-04 0.1000E+01
 645 0.3027E-03 0.2548E+04 0.6569E-02 0.2892E+02 0.2580E+06 0.1322E+01 13.091 0.0000 0.2000E-04 0.1000E+01
 650 0.3090E-03 0.2549E+04 0.6489E-02 0.2873E+02 0.2591E+06 0.1343E+01 13.074 0.0000 0.2000E-04 0.1000E+01
 655 0.3153E-03 0.2549E+04 0.6409E-02 0.2854E+02 0.2602E+06 0.1365E+01 13.058 0.0000 0.2000E-04 0.1000E+01
 660 0.3218E-03 0.2550E+04 0.6330E-02 0.2836E+02 0.2613E+06 0.1387E+01 13.041 0.0000 0.2000E-04 0.1000E+01
 665 0.3284E-03 0.2550E+04 0.6251E-02 0.2817E+02 0.2624E+06 0.1410E+01 13.025 0.0000 0.2000E-04 0.1000E+01
 670 0.3351E-03 0.2551E+04 0.6173E-02 0.2799E+02 0.2635E+06 0.1433E+01 13.008 0.0000 0.2000E-04 0.1000E+01
 675 0.3420E-03 0.2551E+04 0.6097E-02 0.2781E+02 0.2646E+06 0.1456E+01 12.992 0.0000 0.2000E-04 0.1000E+01
 680 0.3490E-03 0.2551E+04 0.6021E-02 0.2762E+02 0.2657E+06 0.1480E+01 12.975 0.0000 0.2000E-04 0.1000E+01
 685 0.3561E-03 0.2552E+04 0.5946E-02 0.2744E+02 0.2668E+06 0.1504E+01 12.959 0.0000 0.2000E-04 0.1000E+01
 690 0.3633E-03 0.2552E+04 0.5872E-02 0.2727E+02 0.2679E+06 0.1529E+01 12.942 0.0000 0.2000E-04 0.1000E+01
 695 0.3707E-03 0.2552E+04 0.5798E-02 0.2709E+02 0.2690E+06 0.1554E+01 12.925 0.0000 0.2000E-04 0.1000E+01
 700 0.3782E-03 0.2552E+04 0.5726E-02 0.2691E+02 0.2701E+06 0.1579E+01 12.909 0.0000 0.2000E-04 0.1000E+01
 705 0.3858E-03 0.2553E+04 0.5654E-02 0.2674E+02 0.2712E+06 0.1605E+01 12.892 0.0000 0.2000E-04 0.1000E+01
 710 0.3936E-03 0.2553E+04 0.5583E-02 0.2657E+02 0.2723E+06 0.1631E+01 12.875 0.0000 0.2000E-04 0.1000E+01
 715 0.4015E-03 0.2553E+04 0.5513E-02 0.2640E+02 0.2734E+06 0.1658E+01 12.858 0.0000 0.2000E-04 0.1000E+01
 720 0.4096E-03 0.2553E+04 0.5444E-02 0.2623E+02 0.2745E+06 0.1684E+01 12.842 0.0000 0.2000E-04 0.1000E+01
 725 0.4178E-03 0.2553E+04 0.5375E-02 0.2606E+02 0.2756E+06 0.1712E+01 12.825 0.0000 0.2000E-04 0.1000E+01
 730 0.4262E-03 0.2554E+04 0.5309E-02 0.2589E+02 0.2767E+06 0.1740E+01 12.808 0.0000 0.2000E-04 0.1000E+01
 735 0.4347E-03 0.2554E+04 0.5243E-02 0.2572E+02 0.2778E+06 0.1768E+01 12.791 0.0000 0.2000E-04 0.1000E+01
 740 0.4433E-03 0.2554E+04 0.5179E-02 0.2556E+02 0.2789E+06 0.1796E+01 12.774 0.0000 0.2000E-04 0.1000E+01
 745 0.4521E-03 0.2554E+04 0.5115E-02 0.2540E+02 0.2800E+06 0.1826E+01 12.758 0.0000 0.2000E-04 0.1000E+01
 750 0.4611E-03 0.2555E+04 0.5052E-02 0.2523E+02 0.2811E+06 0.1855E+01 12.741 0.0000 0.2000E-04 0.1000E+01
 755 0.4703E-03 0.2555E+04 0.4990E-02 0.2507E+02 0.2822E+06 0.1885E+01 12.724 0.0000 0.2000E-04 0.1000E+01
 760 0.4796E-03 0.2555E+04 0.4928E-02 0.2491E+02 0.2834E+06 0.1916E+01 12.707 0.0000 0.2000E-04 0.1000E+01
 765 0.4891E-03 0.2555E+04 0.4867E-02 0.2476E+02 0.2845E+06 0.1947E+01 12.690 0.0000 0.2000E-04 0.1000E+01
 770 0.4987E-03 0.2556E+04 0.4807E-02 0.2460E+02 0.2856E+06 0.1979E+01 12.673 0.0000 0.2000E-04 0.1000E+01
 775 0.5085E-03 0.2556E+04 0.4747E-02 0.2444E+02 0.2867E+06 0.2011E+01 12.656 0.0000 0.2000E-04 0.1000E+01
 780 0.5186E-03 0.2556E+04 0.4687E-02 0.2429E+02 0.2878E+06 0.2044E+01 12.639 0.0000 0.2000E-04 0.1000E+01
 785 0.5288E-03 0.2556E+04 0.4629E-02 0.2413E+02 0.2889E+06 0.2077E+01 12.621 0.0000 0.2000E-04 0.1000E+01
 790 0.5392E-03 0.2556E+04 0.4570E-02 0.2398E+02 0.2900E+06 0.2111E+01 12.604 0.0000 0.2000E-04 0.1000E+01
 795 0.5498E-03 0.2556E+04 0.4513E-02 0.2383E+02 0.2911E+06 0.2145E+01 12.587 0.0000 0.2000E-04 0.1000E+01
 800 0.5606E-03 0.2556E+04 0.4455E-02 0.2368E+02 0.2922E+06 0.2180E+01 12.570 0.0000 0.2000E-04 0.1000E+01
 805 0.5716E-03 0.2556E+04 0.4398E-02 0.2353E+02 0.2933E+06 0.2216E+01 12.552 0.0000 0.2000E-04 0.1000E+01
 810 0.5828E-03 0.2556E+04 0.4342E-02 0.2338E+02 0.2944E+06 0.2253E+01 12.535 0.0000 0.2000E-04 0.1000E+01
 815 0.5943E-03 0.2555E+04 0.4286E-02 0.2323E+02 0.2956E+06 0.2290E+01 12.518 0.0000 0.2000E-04 0.1000E+01
 820 0.6061E-03 0.2555E+04 0.4230E-02 0.2308E+02 0.2967E+06 0.2327E+01 12.500 0.0000 0.2000E-04 0.1000E+01
 825 0.6180E-03 0.2555E+04 0.4175E-02 0.2293E+02 0.2978E+06 0.2366E+01 12.483 0.0000 0.2000E-04 0.1000E+01
 830 0.6302E-03 0.2555E+04 0.4120E-02 0.2279E+02 0.2989E+06 0.2405E+01 12.465 0.0000 0.2000E-04 0.1000E+01
 835 0.6426E-03 0.2554E+04 0.4066E-02 0.2264E+02 0.3000E+06 0.2445E+01 12.447 0.0000 0.2000E-04 0.1000E+01
 840 0.6553E-03 0.2554E+04 0.4012E-02 0.2250E+02 0.3012E+06 0.2486E+01 12.429 0.0000 0.2000E-04 0.1000E+01
 845 0.6683E-03 0.2554E+04 0.3958E-02 0.2236E+02 0.3023E+06 0.2527E+01 12.412 0.0000 0.2000E-04 0.1000E+01
 850 0.6816E-03 0.2553E+04 0.3905E-02 0.2221E+02 0.3034E+06 0.2569E+01 12.394 0.0000 0.2000E-04 0.1000E+01
 855 0.6951E-03 0.2553E+04 0.3851E-02 0.2207E+02 0.3046E+06 0.2612E+01 12.376 0.0000 0.2000E-04 0.1000E+01
 860 0.7089E-03 0.2552E+04 0.3799E-02 0.2193E+02 0.3057E+06 0.2656E+01 12.358 0.0000 0.2000E-04 0.1000E+01
 865 0.7230E-03 0.2551E+04 0.3746E-02 0.2179E+02 0.3068E+06 0.2701E+01 12.340 0.0000 0.2000E-04 0.1000E+01
 870 0.7374E-03 0.2550E+04 0.3695E-02 0.2165E+02 0.3080E+06 0.2746E+01 12.322 0.0000 0.2000E-04 0.1000E+01
 875 0.7520E-03 0.2550E+04 0.3643E-02 0.2151E+02 0.3091E+06 0.2792E+01 12.304 0.0000 0.2000E-04 0.1000E+01
 880 0.7669E-03 0.2549E+04 0.3592E-02 0.2138E+02 0.3102E+06 0.2839E+01 12.286 0.0000 0.2000E-04 0.1000E+01
 885 0.7820E-03 0.2548E+04 0.3542E-02 0.2124E+02 0.3113E+06 0.2886E+01 12.267 0.0000 0.2000E-04 0.1000E+01
 890 0.7975E-03 0.2547E+04 0.3492E-02 0.2111E+02 0.3125E+06 0.2935E+01 12.249 0.0000 0.2000E-04 0.1000E+01
 895 0.8133E-03 0.2546E+04 0.3443E-02 0.2097E+02 0.3136E+06 0.2984E+01 12.231 0.0001 0.2000E-04 0.1000E+01
 900 0.8294E-03 0.2545E+04 0.3394E-02 0.2084E+02 0.3147E+06 0.3034E+01 12.213 0.0001 0.2000E-04 0.1000E+01
 905 0.8458E-03 0.2544E+04 0.3345E-02 0.2071E+02 0.3158E+06 0.3085E+01 12.195 0.0001 0.2000E-04 0.1000E+01
 910 0.8625E-03 0.2543E+04 0.3297E-02 0.2058E+02 0.3169E+06 0.3137E+01 12.176 0.0001 0.2000E-04 0.1000E+01
 915 0.8795E-03 0.2542E+04 0.3250E-02 0.2045E+02 0.3180E+06 0.3189E+01 12.158 0.0001 0.2000E-04 0.1000E+01
 920 0.8969E-03 0.2540E+04 0.3203E-02 0.2032E+02 0.3191E+06 0.3242E+01 12.140 0.0001 0.2000E-04 0.1000E+01
 925 0.9146E-03 0.2539E+04 0.3157E-02 0.2020E+02 0.3202E+06 0.3297E+01 12.122 0.0001 0.2000E-04 0.1000E+01
 930 0.9326E-03 0.2538E+04 0.3112E-02 0.2007E+02 0.3213E+06 0.3352E+01 12.103 0.0001 0.2000E-04 0.1000E+01
 935 0.9510E-03 0.2537E+04 0.3068E-02 0.1994E+02 0.3224E+06 0.3408E+01 12.085 0.0001 0.2000E-04 0.1000E+01
 940 0.9698E-03 0.2536E+04 0.3024E-02 0.1982E+02 0.3235E+06 0.3465E+01 12.066 0.0001 0.2000E-04 0.1000E+01
 945 0.9889E-03 0.2534E+04 0.2981E-02 0.1970E+02 0.3246E+06 0.3522E+01 12.048 0.0001 0.2000E-04 0.1000E+01
 950 0.1008E-02 0.2533E+04 0.2938E-02 0.1957E+02 0.3257E+06 0.3581E+01 12.029 0.0002 0.2000E-04 0.1000E+01
 955 0.1028E-02 0.2532E+04 0.2896E-02 0.1945E+02 0.3268E+06 0.3641E+01 12.011 0.0002 0.2000E-04 0.1000E+01
 960 0.1049E-02 0.2531E+04 0.2854E-02 0.1933E+02 0.3279E+06 0.3702E+01 11.992 0.0002 0.2000E-04 0.1000E+01
 965 0.1069E-02 0.2529E+04 0.2813E-02 0.1921E+02 0.3290E+06 0.3764E+01 11.974 0.0002 0.2000E-04 0.1000E+01
 970 0.1090E-02 0.2528E+04 0.2772E-02 0.1909E+02 0.3301E+06 0.3827E+01 11.955 0.0002 0.2000E-04 0.1000E+01
 975 0.1112E-02 0.2527E+04 0.2732E-02 0.1897E+02 0.3311E+06 0.3891E+01 11.937 0.0002 0.2000E-04 0.1000E+01
 980 0.1134E-02 0.2525E+04 0.2692E-02 0.1886E+02 0.3322E+06 0.3956E+01 11.918 0.0003 0.2000E-04 0.1000E+01
 985 0.1156E-02 0.2524E+04 0.2653E-02 0.1874E+02 0.3333E+06 0.4022E+01 11.899 0.0003 0.2000E-04 0.1000E+01
 990 0.1179E-02 0.2522E+04 0.2614E-02 0.1862E+02 0.3343E+06 0.4090E+01 11.880 0.0003 0.2000E-04 0.1000E+01
 995 0.1202E-02 0.2521E+04 0.2576E-02 0.1851E+02 0.3354E+06 0.4158E+01 11.862 0.0003 0.2000E-04 0.1000E+01
1000 0.1226E-02 0.2519E+04 0.2538E-02 0.1840E+02 0.3365E+06 0.4227E+01 11.843 0.0004 0.2000E-04 0.1000E+01
1005 0.1250E-02 0.2518E+04 0.2501E-02 0.1828E+02 0.3375E+06 0.4297E+01 11.824 0.0004 0.2000E-04 0.1000E+01
1010 0.1274E-02 0.2516E+04 0.2464E-02 0.1817E+02 0.3386E+06 0.4368E+01 11.806 0.0004 0.2000E-04 0.1000E+01
1015 0.1299E-02 0.2514E+04 0.2428E-02 0.1806E+02 0.3396E+06 0.4440E+01 11.787 0.0005 0.2000E-04 0.1000E+01
1020 0.1324E-02 0.2513E+04 0.2393E-02 0.1795E+02 0.3406E+06 0.4514E+01 11.768 0.0005 0.2000E-04 0.1000E+01
1025 0.1350E-02 0.2511E+04 0.2358E-02 0.1785E+02 0.3416E+06 0.4588E+01 11.750 0.0006 0.2000E-04 0.1000E+01
1030 0.1376E-02 0.2509E+04 0.2323E-02 0.1774E+02 0.3426E+06 0.4663E+01 11.731 0.0006 0.2000E-04 0.1000E+01
1035 0.1402E-02 0.2507E+04 0.2289E-02 0.1764E+02 0.3436E+06 0.4739E+01 11.713 0.0007 0.2000E-04 0.1000E+01
1040 0.1429E-02 0.2506E+04 0.2256E-02 0.1753E+02 0.3446E+06 0.4816E+01 11.694 0.0007 0.2000E-04 0.1000E+01
1045 0.1457E-02 0.2504E+04 0.2222E-02 0.1743E+02 0.3456E+06 0.4894E+01 11.676 0.0008 0.2000E-04 0.1000E+01
1050 0.1484E-02 0.2502E+04 0.2189E-02 0.1733E+02 0.3466E+06 0.4973E+01 11.657 0.0009 0.2000E-04 0.1000E+01
1055 0.1513E-02 0.2500E+04 0.2157E-02 0.1722E+02 0.3475E+06 0.5053E+01 11.639 0.0009 0.2000E-04 0.1000E+01
1060 0.1541E-02 0.2498E+04 0.2125E-02 0.1712E+02 0.3485E+06 0.5134E+01 11.620 0.0010 0.2000E-04 0.1000E+01
1065 0.1570E-02 0.2496E+04 0.2094E-02 0.1703E+02 0.3495E+06 0.5216E+01 11.602 0.0011 0.2000E-04 0.1000E+01
1070 0.1600E-02 0.2493E+04 0.2063E-02 0.1693E+02 0.3504E+06 0.5299E+01 11.584 0.0012 0.2000E-04 0.1000E+01
1075 0.1630E-02 0.2491E+04 0.2032E-02 0.1683E+02 0.3513E+06 0.5383E+01 11.565 0.0013 0.2000E-04 0.1000E+01
1080 0.1661E-02 0.2489E+04 0.2002E-02 0.1674E+02 0.3523E+06 0.5468E+01 11.547 0.0014 0.2000E-04 0.1000E+01
1085 0.1692E-02 0.2487E+04 0.1972E-02 0.1664E+02 0.3532E+06 0.5555E+01 11.529 0.0015 0.2000E-04 0.1000E+01
1090 0.1723E-02 0.2484E+04 0.1942E-02 0.1655E+02 0.3541E+06 0.5642E+01 11.511 0.0016 0.2000E-04 0.1000E+01
1095 0.1755E-02 0.2482E+04 0.1912E-02 0.1645E+02 0.3550E+06 0.5730E+01 11.493 0.0017 0.2000E-04 0.1000E+01
1100 0.1788E-02 0.2479E+04 0.1883E-02 0.1636E+02 0.3559E+06 0.5820E+01 11.475 0.0019 0.2000E-04 0.1000E+01
1105 0.1821E-02 0.2476E+04 0.1855E-02 0.1627E+02 0.3568E+06 0.5910E+01 11.456 0.0020 0.2000E-04 0.1000E+01
1110 0.1854E-02 0.2474E+04 0.1827E-02 0.1618E+02 0.3576E+06 0.6001E+01 11.438 0.0022 0.2000E-04 0.1000E+01
1115 0.1888E-02 0.2471E+04 0.1799E-02 0.1609E+02 0.3585E+06 0.6094E+01 11.421 0.0023 0.2000E-04 0.1000E+01
1120 0.1923E-02 0.2469E+04 0.1772E-02 0.1600E+02 0.3593E+06 0.6187E+01 11.403 0.0025 0.2000E-04 0.1000E+01
1125 0.1958E-02 0.2466E+04 0.1744E-02 0.1592E+02 0.3602E+06 0.6281E+01 11.385 0.0027 0.2000E-04 0.1000E+01
1130 0.1994E-02 0.2463E+04 0.1718E-02 0.1583E+02 0.3610E+06 0.6377E+01 11.367 0.0029 0.2000E-04 0.1000E+01
1135 0.2030E-02 0.2460E+04 0.1691E-02 0.1575E+02 0.3619E+06 0.6473E+01 11.349 0.0031 0.2000E-04 0.1000E+01
1140 0.2067E-02 0.2457E+04 0.1665E-02 0.1566E+02 0.3627E+06 0.6571E+01 11.331 0.0033 0.2000E-04 0.1000E+01
1145 0.2104E-02 0.2454E+04 0.1639E-02 0.1558E+02 0.3635E+06 0.6669E+01 11.314 0.0036 0.2000E-04 0.1000E+01
1150 0.2142E-02 0.2451E+04 0.1614E-02 0.1550E+02 0.3643E+06 0.6769E+01 11.296 0.0039 0.2000E-04 0.1000E+01
1155 0.2180E-02 0.2448E+04 0.1589E-02 0.1542E+02 0.3651E+06 0.6869E+01 11.279 0.0041 0.2000E-04 0.1000E+01
1160 0.2219E-02 0.2444E+04 0.1564E-02 0.1534E+02 0.3658E+06 0.6971E+01 11.261 0.0044 0.2000E-04 0.1000E+01
1165 0.2259E-02 0.2441E+04 0.1539E-02 0.1526E+02 0.3666E+06 0.7073E+01 11.244 0.0047 0.2000E-04 0.1000E+01
1170 0.2299E-02 0.2438E+04 0.1515E-02 0.1518E+02 0.3674E+06 0.7177E+01 11.226 0.0051 0.2000E-04 0.1000E+01
1175 0.2340E-02 0.2435E+04 0.1492E-02 0.1510E+02 0.3681E+06 0.7281E+01 11.209 0.0054 0.2000E-04 0.1000E+01
1180 0.2381E-02 0.2431E+04 0.1468E-02 0.1502E+02 0.3688E+06 0.7386E+01 11.192 0.0058 0.2000E-04 0.1000E+01
1185 0.2423E-02 0.2428E+04 0.1446E-02 0.1495E+02 0.3696E+06 0.7492E+01 11.174 0.0062 0.2000E-04 0.1000E+01
1190 0.2465E-02 0.2424E+04 0.1423E-02 0.1487E+02 0.3703E+06 0.7599E+01 11.157 0.0066 0.1999E-04 0.1000E+01
1195 0.2509E-02 0.2421E+04 0.1401E-02 0.1480E+02 0.3710E+06 0.7708E+01 11.140 0.0070 0.1999E-04 0.1000E+01
1200 0.2553E-02 0.2417E+04 0.1379E-02 0.1473E+02 0.3717E+06 0.7817E+01 11.123 0.0075 0.1999E-04 0.1000E+01
1205 0.2597E-02 0.2414E+04 0.1357E-02 0.1465E+02 0.3723E+06 0.7927E+01 11.106 0.0080 0.1999E-04 0.1000E+01
1210 0.2642E-02 0.2410E+04 0.1336E-02 0.1458E+02 0.3730E+06 0.8039E+01 11.089 0.0085 0.1999E-04 0.1000E+01
1215 0.2688E-02 0.2407E+04 0.1316E-02 0.1451E+02 0.3737E+06 0.8151E+01 11.072 0.0090 0.1999E-04 0.1000E+01
1220 0.2735E-02 0.2403E+04 0.1295E-02 0.1444E+02 0.3743E+06 0.8265E+01 11.055 0.0096 0.1999E-04 0.1000E+01
1225 0.2782E-02 0.2400E+04 0.1275E-02 0.1437E+02 0.3749E+06 0.8380E+01 11.038 0.0102 0.1999E-04 0.1000E+01
1230 0.2831E-02 0.2396E+04 0.1255E-02 0.1430E+02 0.3755E+06 0.8496E+01 11.021 0.0108 0.1999E-04 0.1000E+01
1235 0.2880E-02 0.2393E+04 0.1236E-02 0.1423E+02 0.3762E+06 0.8613E+01 11.005 0.0115 0.1999E-04 0.1000E+01
1240 0.2929E-02 0.2389E+04 0.1217E-02 0.1416E+02 0.3767E+06 0.8731E+01 10.988 0.0122 0.1999E-04 0.1000E+01
1245 0.2979E-02 0.2386E+04 0.1198E-02 0.1410E+02 0.3773E+06 0.8849E+01 10.971 0.0129 0.1999E-04 0.1000E+01
1248 0.3000E-02 0.2384E+04 0.1191E-02 0.1407E+02 0.3776E+06 0.8898E+01 10.965 0.0132 0.1999E-04 0.1000E+01
1250 0.3020E-02 0.2382E+04 0.1182E-02 0.1404E+02 0.3778E+06 0.8956E+01 10.957 0.0136 0.1999E-04 0.1000E+01
1255 0.3072E-02 0.2379E+04 0.1164E-02 0.1397E+02 0.3784E+06 0.9076E+01 10.940 0.0144 0.1999E-04 0.1000E+01
1260 0.3124E-02 0.2375E+04 0.1147E-02 0.1391E+02 0.3789E+06 0.9198E+01 10.924 0.0152 0.1999E-04 0.1000E+01
1265 0.3178E-02 0.2372E+04 0.1130E-02 0.1384E+02 0.3795E+06 0.9321E+01 10.907 0.0160 0.1999E-04 0.1000E+01
1270 0.3232E-02 0.2368E+04 0.1113E-02 0.1378E+02 0.3800E+06 0.9444E+01 10.891 0.0169 0.1999E-04 0.1000E+01
1275 0.3286E-02 0.2365E+04 0.1096E-02 0.1372E+02 0.3805E+06 0.9569E+01 10.874 0.0179 0.1998E-04 0.1000E+01
1280 0.3342E-02 0.2362E+04 0.1080E-02 0.1366E+02 0.3810E+06 0.9695E+01 10.858 0.0189 0.1998E-04 0.1000E+01
1285 0.3398E-02 0.2358E+04 0.1064E-02 0.1359E+02 0.3815E+06 0.9822E+01 10.842 0.0199 0.1998E-04 0.1000E+01
1290 0.3455E-02 0.2355E+04 0.1049E-02 0.1353E+02 0.3820E+06 0.9949E+01 10.825 0.0209 0.1998E-04 0.1000E+01
1295 0.3512E-02 0.2352E+04 0.1034E-02 0.1347E+02 0.3824E+06 0.1008E+02 10.810 0.0220 0.1998E-04 0.1000E+01
1300 0.3569E-02 0.2348E+04 0.1020E-02 0.1342E+02 0.3828E+06 0.1020E+02 10.794 0.0231 0.1998E-04 0.1000E+01
1305 0.3627E-02 0.2345E+04 0.1006E-02 0.1336E+02 0.3833E+06 0.1033E+02 10.778 0.0242 0.1998E-04 0.1000E+01
1310 0.3684E-02 0.2342E+04 0.9921E-03 0.1330E+02 0.3837E+06 0.1045E+02 10.763 0.0254 0.1998E-04 0.1000E+01
1315 0.3742E-02 0.2339E+04 0.9791E-03 0.1325E+02 0.3840E+06 0.1058E+02 10.748 0.0266 0.1997E-04 0.1000E+01
1320 0.3800E-02 0.2337E+04 0.9664E-03 0.1319E+02 0.3844E+06 0.1070E+02 10.733 0.0278 0.1997E-04 0.1000E+01
1325 0.3858E-02 0.2334E+04 0.9542E-03 0.1314E+02 0.3847E+06 0.1083E+02 10.718 0.0290 0.1997E-04 0.1000E+01
1330 0.3916E-02 0.2331E+04 0.9424E-03 0.1309E+02 0.3851E+06 0.1095E+02 10.704 0.0303 0.1997E-04 0.1000E+01
1335 0.3974E-02 0.2328E+04 0.9299E-03 0.1304E+02 0.3854E+06 0.1108E+02 10.689 0.0316 0.1997E-04 0.1000E+01
1340 0.4032E-02 0.2325E+04 0.9177E-03 0.1299E+02 0.3857E+06 0.1120E+02 10.675 0.0329 0.1997E-04 0.1000E+01
1345 0.4090E-02 0.2321E+04 0.9058E-03 0.1294E+02 0.3860E+06 0.1132E+02 10.661 0.0343 0.1997E-04 0.1000E+01
1350 0.4148E-02 0.2318E+04 0.8941E-03 0.1289E+02 0.3863E+06 0.1144E+02 10.647 0.0356 0.1996E-04 0.1000E+01
1355 0.4207E-02 0.2315E+04 0.8827E-03 0.1285E+02 0.3865E+06 0.1157E+02 10.634 0.0370 0.1996E-04 0.1000E+01
1360 0.4266E-02 0.2312E+04 0.8715E-03 0.1280E+02 0.3868E+06 0.1169E+02 10.620 0.0385 0.1996E-04 0.1000E+01
1365 0.4326E-02 0.2308E+04 0.8605E-03 0.1276E+02 0.3870E+06 0.1181E+02 10.607 0.0399 0.1996E-04 0.1000E+01
1370 0.4386E-02 0.2305E+04 0.8497E-03 0.1271E+02 0.3872E+06 0.1193E+02 10.593 0.0414 0.1996E-04 0.1000E+01
1375 0.4446E-02 0.2302E+04 0.8390E-03 0.1267E+02 0.3874E+06 0.1205E+02 10.580 0.0429 0.1995E-04 0.1000E+01
1380 0.4507E-02 0.2299E+04 0.8286E-03 0.1262E+02 0.3876E+06 0.1217E+02 10.567 0.0445 0.1995E-04 0.1000E+01
1385 0.4567E-02 0.2295E+04 0.8183E-03 0.1258E+02 0.3878E+06 0.1229E+02 10.554 0.0461 0.1995E-04 0.1000E+01
1390 0.4629E-02 0.2292E+04 0.8083E-03 0.1254E+02 0.3880E+06 0.1242E+02 10.541 0.0476 0.1995E-04 0.1000E+01
1395 0.4690E-02 0.2289E+04 0.7983E-03 0.1250E+02 0.3882E+06 0.1254E+02 10.529 0.0493 0.1995E-04 0.1000E+01
1400 0.4752E-02 0.2286E+04 0.7886E-03 0.1246E+02 0.3884E+06 0.1266E+02 10.516 0.0509 0.1994E-04 0.1000E+01
1405 0.4815E-02 0.2282E+04 0.7790E-03 0.1242E+02 0.3885E+06 0.1278E+02 10.503 0.0526 0.1994E-04 0.1000E+01
1410 0.4877E-02 0.2279E+04 0.7695E-03 0.1238E+02 0.3887E+06 0.1290E+02 10.491 0.0543 0.1994E-04 0.1000E+01
1415 0.4941E-02 0.2276E+04 0.7601E-03 0.1234E+02 0.3888E+06 0.1302E+02 10.479 0.0560 0.1994E-04 0.1000E+01
1420 0.5004E-02 0.2272E+04 0.7508E-03 0.1230E+02 0.3889E+06 0.1314E+02 10.466 0.0578 0.1993E-04 0.1000E+01
1425 0.5069E-02 0.2269E+04 0.7415E-03 0.1226E+02 0.3890E+06 0.1326E+02 10.454 0.0596 0.1993E-04 0.1000E+01
1430 0.5134E-02 0.2265E+04 0.7324E-03 0.1222E+02 0.3891E+06 0.1338E+02 10.442 0.0614 0.1993E-04 0.1000E+01
1435 0.5199E-02 0.2262E+04 0.7234E-03 0.1218E+02 0.3892E+06 0.1350E+02 10.430 0.0632 0.1993E-04 0.1000E+01
1440 0.5265E-02 0.2258E+04 0.7145E-03 0.1215E+02 0.3893E+06 0.1363E+02 10.418 0.0651 0.1992E-04 0.1000E+01
1445 0.5332E-02 0.2255E+04 0.7056E-03 0.1211E+02 0.3894E+06 0.1375E+02 10.406 0.0670 0.1992E-04 0.1000E+01
1450 0.5399E-02 0.2251E+04 0.6969E-03 0.1207E+02 0.3895E+06 0.1387E+02 10.394 0.0689 0.1992E-04 0.1000E+01
1455 0.5467E-02 0.2247E+04 0.6882E-03 0.1204E+02 0.3895E+06 0.1399E+02 10.383 0.0709 0.1991E-04 0.1000E+01
1460 0.5536E-02 0.2243E+04 0.6795E-03 0.1200E+02 0.3896E+06 0.1411E+02 10.371 0.0729 0.1991E-04 0.1000E+01
1465 0.5605E-02 0.2240E+04 0.6710E-03 0.1197E+02 0.3896E+06 0.1423E+02 10.359 0.0749 0.1991E-04 0.1000E+01
1470 0.5675E-02 0.2236E+04 0.6624E-03 0.1193E+02 0.3897E+06 0.1436E+02 10.348 0.0770 0.1990E-04 0.1000E+01
1475 0.5746E-02 0.2232E+04 0.6540E-03 0.1190E+02 0.3897E+06 0.1448E+02 10.336 0.0791 0.1990E-04 0.1000E+01
1480 0.5817E-02 0.2228E+04 0.6455E-03 0.1186E+02 0.3898E+06 0.1460E+02 10.325 0.0812 0.1990E-04 0.1000E+01
1485 0.5889E-02 0.2223E+04 0.6371E-03 0.1183E+02 0.3898E+06 0.1472E+02 10.313 0.0834 0.1989E-04 0.1000E+01
1490 0.5962E-02 0.2219E+04 0.6288E-03 0.1180E+02 0.3898E+06 0.1485E+02 10.302 0.0856 0.1989E-04 0.1000E+01
1495 0.6036E-02 0.2215E+04 0.6205E-03 0.1177E+02 0.3898E+06 0.1497E+02 10.290 0.0878 0.1989E-04 0.1000E+01
1500 0.6111E-02 0.2211E+04 0.6122E-03 0.1173E+02 0.3898E+06 0.1509E+02 10.279 0.0901 0.1988E-04 0.1000E+01
1505 0.6187E-02 0.2206E+04 0.6040E-03 0.1170E+02 0.3898E+06 0.1521E+02 10.268 0.0924 0.1988E-04 0.1000E+01
1510 0.6264E-02 0.2202E+04 0.5958E-03 0.1167E+02 0.3897E+06 0.1534E+02 10.257 0.0947 0.1988E-04 0.1000E+01
1515 0.6341E-02 0.2197E+04 0.5878E-03 0.1164E+02 0.3897E+06 0.1546E+02 10.246 0.0970 0.1987E-04 0.1000E+01
1520 0.6420E-02 0.2193E+04 0.5797E-03 0.1161E+02 0.3897E+06 0.1559E+02 10.234 0.0994 0.1987E-04 0.1000E+01
1525 0.6500E-02 0.2188E+04 0.5718E-03 0.1157E+02 0.3896E+06 0.1571E+02 10.223 0.1019 0.1986E-04 0.1000E+01
1530 0.6581E-02 0.2183E+04 0.5639E-03 0.1154E+02 0.3895E+06 0.1584E+02 10.212 0.1043 0.1986E-04 0.1000E+01
1535 0.6663E-02 0.2179E+04 0.5560E-03 0.1151E+02 0.3895E+06 0.1596E+02 10.201 0.1068 0.1985E-04 0.1000E+01
1540 0.6746E-02 0.2174E+04 0.5482E-03 0.1148E+02 0.3894E+06 0.1609E+02 10.190 0.1093 0.1985E-04 0.1000E+01
1545 0.6830E-02 0.2169E+04 0.5405E-03 0.1145E+02 0.3893E+06 0.1621E+02 10.179 0.1119 0.1984E-04 0.1000E+01
1550 0.6916E-02 0.2164E+04 0.5327E-03 0.1142E+02 0.3892E+06 0.1634E+02 10.168 0.1145 0.1984E-04 0.1000E+01
1555 0.7003E-02 0.2159E+04 0.5250E-03 0.1139E+02 0.3891E+06 0.1647E+02 10.157 0.1171 0.1984E-04 0.1000E+01
1560 0.7091E-02 0.2154E+04 0.5172E-03 0.1136E+02 0.3890E+06 0.1659E+02 10.146 0.1198 0.1983E-04 0.1000E+01
1565 0.7181E-02 0.2148E+04 0.5094E-03 0.1133E+02 0.3889E+06 0.1672E+02 10.136 0.1225 0.1982E-04 0.1000E+01
1570 0.7272E-02 0.2143E+04 0.5016E-03 0.1130E+02 0.3888E+06 0.1685E+02 10.125 0.1253 0.1982E-04 0.1000E+01
1575 0.7364E-02 0.2137E+04 0.4938E-03 0.1128E+02 0.3887E+06 0.1698E+02 10.114 0.1282 0.1981E-04 0.1000E+01
1580 0.7458E-02 0.2131E+04 0.4861E-03 0.1125E+02 0.3886E+06 0.1711E+02 10.103 0.1311 0.1981E-04 0.1000E+01
1585 0.7554E-02 0.2125E+04 0.4784E-03 0.1122E+02 0.3884E+06 0.1724E+02 10.092 0.1340 0.1980E-04 0.1000E+01
1590 0.7651E-02 0.2120E+04 0.4707E-03 0.1119E+02 0.3883E+06 0.1737E+02 10.082 0.1370 0.1980E-04 0.1000E+01
1595 0.7750E-02 0.2113E+04 0.4630E-03 0.1116E+02 0.3881E+06 0.1750E+02 10.071 0.1400 0.1979E-04 0.1000E+01
1600 0.7851E-02 0.2107E+04 0.4554E-03 0.1114E+02 0.3880E+06 0.1763E+02 10.060 0.1432 0.1979E-04 0.1000E+01
1605 0.7953E-02 0.2101E+04 0.4477E-03 0.1111E+02 0.3878E+06 0.1776E+02 10.049 0.1463 0.1978E-04 0.1000E+01
1610 0.8058E-02 0.2094E+04 0.4400E-03 0.1108E+02 0.3876E+06 0.1789E+02 10.039 0.1496 0.1977E-04 0.1000E+01
1615 0.8164E-02 0.2088E+04 0.4322E-03 0.1105E+02 0.3875E+06 0.1802E+02 10.028 0.1529 0.1977E-04 0.1000E+01
1620 0.8273E-02 0.2081E+04 0.4244E-03 0.1103E+02 0.3873E+06 0.1815E+02 10.018 0.1563 0.1976E-04 0.1000E+01
1625 0.8384E-02 0.2073E+04 0.4165E-03 0.1100E+02 0.3871E+06 0.1828E+02 10.007 0.1599 0.1975E-04 0.1000E+01
1630 0.8497E-02 0.2066E+04 0.4087E-03 0.1097E+02 0.3869E+06 0.1841E+02  9.996 0.1635 0.1975E-04 0.1000E+01
1635 0.8612E-02 0.2058E+04 0.4008E-03 0.1095E+02 0.3867E+06 0.1855E+02  9.986 0.1673 0.1974E-04 0.1000E+01
1640 0.8731E-02 0.2051E+04 0.3929E-03 0.1092E+02 0.3865E+06 0.1868E+02  9.975 0.1711 0.1973E-04 0.1000E+01
1645 0.8852E-02 0.2043E+04 0.3850E-03 0.1090E+02 0.3863E+06 0.1881E+02  9.965 0.1750 0.1972E-04 0.1000E+01
1650 0.8975E-02 0.2035E+04 0.3772E-03 0.1087E+02 0.3861E+06 0.1895E+02  9.954 0.1790 0.1972E-04 0.1000E+01
1655 0.9102E-02 0.2027E+04 0.3695E-03 0.1084E+02 0.3858E+06 0.1908E+02  9.944 0.1831 0.1971E-04 0.1000E+01
1660 0.9232E-02 0.2019E+04 0.3619E-03 0.1082E+02 0.3856E+06 0.1921E+02  9.933 0.1873 0.1970E-04 0.1000E+01
1665 0.9365E-02 0.2010E+04 0.3544E-03 0.1079E+02 0.3854E+06 0.1935E+02  9.923 0.1915 0.1969E-04 0.1000E+01
1670 0.9501E-02 0.2002E+04 0.3469E-03 0.1077E+02 0.3851E+06 0.1948E+02  9.913 0.1958 0.1968E-04 0.1000E+01
1675 0.9640E-02 0.1994E+04 0.3396E-03 0.1074E+02 0.3849E+06 0.1962E+02  9.902 0.2001 0.1967E-04 0.1000E+01
1680 0.9783E-02 0.1985E+04 0.3325E-03 0.1072E+02 0.3846E+06 0.1975E+02  9.892 0.2045 0.1967E-04 0.1000E+01
1685 0.9930E-02 0.1977E+04 0.3254E-03 0.1069E+02 0.3843E+06 0.1989E+02  9.881 0.2090 0.1966E-04 0.1000E+01
1690 0.1008E-01 0.1968E+04 0.3184E-03 0.1067E+02 0.3841E+06 0.2003E+02  9.871 0.2135 0.1965E-04 0.1000E+01
1695 0.1023E-01 0.1960E+04 0.3114E-03 0.1065E+02 0.3838E+06 0.2016E+02  9.861 0.2182 0.1964E-04 0.1000E+01
1700 0.1039E-01 0.1951E+04 0.3045E-03 0.1062E+02 0.3835E+06 0.2030E+02  9.850 0.2230 0.1963E-04 0.1000E+01
1705 0.1056E-01 0.1942E+04 0.2978E-03 0.1060E+02 0.3832E+06 0.2044E+02  9.840 0.2277 0.1962E-04 0.1000E+01
1710 0.1072E-01 0.1934E+04 0.2913E-03 0.1057E+02 0.3829E+06 0.2058E+02  9.830 0.2325 0.1961E-04 0.1000E+01
1715 0.1089E-01 0.1925E+04 0.2849E-03 0.1055E+02 0.3826E+06 0.2071E+02  9.819 0.2372 0.1960E-04 0.1000E+01
1720 0.1107E-01 0.1917E+04 0.2787E-03 0.1053E+02 0.3823E+06 0.2085E+02  9.809 0.2420 0.1959E-04 0.1000E+01
1725 0.1125E-01 0.1908E+04 0.2727E-03 0.1050E+02 0.3820E+06 0.2099E+02  9.799 0.2468 0.1957E-04 0.1000E+01
1730 0.1144E-01 0.1900E+04 0.2667E-03 0.1048E+02 0.3816E+06 0.2113E+02  9.789 0.2517 0.1956E-04 0.1000E+01
1735 0.1163E-01 0.1892E+04 0.2609E-03 0.1046E+02 0.3813E+06 0.2127E+02  9.778 0.2565 0.1955E-04 0.1000E+01
1740 0.1182E-01 0.1884E+04 0.2553E-03 0.1044E+02 0.3810E+06 0.2141E+02  9.768 0.2613 0.1954E-04 0.1000E+01
1745 0.1202E-01 0.1875E+04 0.2498E-03 0.1041E+02 0.3806E+06 0.2155E+02  9.758 0.2662 0.1953E-04 0.1000E+01
1750 0.1223E-01 0.1867E+04 0.2444E-03 0.1039E+02 0.3803E+06 0.2169E+02  9.748 0.2710 0.1951E-04 0.1000E+01
1755 0.1244E-01 0.1859E+04 0.2391E-03 0.1037E+02 0.3799E+06 0.2183E+02  9.738 0.2759 0.1950E-04 0.1000E+01
1760 0.1266E-01 0.1851E+04 0.2340E-03 0.1035E+02 0.3796E+06 0.2197E+02  9.727 0.2807 0.1949E-04 0.1000E+01
1765 0.1288E-01 0.1843E+04 0.2290E-03 0.1032E+02 0.3792E+06 0.2211E+02  9.717 0.2855 0.1947E-04 0.1000E+01
1770 0.1311E-01 0.1835E+04 0.2241E-03 0.1030E+02 0.3788E+06 0.2225E+02  9.707 0.2903 0.1946E-04 0.1000E+01
1775 0.1334E-01 0.1827E+04 0.2193E-03 0.1028E+02 0.3785E+06 0.2240E+02  9.697 0.2950 0.1945E-04 0.1000E+01
1780 0.1359E-01 0.1819E+04 0.2147E-03 0.1026E+02 0.3781E+06 0.2254E+02  9.687 0.2997 0.1943E-04 0.1000E+01
1785 0.1383E-01 0.1811E+04 0.2102E-03 0.1024E+02 0.3777E+06 0.2268E+02  9.677 0.3044 0.1942E-04 0.1000E+01
1790 0.1409E-01 0.1804E+04 0.2058E-03 0.1022E+02 0.3773E+06 0.2282E+02  9.667 0.3089 0.1940E-04 0.1000E+01
1795 0.1435E-01 0.1796E+04 0.2016E-03 0.1020E+02 0.3769E+06 0.2297E+02  9.657 0.3135 0.1939E-04 0.1000E+01
1800 0.1461E-01 0.1789E+04 0.1974E-03 0.1017E+02 0.3765E+06 0.2311E+02  9.647 0.3180 0.1937E-04 0.1000E+01
1805 0.1489E-01 0.1781E+04 0.1933E-03 0.1015E+02 0.3761E+06 0.2325E+02  9.637 0.3224 0.1936E-04 0.1000E+01
1810 0.1517E-01 0.1774E+04 0.1894E-03 0.1013E+02 0.3757E+06 0.2340E+02  9.627 0.3266 0.1934E-04 0.1000E+01
1815 0.1546E-01 0.1767E+04 0.1856E-03 0.1011E+02 0.3752E+06 0.2354E+02  9.617 0.3308 0.1932E-04 0.1000E+01
1820 0.1575E-01 0.1760E+04 0.1819E-03 0.1009E+02 0.3748E+06 0.2369E+02  9.607 0.3350 0.1931E-04 0.1000E+01
1825 0.1605E-01 0.1753E+04 0.1782E-03 0.1007E+02 0.3744E+06 0.2383E+02  9.597 0.3391 0.1929E-04 0.1000E+01
1830 0.1636E-01 0.1745E+04 0.1746E-03 0.1005E+02 0.3739E+06 0.2398E+02  9.587 0.3433 0.1927E-04 0.1000E+01
1835 0.1668E-01 0.1738E+04 0.1710E-03 0.1003E+02 0.3735E+06 0.2412E+02  9.577 0.3475 0.1925E-04 0.1000E+01
1840 0.1701E-01 0.1731E+04 0.1674E-03 0.1001E+02 0.3730E+06 0.2427E+02  9.567 0.3517 0.1924E-04 0.1000E+01
1845 0.1734E-01 0.1723E+04 0.1639E-03 0.9991E+01 0.3726E+06 0.2441E+02  9.557 0.3560 0.1922E-04 0.1000E+01
1850 0.1768E-01 0.1715E+04 0.1604E-03 0.9972E+01 0.3721E+06 0.2456E+02  9.547 0.3603 0.1920E-04 0.1000E+01
1855 0.1804E-01 0.1708E+04 0.1569E-03 0.9952E+01 0.3716E+06 0.2471E+02  9.537 0.3647 0.1918E-04 0.1000E+01
1860 0.1840E-01 0.1700E+04 0.1535E-03 0.9933E+01 0.3712E+06 0.2485E+02  9.527 0.3691 0.1916E-04 0.1000E+01
1865 0.1877E-01 0.1692E+04 0.1501E-03 0.9913E+01 0.3707E+06 0.2500E+02  9.517 0.3735 0.1914E-04 0.1000E+01
1870 0.1915E-01 0.1684E+04 0.1467E-03 0.9894E+01 0.3702E+06 0.2515E+02  9.507 0.3780 0.1912E-04 0.1000E+01
1875 0.1955E-01 0.1676E+04 0.1434E-03 0.9875E+01 0.3697E+06 0.2529E+02  9.497 0.3825 0.1910E-04 0.1000E+01
1880 0.1995E-01 0.1668E+04 0.1402E-03 0.9856E+01 0.3692E+06 0.2544E+02  9.487 0.3870 0.1908E-04 0.1000E+01
1885 0.2036E-01 0.1660E+04 0.1369E-03 0.9837E+01 0.3687E+06 0.2559E+02  9.477 0.3916 0.1906E-04 0.1000E+01
1890 0.2079E-01 0.1652E+04 0.1337E-03 0.9818E+01 0.3682E+06 0.2574E+02  9.468 0.3964 0.1904E-04 0.1000E+01
1895 0.2123E-01 0.1643E+04 0.1305E-03 0.9800E+01 0.3677E+06 0.2588E+02  9.458 0.4012 0.1902E-04 0.1000E+01
1900 0.2169E-01 0.1635E+04 0.1274E-03 0.9781E+01 0.3672E+06 0.2603E+02  9.448 0.4060 0.1900E-04 0.1000E+01
1905 0.2215E-01 0.1627E+04 0.1243E-03 0.9763E+01 0.3666E+06 0.2618E+02  9.438 0.4106 0.1898E-04 0.1000E+01
1910 0.2264E-01 0.1619E+04 0.1214E-03 0.9745E+01 0.3661E+06 0.2633E+02  9.428 0.4152 0.1895E-04 0.1000E+01
1915 0.2313E-01 0.1610E+04 0.1185E-03 0.9726E+01 0.3656E+06 0.2648E+02  9.418 0.4197 0.1893E-04 0.1000E+01
1920 0.2364E-01 0.1602E+04 0.1157E-03 0.9708E+01 0.3651E+06 0.2663E+02  9.409 0.4242 0.1891E-04 0.1000E+01
1925 0.2417E-01 0.1594E+04 0.1129E-03 0.9690E+01 0.3645E+06 0.2678E+02  9.399 0.4286 0.1888E-04 0.1000E+01
1930 0.2471E-01 0.1586E+04 0.1102E-03 0.9673E+01 0.3640E+06 0.2693E+02  9.389 0.4330 0.1886E-04 0.1000E+01
1935 0.2527E-01 0.1578E+04 0.1076E-03 0.9655E+01 0.3634E+06 0.2708E+02  9.379 0.4373 0.1884E-04 0.1000E+01
1940 0.2585E-01 0.1570E+04 0.1050E-03 0.9637E+01 0.3629E+06 0.2723E+02  9.369 0.4415 0.1881E-04 0.1000E+01
1945 0.2644E-01 0.1561E+04 0.1024E-03 0.9620E+01 0.3623E+06 0.2738E+02  9.360 0.4457 0.1879E-04 0.1000E+01
1950 0.2705E-01 0.1553E+04 0.9997E-04 0.9602E+01 0.3617E+06 0.2753E+02  9.350 0.4498 0.1876E-04 0.1000E+01
1955 0.2768E-01 0.1545E+04 0.9756E-04 0.9585E+01 0.3611E+06 0.2768E+02  9.340 0.4538 0.1873E-04 0.1000E+01
1960 0.2832E-01 0.1537E+04 0.9520E-04 0.9568E+01 0.3606E+06 0.2783E+02  9.330 0.4577 0.1871E-04 0.1000E+01
1965 0.2899E-01 0.1529E+04 0.9288E-04 0.9551E+01 0.3600E+06 0.2798E+02  9.321 0.4617 0.1868E-04 0.1000E+01
1970 0.2968E-01 0.1521E+04 0.9060E-04 0.9534E+01 0.3594E+06 0.2813E+02  9.311 0.4656 0.1865E-04 0.1000E+01
1975 0.3038E-01 0.1513E+04 0.8840E-04 0.9517E+01 0.3588E+06 0.2828E+02  9.301 0.4693 0.1863E-04 0.1000E+01
1980 0.3111E-01 0.1505E+04 0.8628E-04 0.9500E+01 0.3582E+06 0.2843E+02  9.292 0.4728 0.1860E-04 0.1000E+01
1985 0.3186E-01 0.1498E+04 0.8424E-04 0.9483E+01 0.3576E+06 0.2858E+02  9.282 0.4760 0.1857E-04 0.1000E+01
1990 0.3263E-01 0.1490E+04 0.8229E-04 0.9467E+01 0.3570E+06 0.2874E+02  9.272 0.4788 0.1854E-04 0.1000E+01
1995 0.3342E-01 0.1483E+04 0.8045E-04 0.9450E+01 0.3564E+06 0.2889E+02  9.263 0.4812 0.1852E-04 0.1000E+01
2000 0.3422E-01 0.1476E+04 0.7869E-04 0.9434E+01 0.3558E+06 0.2904E+02  9.253 0.4832 0.1849E-04 0.1000E+01
2005 0.3505E-01 0.1469E+04 0.7700E-04 0.9418E+01 0.3552E+06 0.2919E+02  9.243 0.4848 0.1846E-04 0.1000E+01
2010 0.3589E-01 0.1463E+04 0.7538E-04 0.9402E+01 0.3545E+06 0.2934E+02  9.234 0.4861 0.1843E-04 0.1000E+01
2015 0.3676E-01 0.1456E+04 0.7382E-04 0.9385E+01 0.3539E+06 0.2950E+02  9.224 0.4871 0.1840E-04 0.1000E+01
2020 0.3764E-01 0.1450E+04 0.7232E-04 0.9369E+01 0.3533E+06 0.2965E+02  9.214 0.4879 0.1837E-04 0.1000E+01
2025 0.3853E-01 0.1444E+04 0.7086E-04 0.9354E+01 0.3527E+06 0.2980E+02  9.205 0.4884 0.1834E-04 0.1000E+01
2030 0.3944E-01 0.1438E+04 0.6945E-04 0.9338E+01 0.3520E+06 0.2995E+02  9.195 0.4887 0.1831E-04 0.1000E+01
2035 0.4037E-01 0.1432E+04 0.6807E-04 0.9322E+01 0.3514E+06 0.3011E+02  9.186 0.4888 0.1828E-04 0.1000E+01
2040 0.4132E-01 0.1426E+04 0.6671E-04 0.9306E+01 0.3507E+06 0.3026E+02  9.176 0.4889 0.1826E-04 0.1000E+01
2045 0.4228E-01 0.1420E+04 0.6538E-04 0.9291E+01 0.3501E+06 0.3041E+02  9.166 0.4888 0.1823E-04 0.1000E+01
2050 0.4326E-01 0.1414E+04 0.6409E-04 0.9275E+01 0.3494E+06 0.3057E+02  9.157 0.4885 0.1820E-04 0.1000E+01
2055 0.4425E-01 0.1408E+04 0.6282E-04 0.9260E+01 0.3488E+06 0.3072E+02  9.147 0.4881 0.1817E-04 0.1000E+01
2060 0.4526E-01 0.1403E+04 0.6159E-04 0.9245E+01 0.3481E+06 0.3087E+02  9.138 0.4875 0.1814E-04 0.1000E+01
2065 0.4629E-01 0.1397E+04 0.6039E-04 0.9230E+01 0.3474E+06 0.3102E+02  9.128 0.4868 0.1811E-04 0.1000E+01
2070 0.4733E-01 0.1391E+04 0.5920E-04 0.9215E+01 0.3467E+06 0.3118E+02  9.119 0.4859 0.1809E-04 0.1000E+01
2075 0.4839E-01 0.1385E+04 0.5805E-04 0.9200E+01 0.3461E+06 0.3133E+02  9.109 0.4849 0.1806E-04 0.1000E+01
2080 0.4947E-01 0.1380E+04 0.5691E-04 0.9185E+01 0.3454E+06 0.3149E+02  9.099 0.4838 0.1803E-04 0.1000E+01
2083 0.5000E-01 0.1377E+04 0.5637E-04 0.9178E+01 0.3451E+06 0.3156E+02  9.095 0.4834 0.1802E-04 0.1000E+01
2085 0.5044E-01 0.1375E+04 0.5592E-04 0.9172E+01 0.3448E+06 0.3162E+02  9.091 0.4827 0.1801E-04 0.1000E+01
2090 0.5154E-01 0.1369E+04 0.5483E-04 0.9157E+01 0.3441E+06 0.3178E+02  9.081 0.4814 0.1798E-04 0.1000E+01
2095 0.5266E-01 0.1363E+04 0.5376E-04 0.9142E+01 0.3434E+06 0.3193E+02  9.072 0.4799 0.1795E-04 0.1000E+01
2100 0.5380E-01 0.1358E+04 0.5271E-04 0.9128E+01 0.3427E+06 0.3208E+02  9.062 0.4784 0.1793E-04 0.1000E+01
2105 0.5495E-01 0.1352E+04 0.5168E-04 0.9113E+01 0.3420E+06 0.3224E+02  9.053 0.4767 0.1790E-04 0.1000E+01
2110 0.5612E-01 0.1346E+04 0.5067E-04 0.9099E+01 0.3413E+06 0.3239E+02  9.043 0.4750 0.1787E-04 0.1000E+01
2115 0.5731E-01 0.1341E+04 0.4967E-04 0.9085E+01 0.3406E+06 0.3255E+02  9.034 0.4732 0.1785E-04 0.1000E+01
2120 0.5851E-01 0.1335E+04 0.4870E-04 0.9070E+01 0.3399E+06 0.3270E+02  9.024 0.4713 0.1782E-04 0.1000E+01
2125 0.5972E-01 0.1330E+04 0.4774E-04 0.9056E+01 0.3392E+06 0.3285E+02  9.015 0.4694 0.1780E-04 0.1000E+01
2130 0.6096E-01 0.1324E+04 0.4680E-04 0.9042E+01 0.3385E+06 0.3301E+02  9.006 0.4673 0.1777E-04 0.1000E+01
2135 0.6220E-01 0.1319E+04 0.4588E-04 0.9028E+01 0.3378E+06 0.3316E+02  8.996 0.4651 0.1775E-04 0.1000E+01
2140 0.6347E-01 0.1313E+04 0.4498E-04 0.9014E+01 0.3370E+06 0.3332E+02  8.987 0.4628 0.1772E-04 0.1000E+01
2145 0.6475E-01 0.1308E+04 0.4410E-04 0.9001E+01 0.3363E+06 0.3347E+02  8.977 0.4605 0.1770E-04 0.1000E+01
2150 0.6605E-01 0.1302E+04 0.4323E-04 0.8987E+01 0.3356E+06 0.3362E+02  8.968 0.4580 0.1767E-04 0.1000E+01
2155 0.6736E-01 0.1297E+04 0.4238E-04 0.8973E+01 0.3349E+06 0.3378E+02  8.958 0.4555 0.1765E-04 0.1000E+01
2160 0.6869E-01 0.1291E+04 0.4155E-04 0.8960E+01 0.3341E+06 0.3393E+02  8.949 0.4528 0.1763E-04 0.1000E+01
2165 0.7000E-01 0.1286E+04 0.4075E-04 0.8947E+01 0.3334E+06 0.3408E+02  8.940 0.4502 0.1760E-04 0.1000E+01
2165 0.7000E-01 0.1286E+04 0.4075E-04 0.8947E+01 0.3334E+06 0.3408E+02  8.940 0.4502 0.1760E-04 0.1000E+01
2170 0.7136E-01 0.1280E+04 0.3995E-04 0.8933E+01 0.3327E+06 0.3424E+02  8.930 0.4475 0.1758E-04 0.1000E+01
2175 0.7274E-01 0.1275E+04 0.3916E-04 0.8920E+01 0.3319E+06 0.3439E+02  8.921 0.4446 0.1756E-04 0.1000E+01
2180 0.7413E-01 0.1270E+04 0.3838E-04 0.8907E+01 0.3312E+06 0.3455E+02  8.912 0.4418 0.1754E-04 0.1000E+01
2185 0.7555E-01 0.1264E+04 0.3762E-04 0.8894E+01 0.3304E+06 0.3470E+02  8.902 0.4388 0.1751E-04 0.1000E+01
2190 0.7697E-01 0.1259E+04 0.3688E-04 0.8881E+01 0.3297E+06 0.3485E+02  8.893 0.4357 0.1749E-04 0.1000E+01
2195 0.7842E-01 0.1253E+04 0.3615E-04 0.8868E+01 0.3289E+06 0.3501E+02  8.884 0.4326 0.1747E-04 0.1000E+01
2200 0.7988E-01 0.1248E+04 0.3544E-04 0.8855E+01 0.3282E+06 0.3516E+02  8.874 0.4293 0.1745E-04 0.1000E+01
2205 0.8136E-01 0.1243E+04 0.3474E-04 0.8842E+01 0.3274E+06 0.3532E+02  8.865 0.4260 0.1743E-04 0.1000E+01
2210 0.8285E-01 0.1238E+04 0.3405E-04 0.8829E+01 0.3266E+06 0.3547E+02  8.856 0.4226 0.1741E-04 0.1000E+01
2215 0.8436E-01 0.1232E+04 0.3338E-04 0.8816E+01 0.3259E+06 0.3563E+02  8.846 0.4192 0.1739E-04 0.1000E+01
2220 0.8589E-01 0.1227E+04 0.3272E-04 0.8804E+01 0.3251E+06 0.3578E+02  8.837 0.4157 0.1737E-04 0.1000E+01
2225 0.8744E-01 0.1222E+04 0.3208E-04 0.8791E+01 0.3243E+06 0.3593E+02  8.828 0.4121 0.1735E-04 0.1000E+01
2230 0.8900E-01 0.1217E+04 0.3144E-04 0.8778E+01 0.3235E+06 0.3609E+02  8.818 0.4085 0.1733E-04 0.1000E+01
2235 0.9057E-01 0.1211E+04 0.3082E-04 0.8766E+01 0.3228E+06 0.3624E+02  8.809 0.4048 0.1731E-04 0.1000E+01
2240 0.9217E-01 0.1206E+04 0.3021E-04 0.8754E+01 0.3220E+06 0.3640E+02  8.800 0.4011 0.1730E-04 0.1000E+01
2245 0.9378E-01 0.1201E+04 0.2962E-04 0.8741E+01 0.3212E+06 0.3655E+02  8.790 0.3973 0.1728E-04 0.1000E+01
2250 0.9541E-01 0.1196E+04 0.2903E-04 0.8729E+01 0.3204E+06 0.3671E+02  8.781 0.3934 0.1726E-04 0.1000E+01
2255 0.9705E-01 0.1191E+04 0.2846E-04 0.8717E+01 0.3196E+06 0.3686E+02  8.772 0.3895 0.1724E-04 0.1000E+01
2260 0.9871E-01 0.1186E+04 0.2790E-04 0.8705E+01 0.3188E+06 0.3701E+02  8.762 0.3856 0.1723E-04 0.1000E+01
2264 0.1000E+00 0.1182E+04 0.2748E-04 0.8696E+01 0.3182E+06 0.3713E+02  8.755 0.3826 0.1721E-04 0.1000E+01
2265 0.1003E+00 0.1181E+04 0.2737E-04 0.8693E+01 0.3181E+06 0.3716E+02  8.753 0.3818 0.1721E-04 0.1000E+01
2270 0.1020E+00 0.1176E+04 0.2683E-04 0.8681E+01 0.3173E+06 0.3732E+02  8.744 0.3778 0.1720E-04 0.1000E+01
2275 0.1037E+00 0.1171E+04 0.2630E-04 0.8670E+01 0.3165E+06 0.3747E+02  8.735 0.3738 0.1718E-04 0.1000E+01
2280 0.1055E+00 0.1166E+04 0.2578E-04 0.8658E+01 0.3157E+06 0.3762E+02  8.726 0.3697 0.1716E-04 0.1000E+01
2285 0.1072E+00 0.1161E+04 0.2526E-04 0.8646E+01 0.3149E+06 0.3778E+02  8.716 0.3656 0.1715E-04 0.1000E+01
2290 0.1090E+00 0.1156E+04 0.2476E-04 0.8634E+01 0.3141E+06 0.3793E+02  8.707 0.3615 0.1713E-04 0.1000E+01
2295 0.1108E+00 0.1151E+04 0.2427E-04 0.8623E+01 0.3133E+06 0.3808E+02  8.698 0.3574 0.1712E-04 0.1000E+01
2300 0.1126E+00 0.1146E+04 0.2378E-04 0.8611E+01 0.3125E+06 0.3824E+02  8.689 0.3533 0.1710E-04 0.1000E+01
2305 0.1144E+00 0.1141E+04 0.2331E-04 0.8600E+01 0.3117E+06 0.3839E+02  8.679 0.3492 0.1709E-04 0.1000E+01
2310 0.1163E+00 0.1136E+04 0.2284E-04 0.8589E+01 0.3109E+06 0.3854E+02  8.670 0.3450 0.1708E-04 0.1000E+01
2315 0.1181E+00 0.1131E+04 0.2239E-04 0.8577E+01 0.3100E+06 0.3870E+02  8.661 0.3409 0.1706E-04 0.1000E+01
2320 0.1200E+00 0.1126E+04 0.2194E-04 0.8566E+01 0.3092E+06 0.3885E+02  8.652 0.3367 0.1705E-04 0.1000E+01
2325 0.1219E+00 0.1121E+04 0.2150E-04 0.8555E+01 0.3084E+06 0.3900E+02  8.643 0.3325 0.1704E-04 0.1000E+01
2330 0.1238E+00 0.1116E+04 0.2107E-04 0.8544E+01 0.3076E+06 0.3916E+02  8.633 0.3283 0.1703E-04 0.1000E+01
2335 0.1258E+00 0.1111E+04 0.2065E-04 0.8533E+01 0.3068E+06 0.3931E+02  8.624 0.3240 0.1701E-04 0.1000E+01
2340 0.1277E+00 0.1106E+04 0.2024E-04 0.8522E+01 0.3060E+06 0.3946E+02  8.615 0.3198 0.1700E-04 0.1000E+01
2345 0.1297E+00 0.1101E+04 0.1983E-04 0.8511E+01 0.3051E+06 0.3961E+02  8.606 0.3156 0.1699E-04 0.1000E+01
2350 0.1317E+00 0.1096E+04 0.1943E-04 0.8500E+01 0.3043E+06 0.3977E+02  8.597 0.3114 0.1698E-04 0.1000E+01
2355 0.1338E+00 0.1091E+04 0.1903E-04 0.8489E+01 0.3035E+06 0.3992E+02  8.588 0.3072 0.1697E-04 0.1000E+01
2360 0.1358E+00 0.1086E+04 0.1864E-04 0.8478E+01 0.3027E+06 0.4007E+02  8.578 0.3030 0.1696E-04 0.1000E+01
2365 0.1379E+00 0.1081E+04 0.1826E-04 0.8467E+01 0.3018E+06 0.4022E+02  8.569 0.2989 0.1695E-04 0.1000E+01
2370 0.1400E+00 0.1076E+04 0.1788E-04 0.8457E+01 0.3010E+06 0.4037E+02  8.560 0.2948 0.1694E-04 0.1000E+01
2375 0.1422E+00 0.1071E+04 0.1751E-04 0.8446E+01 0.3002E+06 0.4053E+02  8.551 0.2907 0.1693E-04 0.1000E+01
2380 0.1443E+00 0.1067E+04 0.1715E-04 0.8436E+01 0.2993E+06 0.4068E+02  8.542 0.2866 0.1692E-04 0.1000E+01
2385 0.1465E+00 0.1061E+04 0.1679E-04 0.8425E+01 0.2985E+06 0.4083E+02  8.533 0.2826 0.1691E-04 0.1000E+01
2390 0.1487E+00 0.1056E+04 0.1643E-04 0.8415E+01 0.2977E+06 0.4098E+02  8.523 0.2787 0.1690E-04 0.1000E+01
2393 0.1500E+00 0.1053E+04 0.1622E-04 0.8409E+01 0.2972E+06 0.4107E+02  8.518 0.2765 0.1689E-04 0.1000E+01
2395 0.1509E+00 0.1051E+04 0.1608E-04 0.8405E+01 0.2968E+06 0.4113E+02  8.515 0.2749 0.1689E-04 0.1000E+01
2400 0.1532E+00 0.1046E+04 0.1573E-04 0.8394E+01 0.2960E+06 0.4128E+02  8.505 0.2711 0.1688E-04 0.1000E+01
2405 0.1555E+00 0.1041E+04 0.1538E-04 0.8384E+01 0.2951E+06 0.4143E+02  8.496 0.2674 0.1687E-04 0.1000E+01
2410 0.1578E+00 0.1036E+04 0.1504E-04 0.8374E+01 0.2943E+06 0.4158E+02  8.487 0.2638 0.1686E-04 0.1000E+01
2415 0.1602E+00 0.1030E+04 0.1469E-04 0.8364E+01 0.2935E+06 0.4173E+02  8.478 0.2602 0.1685E-04 0.1000E+01
2420 0.1626E+00 0.1025E+04 0.1435E-04 0.8354E+01 0.2926E+06 0.4188E+02  8.469 0.2567 0.1684E-04 0.1000E+01
2425 0.1650E+00 0.1020E+04 0.1402E-04 0.8344E+01 0.2918E+06 0.4203E+02  8.460 0.2533 0.1684E-04 0.1000E+01
2430 0.1675E+00 0.1014E+04 0.1368E-04 0.8334E+01 0.2909E+06 0.4218E+02  8.451 0.2499 0.1683E-04 0.1000E+01
2435 0.1700E+00 0.1009E+04 0.1336E-04 0.8324E+01 0.2901E+06 0.4233E+02  8.442 0.2466 0.1682E-04 0.1000E+01
2440 0.1726E+00 0.1003E+04 0.1304E-04 0.8314E+01 0.2892E+06 0.4248E+02  8.433 0.2433 0.1681E-04 0.1000E+01
2445 0.1752E+00 0.9976E+03 0.1272E-04 0.8304E+01 0.2883E+06 0.4263E+02  8.424 0.2400 0.1680E-04 0.1000E+01
2450 0.1778E+00 0.9921E+03 0.1242E-04 0.8295E+01 0.2875E+06 0.4278E+02  8.414 0.2367 0.1680E-04 0.1000E+01
2455 0.1805E+00 0.9866E+03 0.1211E-04 0.8285E+01 0.2866E+06 0.4293E+02  8.405 0.2335 0.1679E-04 0.1000E+01
2460 0.1833E+00 0.9811E+03 0.1182E-04 0.8275E+01 0.2858E+06 0.4308E+02  8.396 0.2303 0.1678E-04 0.1000E+01
2465 0.1861E+00 0.9756E+03 0.1153E-04 0.8266E+01 0.2849E+06 0.4323E+02  8.387 0.2271 0.1678E-04 0.1000E+01
2470 0.1889E+00 0.9701E+03 0.1124E-04 0.8256E+01 0.2841E+06 0.4338E+02  8.378 0.2239 0.1677E-04 0.1000E+01
2475 0.1918E+00 0.9646E+03 0.1097E-04 0.8247E+01 0.2832E+06 0.4353E+02  8.369 0.2207 0.1676E-04 0.1000E+01
2480 0.1947E+00 0.9591E+03 0.1069E-04 0.8238E+01 0.2823E+06 0.4368E+02  8.360 0.2176 0.1676E-04 0.1000E+01
2485 0.1977E+00 0.9536E+03 0.1043E-04 0.8228E+01 0.2815E+06 0.4383E+02  8.351 0.2145 0.1675E-04 0.1000E+01
2489 0.2000E+00 0.9495E+03 0.1023E-04 0.8221E+01 0.2808E+06 0.4394E+02  8.344 0.2122 0.1675E-04 0.1000E+01
2490 0.2006E+00 0.9484E+03 0.1018E-04 0.8219E+01 0.2807E+06 0.4397E+02  8.342 0.2115 0.1674E-04 0.1000E+01
2495 0.2037E+00 0.9429E+03 0.9925E-05 0.8210E+01 0.2798E+06 0.4412E+02  8.333 0.2084 0.1674E-04 0.1000E+01
2500 0.2069E+00 0.9375E+03 0.9676E-05 0.8201E+01 0.2789E+06 0.4427E+02  8.324 0.2053 0.1673E-04 0.1000E+01
2505 0.2101E+00 0.9321E+03 0.9432E-05 0.8192E+01 0.2781E+06 0.4441E+02  8.315 0.2023 0.1673E-04 0.1000E+01
2510 0.2134E+00 0.9266E+03 0.9194E-05 0.8183E+01 0.2772E+06 0.4456E+02  8.306 0.1992 0.1672E-04 0.1000E+01
2515 0.2167E+00 0.9212E+03 0.8961E-05 0.8174E+01 0.2763E+06 0.4471E+02  8.297 0.1962 0.1672E-04 0.1000E+01
2520 0.2201E+00 0.9158E+03 0.8733E-05 0.8165E+01 0.2755E+06 0.4486E+02  8.288 0.1932 0.1671E-04 0.1000E+01
2525 0.2236E+00 0.9104E+03 0.8511E-05 0.8156E+01 0.2746E+06 0.4500E+02  8.279 0.1902 0.1670E-04 0.1000E+01
2530 0.2271E+00 0.9051E+03 0.8294E-05 0.8147E+01 0.2737E+06 0.4515E+02  8.270 0.1872 0.1670E-04 0.1000E+01
2535 0.2307E+00 0.8997E+03 0.8081E-05 0.8138E+01 0.2729E+06 0.4530E+02  8.261 0.1843 0.1669E-04 0.1000E+01
2540 0.2343E+00 0.8943E+03 0.7874E-05 0.8129E+01 0.2720E+06 0.4544E+02  8.252 0.1813 0.1669E-04 0.1000E+01
2545 0.2381E+00 0.8890E+03 0.7671E-05 0.8120E+01 0.2711E+06 0.4559E+02  8.243 0.1784 0.1668E-04 0.1000E+01
2550 0.2419E+00 0.8837E+03 0.7473E-05 0.8112E+01 0.2702E+06 0.4573E+02  8.234 0.1755 0.1668E-04 0.1000E+01
2555 0.2458E+00 0.8784E+03 0.7279E-05 0.8103E+01 0.2694E+06 0.4588E+02  8.225 0.1727 0.1668E-04 0.1000E+01
2560 0.2497E+00 0.8731E+03 0.7089E-05 0.8094E+01 0.2685E+06 0.4603E+02  8.216 0.1699 0.1667E-04 0.1000E+01
2561 0.2500E+00 0.8727E+03 0.7076E-05 0.8094E+01 0.2684E+06 0.4604E+02  8.215 0.1697 0.1667E-04 0.1000E+01
2565 0.2532E+00 0.8684E+03 0.6928E-05 0.8087E+01 0.2677E+06 0.4615E+02  8.208 0.1674 0.1667E-04 0.1000E+01
2570 0.2573E+00 0.8631E+03 0.6746E-05 0.8078E+01 0.2669E+06 0.4630E+02  8.199 0.1647 0.1666E-04 0.1000E+01
2575 0.2615E+00 0.8579E+03 0.6569E-05 0.8070E+01 0.2660E+06 0.4644E+02  8.190 0.1619 0.1666E-04 0.1000E+01
2580 0.2658E+00 0.8526E+03 0.6395E-05 0.8061E+01 0.2651E+06 0.4659E+02  8.181 0.1592 0.1665E-04 0.1000E+01
2585 0.2701E+00 0.8473E+03 0.6226E-05 0.8053E+01 0.2642E+06 0.4673E+02  8.172 0.1565 0.1665E-04 0.1000E+01
2590 0.2746E+00 0.8421E+03 0.6060E-05 0.8045E+01 0.2634E+06 0.4687E+02  8.163 0.1538 0.1665E-04 0.1000E+01
2595 0.2791E+00 0.8368E+03 0.5899E-05 0.8036E+01 0.2625E+06 0.4702E+02  8.154 0.1512 0.1664E-04 0.1000E+01
2600 0.2837E+00 0.8316E+03 0.5741E-05 0.8028E+01 0.2616E+06 0.4716E+02  8.145 0.1486 0.1664E-04 0.1000E+01
2605 0.2885E+00 0.8264E+03 0.5587E-05 0.8020E+01 0.2607E+06 0.4731E+02  8.136 0.1460 0.1664E-04 0.1000E+01
2610 0.2933E+00 0.8212E+03 0.5437E-05 0.8012E+01 0.2599E+06 0.4745E+02  8.127 0.1434 0.1663E-04 0.1000E+01
2615 0.2982E+00 0.8160E+03 0.5290E-05 0.8004E+01 0.2590E+06 0.4759E+02  8.118 0.1409 0.1663E-04 0.1000E+01
2617 0.3000E+00 0.8142E+03 0.5239E-05 0.8001E+01 0.2587E+06 0.4764E+02  8.115 0.1400 0.1663E-04 0.1000E+01
2620 0.3030E+00 0.8111E+03 0.5154E-05 0.7996E+01 0.2582E+06 0.4773E+02  8.110 0.1385 0.1662E-04 0.1000E+01
2625 0.3082E+00 0.8059E+03 0.5014E-05 0.7988E+01 0.2573E+06 0.4787E+02  8.101 0.1360 0.1662E-04 0.1000E+01
2630 0.3134E+00 0.8008E+03 0.4878E-05 0.7980E+01 0.2564E+06 0.4801E+02  8.092 0.1335 0.1662E-04 0.1000E+01
2635 0.3188E+00 0.7957E+03 0.4745E-05 0.7972E+01 0.2555E+06 0.4816E+02  8.083 0.1310 0.1662E-04 0.1000E+01
2640 0.3243E+00 0.7906E+03 0.4616E-05 0.7964E+01 0.2546E+06 0.4830E+02  8.074 0.1286 0.1661E-04 0.1000E+01
2645 0.3299E+00 0.7856E+03 0.4490E-05 0.7956E+01 0.2538E+06 0.4844E+02  8.065 0.1262 0.1661E-04 0.1000E+01
2650 0.3356E+00 0.7806E+03 0.4368E-05 0.7949E+01 0.2529E+06 0.4858E+02  8.056 0.1239 0.1661E-04 0.1000E+01
2655 0.3414E+00 0.7755E+03 0.4248E-05 0.7941E+01 0.2520E+06 0.4872E+02  8.047 0.1215 0.1660E-04 0.1000E+01
2660 0.3474E+00 0.7706E+03 0.4132E-05 0.7933E+01 0.2511E+06 0.4886E+02  8.038 0.1192 0.1660E-04 0.1000E+01
2663 0.3500E+00 0.7684E+03 0.4083E-05 0.7930E+01 0.2508E+06 0.4892E+02  8.034 0.1182 0.1660E-04 0.1000E+01
2665 0.3524E+00 0.7664E+03 0.4038E-05 0.7927E+01 0.2504E+06 0.4898E+02  8.031 0.1173 0.1660E-04 0.1000E+01
2670 0.3586E+00 0.7615E+03 0.3927E-05 0.7919E+01 0.2495E+06 0.4912E+02  8.022 0.1150 0.1660E-04 0.1000E+01
2675 0.3650E+00 0.7566E+03 0.3819E-05 0.7911E+01 0.2487E+06 0.4926E+02  8.013 0.1127 0.1659E-04 0.1000E+01
2680 0.3715E+00 0.7516E+03 0.3714E-05 0.7904E+01 0.2478E+06 0.4940E+02  8.004 0.1105 0.1659E-04 0.1000E+01
2685 0.3781E+00 0.7468E+03 0.3611E-05 0.7896E+01 0.2469E+06 0.4954E+02  7.995 0.1083 0.1659E-04 0.1000E+01
2690 0.3849E+00 0.7419E+03 0.3512E-05 0.7889E+01 0.2460E+06 0.4968E+02  7.986 0.1062 0.1659E-04 0.1000E+01
2695 0.3918E+00 0.7371E+03 0.3415E-05 0.7881E+01 0.2451E+06 0.4982E+02  7.977 0.1040 0.1658E-04 0.1000E+01
2700 0.3989E+00 0.7323E+03 0.3321E-05 0.7874E+01 0.2443E+06 0.4995E+02  7.968 0.1019 0.1658E-04 0.1000E+01
2701 0.4000E+00 0.7315E+03 0.3306E-05 0.7873E+01 0.2441E+06 0.4998E+02  7.966 0.1016 0.1658E-04 0.1000E+01
2705 0.4058E+00 0.7277E+03 0.3233E-05 0.7867E+01 0.2434E+06 0.5009E+02  7.959 0.0999 0.1658E-04 0.1000E+01
2710 0.4132E+00 0.7230E+03 0.3143E-05 0.7860E+01 0.2426E+06 0.5022E+02  7.950 0.0978 0.1658E-04 0.1000E+01
2715 0.4207E+00 0.7183E+03 0.3057E-05 0.7852E+01 0.2417E+06 0.5036E+02  7.941 0.0958 0.1657E-04 0.1000E+01
2720 0.4284E+00 0.7136E+03 0.2972E-05 0.7845E+01 0.2408E+06 0.5050E+02  7.932 0.0938 0.1657E-04 0.1000E+01
2725 0.4363E+00 0.7089E+03 0.2890E-05 0.7838E+01 0.2400E+06 0.5064E+02  7.923 0.0918 0.1657E-04 0.1000E+01
2730 0.4444E+00 0.7043E+03 0.2810E-05 0.7831E+01 0.2391E+06 0.5077E+02  7.914 0.0898 0.1657E-04 0.1000E+01
2734 0.4500E+00 0.7012E+03 0.2757E-05 0.7826E+01 0.2385E+06 0.5087E+02  7.908 0.0885 0.1657E-04 0.1000E+01
2735 0.4517E+00 0.7002E+03 0.2741E-05 0.7824E+01 0.2383E+06 0.5089E+02  7.907 0.0881 0.1657E-04 0.1000E+01
2740 0.4601E+00 0.6957E+03 0.2666E-05 0.7817E+01 0.2375E+06 0.5103E+02  7.898 0.0862 0.1657E-04 0.1000E+01
2745 0.4687E+00 0.6911E+03 0.2592E-05 0.7810E+01 0.2366E+06 0.5117E+02  7.889 0.0843 0.1656E-04 0.1000E+01
2750 0.4775E+00 0.6866E+03 0.2520E-05 0.7803E+01 0.2357E+06 0.5130E+02  7.880 0.0825 0.1656E-04 0.1000E+01
2755 0.4865E+00 0.6821E+03 0.2451E-05 0.7796E+01 0.2349E+06 0.5144E+02  7.871 0.0806 0.1656E-04 0.1000E+01
2760 0.4957E+00 0.6777E+03 0.2383E-05 0.7789E+01 0.2340E+06 0.5157E+02  7.862 0.0788 0.1656E-04 0.1000E+01
2763 0.5000E+00 0.6756E+03 0.2353E-05 0.7786E+01 0.2336E+06 0.5163E+02  7.858 0.0781 0.1656E-04 0.1000E+01
2765 0.5038E+00 0.6739E+03 0.2327E-05 0.7783E+01 0.2333E+06 0.5169E+02  7.854 0.0773 0.1656E-04 0.1000E+01
2770 0.5134E+00 0.6695E+03 0.2262E-05 0.7776E+01 0.2324E+06 0.5182E+02  7.845 0.0756 0.1656E-04 0.1000E+01
2775 0.5232E+00 0.6651E+03 0.2200E-05 0.7770E+01 0.2315E+06 0.5195E+02  7.836 0.0738 0.1655E-04 0.1000E+01
2780 0.5332E+00 0.6608E+03 0.2139E-05 0.7763E+01 0.2307E+06 0.5209E+02  7.827 0.0722 0.1655E-04 0.1000E+01
2785 0.5434E+00 0.6564E+03 0.2080E-05 0.7756E+01 0.2298E+06 0.5222E+02  7.818 0.0705 0.1655E-04 0.1000E+01
2789 0.5500E+00 0.6537E+03 0.2044E-05 0.7752E+01 0.2293E+06 0.5231E+02  7.813 0.0695 0.1655E-04 0.1000E+01
2790 0.5521E+00 0.6529E+03 0.2032E-05 0.7750E+01 0.2291E+06 0.5233E+02  7.811 0.0691 0.1655E-04 0.1000E+01
2795 0.5628E+00 0.6486E+03 0.1976E-05 0.7744E+01 0.2283E+06 0.5246E+02  7.802 0.0675 0.1655E-04 0.1000E+01
2800 0.5737E+00 0.6443E+03 0.1921E-05 0.7737E+01 0.2274E+06 0.5260E+02  7.793 0.0659 0.1655E-04 0.1000E+01
2805 0.5849E+00 0.6400E+03 0.1868E-05 0.7731E+01 0.2266E+06 0.5273E+02  7.784 0.0644 0.1655E-04 0.1000E+01
2810 0.5964E+00 0.6358E+03 0.1815E-05 0.7724E+01 0.2257E+06 0.5286E+02  7.775 0.0629 0.1655E-04 0.1000E+01
2812 0.6000E+00 0.6344E+03 0.1799E-05 0.7722E+01 0.2254E+06 0.5290E+02  7.773 0.0624 0.1654E-04 0.1000E+01
2815 0.6070E+00 0.6319E+03 0.1769E-05 0.7718E+01 0.2249E+06 0.5298E+02  7.767 0.0615 0.1654E-04 0.1000E+01
2820 0.6190E+00 0.6277E+03 0.1719E-05 0.7711E+01 0.2241E+06 0.5311E+02  7.758 0.0601 0.1654E-04 0.1000E+01
2825 0.6313E+00 0.6234E+03 0.1670E-05 0.7705E+01 0.2232E+06 0.5324E+02  7.749 0.0587 0.1654E-04 0.1000E+01
2830 0.6438E+00 0.6192E+03 0.1623E-05 0.7698E+01 0.2224E+06 0.5337E+02  7.740 0.0573 0.1654E-04 0.1000E+01
2833 0.6500E+00 0.6172E+03 0.1600E-05 0.7695E+01 0.2220E+06 0.5344E+02  7.736 0.0566 0.1654E-04 0.1000E+01
2835 0.6551E+00 0.6155E+03 0.1582E-05 0.7693E+01 0.2216E+06 0.5349E+02  7.733 0.0561 0.1654E-04 0.1000E+01
2840 0.6682E+00 0.6113E+03 0.1537E-05 0.7686E+01 0.2208E+06 0.5362E+02  7.724 0.0547 0.1654E-04 0.1000E+01
2845 0.6817E+00 0.6071E+03 0.1492E-05 0.7680E+01 0.2199E+06 0.5375E+02  7.715 0.0534 0.1654E-04 0.1000E+01
2850 0.6954E+00 0.6029E+03 0.1449E-05 0.7674E+01 0.2191E+06 0.5388E+02  7.706 0.0522 0.1654E-04 0.1000E+01
2852 0.7000E+00 0.6015E+03 0.1435E-05 0.7672E+01 0.2188E+06 0.5392E+02  7.703 0.0518 0.1654E-04 0.1000E+01
2855 0.7085E+00 0.5990E+03 0.1410E-05 0.7668E+01 0.2183E+06 0.5399E+02  7.698 0.0510 0.1654E-04 0.1000E+01
2860 0.7229E+00 0.5948E+03 0.1368E-05 0.7662E+01 0.2175E+06 0.5412E+02  7.689 0.0498 0.1653E-04 0.1000E+01
2865 0.7377E+00 0.5906E+03 0.1328E-05 0.7656E+01 0.2167E+06 0.5425E+02  7.680 0.0487 0.1653E-04 0.1000E+01
2870 0.7500E+00 0.5872E+03 0.1296E-05 0.7650E+01 0.2160E+06 0.5436E+02  7.672 0.0477 0.1653E-04 0.1000E+01
2870 0.7500E+00 0.5872E+03 0.1296E-05 0.7650E+01 0.2160E+06 0.5436E+02  7.672 0.0477 0.1653E-04 0.1000E+01
2875 0.7655E+00 0.5829E+03 0.1257E-05 0.7644E+01 0.2151E+06 0.5448E+02  7.664 0.0466 0.1653E-04 0.1000E+01
2880 0.7813E+00 0.5787E+03 0.1219E-05 0.7638E+01 0.2143E+06 0.5461E+02  7.655 0.0455 0.1653E-04 0.1000E+01
2885 0.7976E+00 0.5746E+03 0.1182E-05 0.7632E+01 0.2135E+06 0.5474E+02  7.646 0.0445 0.1653E-04 0.1000E+01
2886 0.8000E+00 0.5740E+03 0.1177E-05 0.7631E+01 0.2134E+06 0.5475E+02  7.644 0.0443 0.1653E-04 0.1000E+01
2890 0.8134E+00 0.5706E+03 0.1148E-05 0.7626E+01 0.2127E+06 0.5486E+02  7.637 0.0435 0.1653E-04 0.1000E+01
2895 0.8305E+00 0.5664E+03 0.1113E-05 0.7620E+01 0.2119E+06 0.5498E+02  7.628 0.0424 0.1653E-04 0.1000E+01
2900 0.8481E+00 0.5623E+03 0.1079E-05 0.7614E+01 0.2111E+06 0.5511E+02  7.620 0.0415 0.1653E-04 0.1000E+01
2901 0.8500E+00 0.5618E+03 0.1076E-05 0.7614E+01 0.2110E+06 0.5512E+02  7.619 0.0414 0.1653E-04 0.1000E+01
2905 0.8644E+00 0.5585E+03 0.1049E-05 0.7609E+01 0.2103E+06 0.5522E+02  7.611 0.0406 0.1653E-04 0.1000E+01
2910 0.8829E+00 0.5544E+03 0.1017E-05 0.7603E+01 0.2095E+06 0.5535E+02  7.603 0.0396 0.1653E-04 0.1000E+01
2915 0.9000E+00 0.5507E+03 0.9885E-06 0.7598E+01 0.2087E+06 0.5546E+02  7.595 0.0388 0.1653E-04 0.1000E+01
2915 0.9000E+00 0.5507E+03 0.9885E-06 0.7598E+01 0.2087E+06 0.5546E+02  7.595 0.0388 0.1653E-04 0.1000E+01
2920 0.9194E+00 0.5466E+03 0.9579E-06 0.7592E+01 0.2079E+06 0.5558E+02  7.586 0.0379 0.1653E-04 0.1000E+01
2925 0.9394E+00 0.5424E+03 0.9280E-06 0.7586E+01 0.2071E+06 0.5571E+02  7.577 0.0370 0.1653E-04 0.1000E+01
2928 0.9500E+00 0.5403E+03 0.9128E-06 0.7583E+01 0.2067E+06 0.5577E+02  7.572 0.0365 0.1652E-04 0.1000E+01
2930 0.9582E+00 0.5387E+03 0.9013E-06 0.7581E+01 0.2064E+06 0.5582E+02  7.569 0.0362 0.1652E-04 0.1000E+01
2935 0.9793E+00 0.5346E+03 0.8731E-06 0.7575E+01 0.2055E+06 0.5594E+02  7.560 0.0353 0.1652E-04 0.1000E+01
2940 0.1000E+01 0.5308E+03 0.8468E-06 0.7569E+01 0.2048E+06 0.5606E+02  7.551 0.0345 0.1652E-04 0.1000E+01
2940 0.1000E+01 0.5308E+03 0.8468E-06 0.7569E+01 0.2048E+06 0.5606E+02  7.551 0.0345 0.1652E-04 0.1000E+01
2945 0.1022E+01 0.5267E+03 0.8203E-06 0.7564E+01 0.2040E+06 0.5619E+02  7.542 0.0337 0.1652E-04 0.1000E+01
2950 0.1045E+01 0.5228E+03 0.7945E-06 0.7558E+01 0.2031E+06 0.5631E+02  7.533 0.0329 0.1652E-04 0.1000E+01
2955 0.1068E+01 0.5188E+03 0.7695E-06 0.7552E+01 0.2023E+06 0.5643E+02  7.524 0.0321 0.1652E-04 0.1000E+01
2960 0.1092E+01 0.5149E+03 0.7454E-06 0.7547E+01 0.2015E+06 0.5655E+02  7.515 0.0313 0.1652E-04 0.1000E+01
2965 0.1117E+01 0.5110E+03 0.7221E-06 0.7541E+01 0.2007E+06 0.5667E+02  7.507 0.0305 0.1652E-04 0.1000E+01
2970 0.1143E+01 0.5071E+03 0.6995E-06 0.7536E+01 0.1999E+06 0.5679E+02  7.498 0.0298 0.1652E-04 0.1000E+01
2975 0.1169E+01 0.5033E+03 0.6777E-06 0.7530E+01 0.1991E+06 0.5692E+02  7.489 0.0290 0.1652E-04 0.1000E+01
2980 0.1195E+01 0.4995E+03 0.6566E-06 0.7524E+01 0.1983E+06 0.5704E+02  7.480 0.0283 0.1652E-04 0.1000E+01
2985 0.1223E+01 0.4958E+03 0.6363E-06 0.7519E+01 0.1975E+06 0.5716E+02  7.471 0.0276 0.1652E-04 0.1000E+01
2990 0.1251E+01 0.4921E+03 0.6166E-06 0.7514E+01 0.1967E+06 0.5728E+02  7.462 0.0268 0.1652E-04 0.1000E+01
2995 0.1280E+01 0.4885E+03 0.5977E-06 0.7508E+01 0.1959E+06 0.5739E+02  7.453 0.0261 0.1652E-04 0.1000E+01
3000 0.1310E+01 0.4848E+03 0.5793E-06 0.7503E+01 0.1951E+06 0.5751E+02  7.444 0.0255 0.1652E-04 0.1000E+01
3005 0.1341E+01 0.4813E+03 0.5616E-06 0.7497E+01 0.1944E+06 0.5763E+02  7.435 0.0248 0.1652E-04 0.1000E+01
3010 0.1372E+01 0.4777E+03 0.5444E-06 0.7492E+01 0.1936E+06 0.5775E+02  7.427 0.0241 0.1652E-04 0.1000E+01
3015 0.1404E+01 0.4742E+03 0.5278E-06 0.7487E+01 0.1928E+06 0.5787E+02  7.418 0.0235 0.1652E-04 0.1000E+01
3020 0.1437E+01 0.4707E+03 0.5117E-06 0.7481E+01 0.1920E+06 0.5799E+02  7.409 0.0228 0.1652E-04 0.1000E+01
3025 0.1472E+01 0.4672E+03 0.4961E-06 0.7476E+01 0.1912E+06 0.5810E+02  7.400 0.0222 0.1652E-04 0.1000E+01
3030 0.1500E+01 0.4644E+03 0.4837E-06 0.7472E+01 0.1906E+06 0.5820E+02  7.393 0.0217 0.1652E-04 0.1000E+01
3030 0.1500E+01 0.4644E+03 0.4837E-06 0.7472E+01 0.1906E+06 0.5820E+02  7.393 0.0217 0.1652E-04 0.1000E+01
3035 0.1536E+01 0.4610E+03 0.4690E-06 0.7467E+01 0.1898E+06 0.5832E+02  7.384 0.0211 0.1651E-04 0.1000E+01
3040 0.1572E+01 0.4576E+03 0.4548E-06 0.7461E+01 0.1890E+06 0.5843E+02  7.375 0.0205 0.1651E-04 0.1000E+01
3045 0.1610E+01 0.4543E+03 0.4410E-06 0.7456E+01 0.1882E+06 0.5855E+02  7.366 0.0200 0.1651E-04 0.1000E+01
3050 0.1648E+01 0.4510E+03 0.4276E-06 0.7451E+01 0.1875E+06 0.5866E+02  7.357 0.0194 0.1651E-04 0.1000E+01
3055 0.1688E+01 0.4477E+03 0.4147E-06 0.7446E+01 0.1867E+06 0.5878E+02  7.348 0.0188 0.1651E-04 0.1000E+01
3060 0.1729E+01 0.4444E+03 0.4022E-06 0.7441E+01 0.1859E+06 0.5889E+02  7.339 0.0183 0.1651E-04 0.1000E+01
3065 0.1770E+01 0.4411E+03 0.3900E-06 0.7436E+01 0.1852E+06 0.5901E+02  7.330 0.0178 0.1651E-04 0.1000E+01
3070 0.1813E+01 0.4379E+03 0.3782E-06 0.7431E+01 0.1844E+06 0.5912E+02  7.321 0.0173 0.1651E-04 0.1000E+01
3075 0.1857E+01 0.4347E+03 0.3668E-06 0.7426E+01 0.1836E+06 0.5924E+02  7.313 0.0168 0.1651E-04 0.1000E+01
3080 0.1902E+01 0.4315E+03 0.3557E-06 0.7421E+01 0.1829E+06 0.5935E+02  7.304 0.0163 0.1651E-04 0.1000E+01
3085 0.1948E+01 0.4284E+03 0.3450E-06 0.7416E+01 0.1821E+06 0.5946E+02  7.295 0.0158 0.1651E-04 0.1000E+01
3090 0.1996E+01 0.4253E+03 0.3346E-06 0.7411E+01 0.1814E+06 0.5958E+02  7.286 0.0153 0.1651E-04 0.1000E+01
3091 0.2000E+01 0.4250E+03 0.3336E-06 0.7411E+01 0.1813E+06 0.5959E+02  7.285 0.0153 0.1651E-04 0.1000E+01
3095 0.2039E+01 0.4225E+03 0.3255E-06 0.7407E+01 0.1807E+06 0.5968E+02  7.278 0.0149 0.1651E-04 0.1000E+01
3100 0.2089E+01 0.4194E+03 0.3157E-06 0.7402E+01 0.1799E+06 0.5979E+02  7.269 0.0145 0.1651E-04 0.1000E+01
3105 0.2140E+01 0.4163E+03 0.3061E-06 0.7397E+01 0.1792E+06 0.5990E+02  7.260 0.0140 0.1651E-04 0.1000E+01
3110 0.2193E+01 0.4133E+03 0.2969E-06 0.7392E+01 0.1784E+06 0.6001E+02  7.251 0.0136 0.1651E-04 0.1000E+01
3115 0.2247E+01 0.4102E+03 0.2879E-06 0.7387E+01 0.1777E+06 0.6012E+02  7.243 0.0132 0.1651E-04 0.1000E+01
3120 0.2302E+01 0.4072E+03 0.2791E-06 0.7383E+01 0.1769E+06 0.6023E+02  7.234 0.0128 0.1651E-04 0.1000E+01
3125 0.2359E+01 0.4042E+03 0.2707E-06 0.7378E+01 0.1762E+06 0.6034E+02  7.225 0.0123 0.1651E-04 0.1000E+01
3130 0.2417E+01 0.4013E+03 0.2624E-06 0.7373E+01 0.1755E+06 0.6045E+02  7.216 0.0119 0.1651E-04 0.1000E+01
3135 0.2477E+01 0.3983E+03 0.2545E-06 0.7368E+01 0.1747E+06 0.6056E+02  7.207 0.0115 0.1651E-04 0.1000E+01
3137 0.2500E+01 0.3972E+03 0.2516E-06 0.7367E+01 0.1744E+06 0.6061E+02  7.204 0.0114 0.1651E-04 0.1000E+01
3140 0.2537E+01 0.3954E+03 0.2469E-06 0.7364E+01 0.1740E+06 0.6067E+02  7.198 0.0111 0.1651E-04 0.1000E+01
3145 0.2600E+01 0.3925E+03 0.2394E-06 0.7359E+01 0.1733E+06 0.6078E+02  7.190 0.0107 0.1651E-04 0.1000E+01
3150 0.2665E+01 0.3896E+03 0.2321E-06 0.7355E+01 0.1725E+06 0.6089E+02  7.181 0.0103 0.1651E-04 0.1000E+01
3155 0.2732E+01 0.3867E+03 0.2250E-06 0.7350E+01 0.1718E+06 0.6100E+02  7.172 0.0100 0.1651E-04 0.1000E+01
3160 0.2800E+01 0.3838E+03 0.2181E-06 0.7345E+01 0.1711E+06 0.6110E+02  7.163 0.0096 0.1651E-04 0.1000E+01
3165 0.2870E+01 0.3810E+03 0.2114E-06 0.7341E+01 0.1703E+06 0.6121E+02  7.154 0.0092 0.1651E-04 0.1000E+01
3170 0.2942E+01 0.3781E+03 0.2049E-06 0.7336E+01 0.1696E+06 0.6132E+02  7.145 0.0088 0.1651E-04 0.1000E+01
3174 0.3000E+01 0.3759E+03 0.2000E-06 0.7333E+01 0.1691E+06 0.6140E+02  7.138 0.0085 0.1651E-04 0.1000E+01
3175 0.3015E+01 0.3754E+03 0.1988E-06 0.7332E+01 0.1689E+06 0.6142E+02  7.136 0.0084 0.1651E-04 0.1000E+01
3180 0.3091E+01 0.3726E+03 0.1927E-06 0.7327E+01 0.1682E+06 0.6153E+02  7.128 0.0080 0.1651E-04 0.1000E+01
3185 0.3169E+01 0.3698E+03 0.1868E-06 0.7323E+01 0.1675E+06 0.6164E+02  7.119 0.0078 0.1651E-04 0.1000E+01
3190 0.3249E+01 0.3671E+03 0.1811E-06 0.7318E+01 0.1668E+06 0.6174E+02  7.110 0.0073 0.1651E-04 0.1000E+01
3195 0.3331E+01 0.3643E+03 0.1755E-06 0.7314E+01 0.1660E+06 0.6185E+02  7.101 0.0069 0.1651E-04 0.1000E+01
3200 0.3415E+01 0.3616E+03 0.1701E-06 0.7310E+01 0.1653E+06 0.6195E+02  7.092 0.0065 0.1651E-04 0.1000E+01
3205 0.3500E+01 0.3589E+03 0.1650E-06 0.7305E+01 0.1646E+06 0.6205E+02  7.083 0.0060 0.1651E-04 0.1000E+01
3205 0.3500E+01 0.3589E+03 0.1650E-06 0.7305E+01 0.1646E+06 0.6205E+02  7.083 0.0060 0.1651E-04 0.1000E+01
3210 0.3589E+01 0.3562E+03 0.1599E-06 0.7301E+01 0.1639E+06 0.6216E+02  7.075 0.0056 0.1651E-04 0.1000E+01
3215 0.3680E+01 0.3536E+03 0.1550E-06 0.7297E+01 0.1632E+06 0.6226E+02  7.066 0.0054 0.1651E-04 0.1000E+01
3220 0.3774E+01 0.3509E+03 0.1502E-06 0.7292E+01 0.1625E+06 0.6237E+02  7.057 0.0049 0.1651E-04 0.1000E+01
3225 0.3870E+01 0.3483E+03 0.1456E-06 0.7288E+01 0.1618E+06 0.6247E+02  7.048 0.0044 0.1651E-04 0.1000E+01
3230 0.3969E+01 0.3457E+03 0.1411E-06 0.7284E+01 0.1611E+06 0.6257E+02  7.039 0.0038 0.1651E-04 0.1000E+01
3232 0.4000E+01 0.3449E+03 0.1397E-06 0.7282E+01 0.1609E+06 0.6260E+02  7.036 0.0038 0.1651E-04 0.1000E+01
3235 0.4061E+01 0.3433E+03 0.1371E-06 0.7280E+01 0.1605E+06 0.6267E+02  7.031 0.0037 0.1651E-04 0.1000E+01
3240 0.4165E+01 0.3407E+03 0.1329E-06 0.7276E+01 0.1598E+06 0.6277E+02  7.022 0.0031 0.1651E-04 0.1000E+01
3245 0.4272E+01 0.3381E+03 0.1287E-06 0.7272E+01 0.1591E+06 0.6287E+02  7.013 0.0030 0.1651E-04 0.1000E+01
3250 0.4382E+01 0.3356E+03 0.1247E-06 0.7267E+01 0.1584E+06 0.6297E+02  7.005 0.0029 0.1651E-04 0.1000E+01
3255 0.4494E+01 0.3330E+03 0.1208E-06 0.7263E+01 0.1578E+06 0.6307E+02  6.996 0.0021 0.1651E-04 0.1000E+01
3256 0.4500E+01 0.3329E+03 0.1206E-06 0.7263E+01 0.1577E+06 0.6308E+02  6.995 0.0021 0.1651E-04 0.1000E+01
3260 0.4592E+01 0.3309E+03 0.1176E-06 0.7260E+01 0.1572E+06 0.6316E+02  6.988 0.0020 0.1651E-04 0.1000E+01
3265 0.4711E+01 0.3284E+03 0.1140E-06 0.7256E+01 0.1565E+06 0.6326E+02  6.979 0.0020 0.1651E-04 0.1000E+01
3270 0.4833E+01 0.3259E+03 0.1104E-06 0.7251E+01 0.1558E+06 0.6336E+02  6.971 0.0019 0.1651E-04 0.1000E+01
3275 0.4958E+01 0.3234E+03 0.1070E-06 0.7247E+01 0.1551E+06 0.6346E+02  6.962 0.0018 0.1651E-04 0.1000E+01
3277 0.5000E+01 0.3226E+03 0.1059E-06 0.7246E+01 0.1549E+06 0.6349E+02  6.959 0.0018 0.1651E-04 0.1000E+01
3280 0.5077E+01 0.3211E+03 0.1039E-06 0.7244E+01 0.1545E+06 0.6355E+02  6.953 0.0018 0.1651E-04 0.1000E+01
3285 0.5209E+01 0.3187E+03 0.1007E-06 0.7240E+01 0.1538E+06 0.6365E+02  6.945 0.0017 0.1651E-04 0.1000E+01
3290 0.5344E+01 0.3162E+03 0.9752E-07 0.7236E+01 0.1532E+06 0.6375E+02  6.936 0.0016 0.1651E-04 0.1000E+01
3295 0.5483E+01 0.3138E+03 0.9447E-07 0.7232E+01 0.1525E+06 0.6385E+02  6.927 0.0016 0.1651E-04 0.1000E+01
3296 0.5500E+01 0.3135E+03 0.9411E-07 0.7231E+01 0.1524E+06 0.6386E+02  6.926 0.0016 0.1651E-04 0.1000E+01
3300 0.5614E+01 0.3116E+03 0.9175E-07 0.7228E+01 0.1519E+06 0.6394E+02  6.919 0.0015 0.1651E-04 0.1000E+01
3305 0.5761E+01 0.3092E+03 0.8888E-07 0.7224E+01 0.1512E+06 0.6403E+02  6.910 0.0015 0.1651E-04 0.1000E+01
3310 0.5912E+01 0.3069E+03 0.8609E-07 0.7220E+01 0.1506E+06 0.6413E+02  6.901 0.0014 0.1651E-04 0.1000E+01
3313 0.6000E+01 0.3055E+03 0.8453E-07 0.7218E+01 0.1502E+06 0.6419E+02  6.896 0.0014 0.1651E-04 0.1000E+01
3315 0.6062E+01 0.3046E+03 0.8346E-07 0.7216E+01 0.1500E+06 0.6423E+02  6.893 0.0014 0.1651E-04 0.1000E+01
3320 0.6221E+01 0.3022E+03 0.8084E-07 0.7212E+01 0.1493E+06 0.6432E+02  6.884 0.0013 0.1651E-04 0.1000E+01
3325 0.6385E+01 0.2999E+03 0.7829E-07 0.7209E+01 0.1486E+06 0.6442E+02  6.875 0.0013 0.1651E-04 0.1000E+01
3329 0.6500E+01 0.2983E+03 0.7658E-07 0.7206E+01 0.1482E+06 0.6448E+02  6.869 0.0012 0.1651E-04 0.1000E+01
3330 0.6534E+01 0.2978E+03 0.7609E-07 0.7205E+01 0.1481E+06 0.6450E+02  6.867 0.0012 0.1651E-04 0.1000E+01
3335 0.6706E+01 0.2956E+03 0.7370E-07 0.7201E+01 0.1474E+06 0.6460E+02  6.858 0.0012 0.1651E-04 0.1000E+01
3340 0.6883E+01 0.2933E+03 0.7139E-07 0.7198E+01 0.1468E+06 0.6469E+02  6.850 0.0011 0.1651E-04 0.1000E+01
3344 0.7000E+01 0.2918E+03 0.6992E-07 0.7195E+01 0.1464E+06 0.6476E+02  6.844 0.0011 0.1651E-04 0.1000E+01
3345 0.7036E+01 0.2914E+03 0.6948E-07 0.7194E+01 0.1462E+06 0.6477E+02  6.842 0.0011 0.1651E-04 0.1000E+01
3350 0.7222E+01 0.2891E+03 0.6730E-07 0.7191E+01 0.1456E+06 0.6487E+02  6.833 0.0011 0.1651E-04 0.1000E+01
3355 0.7413E+01 0.2869E+03 0.6518E-07 0.7187E+01 0.1450E+06 0.6496E+02  6.824 0.0010 0.1651E-04 0.1000E+01
3358 0.7500E+01 0.2859E+03 0.6426E-07 0.7185E+01 0.1447E+06 0.6500E+02  6.821 0.0010 0.1651E-04 0.1000E+01
3360 0.7579E+01 0.2850E+03 0.6344E-07 0.7184E+01 0.1444E+06 0.6504E+02  6.817 0.0010 0.1651E-04 0.1000E+01
3365 0.7780E+01 0.2828E+03 0.6145E-07 0.7180E+01 0.1438E+06 0.6513E+02  6.808 0.0010 0.1651E-04 0.1000E+01
3370 0.7986E+01 0.2807E+03 0.5952E-07 0.7176E+01 0.1432E+06 0.6523E+02  6.799 0.0009 0.1651E-04 0.1000E+01
3371 0.8000E+01 0.2805E+03 0.5939E-07 0.7176E+01 0.1431E+06 0.6523E+02  6.799 0.0009 0.1651E-04 0.1000E+01
3375 0.8169E+01 0.2788E+03 0.5789E-07 0.7173E+01 0.1426E+06 0.6531E+02  6.792 0.0009 0.1651E-04 0.1000E+01
3380 0.8387E+01 0.2766E+03 0.5607E-07 0.7169E+01 0.1420E+06 0.6540E+02  6.783 0.0009 0.1651E-04 0.1000E+01
3383 0.8500E+01 0.2756E+03 0.5516E-07 0.7168E+01 0.1417E+06 0.6545E+02  6.779 0.0008 0.1651E-04 0.1000E+01
3385 0.8590E+01 0.2747E+03 0.5446E-07 0.7166E+01 0.1414E+06 0.6548E+02  6.775 0.0008 0.1651E-04 0.1000E+01
3390 0.8818E+01 0.2726E+03 0.5275E-07 0.7163E+01 0.1408E+06 0.6558E+02  6.766 0.0008 0.1651E-04 0.1000E+01
3394 0.9000E+01 0.2710E+03 0.5146E-07 0.7160E+01 0.1403E+06 0.6565E+02  6.759 0.0008 0.1651E-04 0.1000E+01
3395 0.9047E+01 0.2705E+03 0.5113E-07 0.7159E+01 0.1402E+06 0.6567E+02  6.758 0.0008 0.1651E-04 0.1000E+01
3400 0.9289E+01 0.2685E+03 0.4953E-07 0.7155E+01 0.1396E+06 0.6576E+02  6.749 0.0007 0.1651E-04 0.1000E+01
3405 0.9500E+01 0.2667E+03 0.4820E-07 0.7152E+01 0.1391E+06 0.6583E+02  6.741 0.0007 0.1651E-04 0.1000E+01
3405 0.9500E+01 0.2667E+03 0.4820E-07 0.7152E+01 0.1391E+06 0.6583E+02  6.741 0.0007 0.1651E-04 0.1000E+01
3410 0.9753E+01 0.2646E+03 0.4669E-07 0.7149E+01 0.1385E+06 0.6592E+02  6.733 0.0007 0.1651E-04 0.1000E+01
3415 0.1000E+02 0.2627E+03 0.4530E-07 0.7146E+01 0.1379E+06 0.6601E+02  6.724 0.0006 0.1651E-04 0.1000E+01
3415 0.1000E+02 0.2627E+03 0.4530E-07 0.7146E+01 0.1379E+06 0.6601E+02  6.724 0.0006 0.1651E-04 0.1000E+01
