 $INPUT
 IMODEL	=             1
 N	=           120
 MINSTP	=             0
 VEOS	=  1.000000000000000
 ILOOP	=             1
 STATIC	=   F
 FRACT	=  2.5000000000000001E-03
 SHINE	=  0.3000000000000000
 SHAVE	=  9.9999999999999995E-08
 POUT	=  5000000.000000000
 AMETH	=             2
 CMETH	=             1
 NOBOND	=             1
 TBEG	=  5.0000000000000004E-06
 TIMEF	=  10.00000000000000
 DTIMEO	=  5.0000000000000003E-02
 STEPO	=  0.5000000000000000
 LCORR	=   T
 LSTART	=   F
 MAXSTP	=          5000
 SPK	=  11.30000000000000
 STARL	=  0.0000000000000000E+00
 DIST	=  10.00000000000000
 ALB	=  0.3500000000000000
 TEFFS	=  5770.000000000000
 LCONV	=   T
 LTRANS	=   T
 LPOUT	=   F
 LFILL	=   F
 LCONT	=   T
 LBURN	=   T
 MAG	=  'O '
 GAM	=  '7X'
 MASS	=  9.495699999999999
 YHEA	=  0.2500000000000000
 YDI	=  2.0000000000000002E-05
 HB	=  1.000000000000000
 $end
 
 
 Gam,Mass,Yhe,Ydi,Dist,starl,alb=  7X   9.496   0.250 0.200E-04 0.100E+02 0.000E+00 0.350E+00
  I  Time(Gyrs) Teff        Lumin      Rad(Gcm)  Tc         Rhoc       S      Ratio  Yd         Yl


   5 0.4852E-05 0.2199E+04 0.1327E-02 0.1745E+02 0.1557E+06 0.2013E+01 11.290 0.0000 0.2000E-04 0.1000E+01
   6 0.0000E+00 0.2199E+04 0.1327E-02 0.1745E+02 0.1557E+06 0.2014E+01 11.290 0.0000 0.2000E-04 0.1000E+01
  10 0.4917E-05 0.2197E+04 0.1311E-02 0.1738E+02 0.1559E+06 0.2032E+01 11.279 0.0000 0.2000E-04 0.1000E+01
  15 0.1116E-04 0.2194E+04 0.1290E-02 0.1730E+02 0.1561E+06 0.2054E+01 11.265 0.0000 0.2000E-04 0.1000E+01
  20 0.1750E-04 0.2190E+04 0.1270E-02 0.1722E+02 0.1563E+06 0.2076E+01 11.252 0.0000 0.2000E-04 0.1000E+01
  25 0.2394E-04 0.2187E+04 0.1251E-02 0.1713E+02 0.1565E+06 0.2099E+01 11.238 0.0000 0.2000E-04 0.1000E+01
  30 0.3049E-04 0.2183E+04 0.1231E-02 0.1705E+02 0.1567E+06 0.2122E+01 11.224 0.0000 0.2000E-04 0.1000E+01
  35 0.3715E-04 0.2180E+04 0.1212E-02 0.1697E+02 0.1569E+06 0.2145E+01 11.211 0.0000 0.2000E-04 0.1000E+01
  40 0.4391E-04 0.2176E+04 0.1192E-02 0.1689E+02 0.1571E+06 0.2168E+01 11.197 0.0000 0.2000E-04 0.1000E+01
  45 0.5079E-04 0.2173E+04 0.1173E-02 0.1681E+02 0.1573E+06 0.2191E+01 11.184 0.0000 0.2000E-04 0.1000E+01
  50 0.5779E-04 0.2169E+04 0.1154E-02 0.1674E+02 0.1575E+06 0.2215E+01 11.170 0.0000 0.2000E-04 0.1000E+01
  55 0.6494E-04 0.2165E+04 0.1135E-02 0.1666E+02 0.1577E+06 0.2239E+01 11.156 0.0000 0.2000E-04 0.1000E+01
  60 0.7222E-04 0.2161E+04 0.1117E-02 0.1658E+02 0.1579E+06 0.2263E+01 11.143 0.0000 0.2000E-04 0.1000E+01
  65 0.7961E-04 0.2157E+04 0.1098E-02 0.1650E+02 0.1580E+06 0.2287E+01 11.129 0.0000 0.2000E-04 0.1000E+01
  70 0.8711E-04 0.2153E+04 0.1080E-02 0.1643E+02 0.1582E+06 0.2311E+01 11.116 0.0000 0.2000E-04 0.1000E+01
  75 0.9474E-04 0.2149E+04 0.1062E-02 0.1635E+02 0.1584E+06 0.2336E+01 11.102 0.0000 0.2000E-04 0.1000E+01
  80 0.1025E-03 0.2144E+04 0.1044E-02 0.1628E+02 0.1586E+06 0.2361E+01 11.089 0.0000 0.2000E-04 0.1000E+01
  85 0.1104E-03 0.2140E+04 0.1026E-02 0.1621E+02 0.1587E+06 0.2385E+01 11.075 0.0000 0.2000E-04 0.1000E+01
  90 0.1185E-03 0.2135E+04 0.1008E-02 0.1613E+02 0.1589E+06 0.2411E+01 11.062 0.0000 0.2000E-04 0.1000E+01
  95 0.1267E-03 0.2131E+04 0.9906E-03 0.1606E+02 0.1591E+06 0.2436E+01 11.048 0.0000 0.2000E-04 0.1000E+01
 100 0.1350E-03 0.2126E+04 0.9732E-03 0.1599E+02 0.1592E+06 0.2461E+01 11.034 0.0000 0.2000E-04 0.1000E+01
 105 0.1435E-03 0.2122E+04 0.9560E-03 0.1592E+02 0.1594E+06 0.2487E+01 11.021 0.0000 0.2000E-04 0.1000E+01
 110 0.1521E-03 0.2117E+04 0.9391E-03 0.1585E+02 0.1596E+06 0.2513E+01 11.007 0.0000 0.2000E-04 0.1000E+01
 115 0.1609E-03 0.2112E+04 0.9223E-03 0.1578E+02 0.1597E+06 0.2539E+01 10.994 0.0000 0.2000E-04 0.1000E+01
 120 0.1699E-03 0.2107E+04 0.9057E-03 0.1571E+02 0.1599E+06 0.2565E+01 10.980 0.0000 0.2000E-04 0.1000E+01
 125 0.1791E-03 0.2102E+04 0.8892E-03 0.1564E+02 0.1600E+06 0.2592E+01 10.967 0.0000 0.2000E-04 0.1000E+01
 130 0.1884E-03 0.2097E+04 0.8728E-03 0.1557E+02 0.1602E+06 0.2619E+01 10.954 0.0000 0.2000E-04 0.1000E+01
 135 0.1979E-03 0.2091E+04 0.8566E-03 0.1550E+02 0.1603E+06 0.2646E+01 10.940 0.0000 0.2000E-04 0.1000E+01
 140 0.2075E-03 0.2086E+04 0.8405E-03 0.1544E+02 0.1605E+06 0.2673E+01 10.927 0.0000 0.2000E-04 0.1000E+01
 145 0.2174E-03 0.2081E+04 0.8246E-03 0.1537E+02 0.1606E+06 0.2700E+01 10.913 0.0000 0.2000E-04 0.1000E+01
 150 0.2274E-03 0.2075E+04 0.8088E-03 0.1531E+02 0.1607E+06 0.2727E+01 10.900 0.0000 0.2000E-04 0.1000E+01
 155 0.2376E-03 0.2069E+04 0.7930E-03 0.1524E+02 0.1609E+06 0.2755E+01 10.886 0.0000 0.2000E-04 0.1000E+01
 160 0.2481E-03 0.2063E+04 0.7773E-03 0.1518E+02 0.1610E+06 0.2783E+01 10.873 0.0000 0.2000E-04 0.1000E+01
 165 0.2587E-03 0.2057E+04 0.7618E-03 0.1511E+02 0.1611E+06 0.2811E+01 10.860 0.0000 0.2000E-04 0.1000E+01
 170 0.2696E-03 0.2051E+04 0.7462E-03 0.1505E+02 0.1613E+06 0.2839E+01 10.846 0.0000 0.2000E-04 0.1000E+01
 175 0.2806E-03 0.2045E+04 0.7308E-03 0.1499E+02 0.1614E+06 0.2867E+01 10.833 0.0000 0.2000E-04 0.1000E+01
 180 0.2920E-03 0.2038E+04 0.7155E-03 0.1492E+02 0.1615E+06 0.2896E+01 10.820 0.0000 0.2000E-04 0.1000E+01
 185 0.3035E-03 0.2031E+04 0.7004E-03 0.1486E+02 0.1616E+06 0.2924E+01 10.806 0.0000 0.2000E-04 0.1000E+01
 190 0.3153E-03 0.2025E+04 0.6855E-03 0.1480E+02 0.1617E+06 0.2953E+01 10.793 0.0000 0.2000E-04 0.1000E+01
 195 0.3274E-03 0.2018E+04 0.6708E-03 0.1474E+02 0.1619E+06 0.2982E+01 10.780 0.0000 0.2000E-04 0.1000E+01
 200 0.3397E-03 0.2011E+04 0.6564E-03 0.1468E+02 0.1620E+06 0.3012E+01 10.766 0.0000 0.2000E-04 0.1000E+01
 205 0.3522E-03 0.2004E+04 0.6422E-03 0.1462E+02 0.1621E+06 0.3041E+01 10.753 0.0000 0.2000E-04 0.1000E+01
 210 0.3651E-03 0.1997E+04 0.6283E-03 0.1456E+02 0.1622E+06 0.3071E+01 10.740 0.0000 0.2000E-04 0.1000E+01
 215 0.3782E-03 0.1990E+04 0.6147E-03 0.1450E+02 0.1623E+06 0.3100E+01 10.727 0.0000 0.2000E-04 0.1000E+01
 220 0.3916E-03 0.1983E+04 0.6013E-03 0.1444E+02 0.1624E+06 0.3130E+01 10.713 0.0000 0.2000E-04 0.1000E+01
 225 0.4052E-03 0.1977E+04 0.5884E-03 0.1439E+02 0.1625E+06 0.3160E+01 10.700 0.0000 0.2000E-04 0.1000E+01
 230 0.4192E-03 0.1970E+04 0.5757E-03 0.1433E+02 0.1625E+06 0.3191E+01 10.687 0.0000 0.2000E-04 0.1000E+01
 235 0.4334E-03 0.1963E+04 0.5634E-03 0.1427E+02 0.1626E+06 0.3221E+01 10.674 0.0000 0.2000E-04 0.1000E+01
 240 0.4480E-03 0.1956E+04 0.5515E-03 0.1422E+02 0.1627E+06 0.3252E+01 10.661 0.0000 0.2000E-04 0.1000E+01
 245 0.4628E-03 0.1950E+04 0.5398E-03 0.1416E+02 0.1628E+06 0.3283E+01 10.648 0.0000 0.2000E-04 0.1000E+01
 250 0.4780E-03 0.1943E+04 0.5286E-03 0.1411E+02 0.1629E+06 0.3314E+01 10.634 0.0000 0.2000E-04 0.1000E+01
 255 0.4935E-03 0.1937E+04 0.5177E-03 0.1405E+02 0.1630E+06 0.3345E+01 10.621 0.0000 0.2000E-04 0.1000E+01
 260 0.5093E-03 0.1931E+04 0.5072E-03 0.1400E+02 0.1630E+06 0.3376E+01 10.608 0.0000 0.2000E-04 0.1000E+01
 265 0.5254E-03 0.1925E+04 0.4971E-03 0.1394E+02 0.1631E+06 0.3408E+01 10.595 0.0000 0.2000E-04 0.1000E+01
 270 0.5419E-03 0.1919E+04 0.4874E-03 0.1389E+02 0.1632E+06 0.3439E+01 10.582 0.0000 0.2000E-04 0.1000E+01
 275 0.5586E-03 0.1914E+04 0.4781E-03 0.1384E+02 0.1632E+06 0.3471E+01 10.569 0.0000 0.2000E-04 0.1000E+01
 280 0.5756E-03 0.1908E+04 0.4692E-03 0.1378E+02 0.1633E+06 0.3503E+01 10.556 0.0000 0.2000E-04 0.1000E+01
 285 0.5930E-03 0.1903E+04 0.4607E-03 0.1373E+02 0.1633E+06 0.3536E+01 10.543 0.0000 0.2000E-04 0.1000E+01
 290 0.6106E-03 0.1898E+04 0.4526E-03 0.1368E+02 0.1634E+06 0.3568E+01 10.530 0.0000 0.2000E-04 0.1000E+01
 295 0.6285E-03 0.1893E+04 0.4447E-03 0.1363E+02 0.1634E+06 0.3601E+01 10.517 0.0000 0.2000E-04 0.1000E+01
 300 0.6468E-03 0.1889E+04 0.4370E-03 0.1358E+02 0.1635E+06 0.3633E+01 10.504 0.0000 0.2000E-04 0.1000E+01
 305 0.6654E-03 0.1884E+04 0.4297E-03 0.1353E+02 0.1635E+06 0.3666E+01 10.491 0.0000 0.2000E-04 0.1000E+01
 310 0.6842E-03 0.1880E+04 0.4224E-03 0.1348E+02 0.1636E+06 0.3699E+01 10.478 0.0000 0.2000E-04 0.1000E+01
 315 0.7034E-03 0.1875E+04 0.4154E-03 0.1343E+02 0.1636E+06 0.3733E+01 10.465 0.0000 0.2000E-04 0.1000E+01
 320 0.7228E-03 0.1871E+04 0.4085E-03 0.1338E+02 0.1636E+06 0.3766E+01 10.452 0.0000 0.2000E-04 0.1000E+01
 325 0.7426E-03 0.1866E+04 0.4019E-03 0.1333E+02 0.1637E+06 0.3799E+01 10.439 0.0000 0.2000E-04 0.1000E+01
 330 0.7626E-03 0.1862E+04 0.3953E-03 0.1329E+02 0.1637E+06 0.3833E+01 10.426 0.0000 0.2000E-04 0.1000E+01
 335 0.7830E-03 0.1858E+04 0.3889E-03 0.1324E+02 0.1637E+06 0.3867E+01 10.413 0.0000 0.2000E-04 0.1000E+01
 340 0.8037E-03 0.1854E+04 0.3827E-03 0.1319E+02 0.1637E+06 0.3901E+01 10.400 0.0000 0.2000E-04 0.1000E+01
 345 0.8247E-03 0.1849E+04 0.3765E-03 0.1314E+02 0.1637E+06 0.3935E+01 10.387 0.0000 0.2000E-04 0.1000E+01
 350 0.8460E-03 0.1845E+04 0.3704E-03 0.1310E+02 0.1637E+06 0.3970E+01 10.374 0.0000 0.2000E-04 0.1000E+01
 355 0.8677E-03 0.1841E+04 0.3644E-03 0.1305E+02 0.1637E+06 0.4004E+01 10.361 0.0000 0.2000E-04 0.1000E+01
 360 0.8897E-03 0.1837E+04 0.3585E-03 0.1301E+02 0.1637E+06 0.4039E+01 10.348 0.0000 0.2000E-04 0.1000E+01
 365 0.9120E-03 0.1832E+04 0.3527E-03 0.1296E+02 0.1637E+06 0.4074E+01 10.335 0.0000 0.2000E-04 0.1000E+01
 370 0.9347E-03 0.1828E+04 0.3468E-03 0.1292E+02 0.1637E+06 0.4109E+01 10.322 0.0000 0.2000E-04 0.1000E+01
 375 0.9578E-03 0.1823E+04 0.3411E-03 0.1287E+02 0.1637E+06 0.4144E+01 10.309 0.0000 0.2000E-04 0.1000E+01
 380 0.9812E-03 0.1819E+04 0.3353E-03 0.1283E+02 0.1637E+06 0.4179E+01 10.296 0.0000 0.2000E-04 0.1000E+01
 385 0.1005E-02 0.1814E+04 0.3296E-03 0.1279E+02 0.1637E+06 0.4215E+01 10.284 0.0000 0.2000E-04 0.1000E+01
 390 0.1029E-02 0.1809E+04 0.3239E-03 0.1274E+02 0.1637E+06 0.4251E+01 10.271 0.0000 0.2000E-04 0.1000E+01
 395 0.1054E-02 0.1804E+04 0.3183E-03 0.1270E+02 0.1637E+06 0.4286E+01 10.258 0.0000 0.2000E-04 0.1000E+01
 400 0.1079E-02 0.1799E+04 0.3128E-03 0.1266E+02 0.1636E+06 0.4322E+01 10.245 0.0000 0.2000E-04 0.1000E+01
 405 0.1104E-02 0.1794E+04 0.3072E-03 0.1262E+02 0.1636E+06 0.4358E+01 10.232 0.0000 0.2000E-04 0.1000E+01
 410 0.1130E-02 0.1789E+04 0.3017E-03 0.1257E+02 0.1636E+06 0.4395E+01 10.219 0.0000 0.2000E-04 0.1000E+01
 415 0.1157E-02 0.1784E+04 0.2962E-03 0.1253E+02 0.1635E+06 0.4431E+01 10.207 0.0000 0.2000E-04 0.1000E+01
 420 0.1183E-02 0.1779E+04 0.2908E-03 0.1249E+02 0.1635E+06 0.4468E+01 10.194 0.0000 0.2000E-04 0.1000E+01
 425 0.1211E-02 0.1773E+04 0.2854E-03 0.1245E+02 0.1634E+06 0.4505E+01 10.181 0.0000 0.2000E-04 0.1000E+01
 430 0.1238E-02 0.1768E+04 0.2801E-03 0.1241E+02 0.1634E+06 0.4541E+01 10.168 0.0000 0.2000E-04 0.1000E+01
 435 0.1266E-02 0.1762E+04 0.2748E-03 0.1237E+02 0.1633E+06 0.4578E+01 10.155 0.0000 0.2000E-04 0.1000E+01
 440 0.1295E-02 0.1756E+04 0.2695E-03 0.1233E+02 0.1633E+06 0.4616E+01 10.143 0.0000 0.2000E-04 0.1000E+01
 445 0.1325E-02 0.1750E+04 0.2641E-03 0.1229E+02 0.1632E+06 0.4653E+01 10.130 0.0000 0.2000E-04 0.1000E+01
 450 0.1355E-02 0.1744E+04 0.2587E-03 0.1225E+02 0.1631E+06 0.4691E+01 10.117 0.0000 0.2000E-04 0.1000E+01
 455 0.1385E-02 0.1738E+04 0.2534E-03 0.1222E+02 0.1631E+06 0.4728E+01 10.104 0.0000 0.2000E-04 0.1000E+01
 460 0.1416E-02 0.1731E+04 0.2481E-03 0.1218E+02 0.1630E+06 0.4766E+01 10.091 0.0000 0.2000E-04 0.1000E+01
 465 0.1448E-02 0.1725E+04 0.2428E-03 0.1214E+02 0.1629E+06 0.4804E+01 10.079 0.0000 0.2000E-04 0.1000E+01
 470 0.1480E-02 0.1718E+04 0.2376E-03 0.1210E+02 0.1628E+06 0.4842E+01 10.066 0.0000 0.2000E-04 0.1000E+01
 475 0.1513E-02 0.1711E+04 0.2324E-03 0.1207E+02 0.1628E+06 0.4880E+01 10.053 0.0000 0.2000E-04 0.1000E+01
 480 0.1547E-02 0.1704E+04 0.2271E-03 0.1203E+02 0.1627E+06 0.4919E+01 10.040 0.0000 0.2000E-04 0.1000E+01
 485 0.1581E-02 0.1697E+04 0.2219E-03 0.1199E+02 0.1626E+06 0.4957E+01 10.028 0.0000 0.2000E-04 0.1000E+01
 490 0.1616E-02 0.1689E+04 0.2166E-03 0.1196E+02 0.1625E+06 0.4996E+01 10.015 0.0000 0.2000E-04 0.1000E+01
 495 0.1652E-02 0.1681E+04 0.2113E-03 0.1192E+02 0.1624E+06 0.5035E+01 10.002 0.0000 0.2000E-04 0.1000E+01
 500 0.1689E-02 0.1673E+04 0.2060E-03 0.1188E+02 0.1623E+06 0.5074E+01  9.990 0.0000 0.2000E-04 0.1000E+01
 505 0.1727E-02 0.1664E+04 0.2007E-03 0.1185E+02 0.1621E+06 0.5113E+01  9.977 0.0000 0.2000E-04 0.1000E+01
 510 0.1766E-02 0.1656E+04 0.1954E-03 0.1181E+02 0.1620E+06 0.5153E+01  9.964 0.0000 0.2000E-04 0.1000E+01
 515 0.1806E-02 0.1647E+04 0.1902E-03 0.1178E+02 0.1619E+06 0.5192E+01  9.952 0.0000 0.2000E-04 0.1000E+01
 520 0.1847E-02 0.1638E+04 0.1850E-03 0.1175E+02 0.1618E+06 0.5232E+01  9.939 0.0000 0.2000E-04 0.1000E+01
 525 0.1889E-02 0.1629E+04 0.1799E-03 0.1171E+02 0.1616E+06 0.5272E+01  9.926 0.0000 0.2000E-04 0.1000E+01
 530 0.1932E-02 0.1620E+04 0.1749E-03 0.1168E+02 0.1615E+06 0.5312E+01  9.914 0.0000 0.2000E-04 0.1000E+01
 535 0.1976E-02 0.1611E+04 0.1700E-03 0.1164E+02 0.1614E+06 0.5352E+01  9.901 0.0000 0.2000E-04 0.1000E+01
 540 0.2021E-02 0.1601E+04 0.1651E-03 0.1161E+02 0.1612E+06 0.5392E+01  9.888 0.0000 0.2000E-04 0.1000E+01
 545 0.2068E-02 0.1592E+04 0.1603E-03 0.1158E+02 0.1611E+06 0.5432E+01  9.876 0.0000 0.2000E-04 0.1000E+01
 550 0.2116E-02 0.1582E+04 0.1554E-03 0.1155E+02 0.1609E+06 0.5472E+01  9.863 0.0000 0.2000E-04 0.1000E+01
 555 0.2166E-02 0.1572E+04 0.1507E-03 0.1151E+02 0.1608E+06 0.5513E+01  9.850 0.0000 0.2000E-04 0.1000E+01
 560 0.2217E-02 0.1562E+04 0.1461E-03 0.1148E+02 0.1606E+06 0.5554E+01  9.838 0.0000 0.2000E-04 0.1000E+01
 565 0.2269E-02 0.1552E+04 0.1416E-03 0.1145E+02 0.1605E+06 0.5595E+01  9.825 0.0000 0.2000E-04 0.1000E+01
 570 0.2323E-02 0.1542E+04 0.1373E-03 0.1142E+02 0.1603E+06 0.5636E+01  9.813 0.0000 0.2000E-04 0.1000E+01
 575 0.2379E-02 0.1532E+04 0.1332E-03 0.1139E+02 0.1601E+06 0.5677E+01  9.800 0.0000 0.2000E-04 0.1000E+01
 580 0.2436E-02 0.1523E+04 0.1291E-03 0.1136E+02 0.1600E+06 0.5718E+01  9.787 0.0000 0.2000E-04 0.1000E+01
 585 0.2495E-02 0.1513E+04 0.1252E-03 0.1133E+02 0.1598E+06 0.5759E+01  9.775 0.0000 0.2000E-04 0.1000E+01
 590 0.2556E-02 0.1503E+04 0.1214E-03 0.1129E+02 0.1596E+06 0.5801E+01  9.762 0.0000 0.2000E-04 0.1000E+01
 595 0.2618E-02 0.1494E+04 0.1177E-03 0.1126E+02 0.1594E+06 0.5843E+01  9.750 0.0000 0.2000E-04 0.1000E+01
 600 0.2683E-02 0.1484E+04 0.1141E-03 0.1123E+02 0.1592E+06 0.5885E+01  9.737 0.0000 0.2000E-04 0.1000E+01
 605 0.2749E-02 0.1475E+04 0.1107E-03 0.1121E+02 0.1590E+06 0.5927E+01  9.724 0.0000 0.2000E-04 0.1000E+01
 610 0.2817E-02 0.1466E+04 0.1074E-03 0.1118E+02 0.1588E+06 0.5969E+01  9.712 0.0000 0.2000E-04 0.1000E+01
 615 0.2887E-02 0.1457E+04 0.1042E-03 0.1115E+02 0.1586E+06 0.6011E+01  9.699 0.0000 0.2000E-04 0.1000E+01
 620 0.2959E-02 0.1448E+04 0.1012E-03 0.1112E+02 0.1584E+06 0.6054E+01  9.687 0.0000 0.2000E-04 0.1000E+01
 623 0.3000E-02 0.1443E+04 0.9961E-04 0.1110E+02 0.1583E+06 0.6077E+01  9.680 0.0000 0.2000E-04 0.1000E+01
 625 0.3030E-02 0.1440E+04 0.9848E-04 0.1109E+02 0.1582E+06 0.6094E+01  9.675 0.0000 0.2000E-04 0.1000E+01
 630 0.3106E-02 0.1432E+04 0.9577E-04 0.1106E+02 0.1580E+06 0.6137E+01  9.662 0.0000 0.2000E-04 0.1000E+01
 635 0.3184E-02 0.1424E+04 0.9315E-04 0.1103E+02 0.1578E+06 0.6180E+01  9.650 0.0000 0.2000E-04 0.1000E+01
 640 0.3263E-02 0.1416E+04 0.9069E-04 0.1101E+02 0.1576E+06 0.6223E+01  9.637 0.0000 0.2000E-04 0.1000E+01
 645 0.3345E-02 0.1409E+04 0.8839E-04 0.1098E+02 0.1573E+06 0.6266E+01  9.625 0.0000 0.2000E-04 0.1000E+01
 650 0.3429E-02 0.1402E+04 0.8622E-04 0.1095E+02 0.1571E+06 0.6310E+01  9.612 0.0000 0.2000E-04 0.1000E+01
 655 0.3515E-02 0.1395E+04 0.8416E-04 0.1092E+02 0.1569E+06 0.6353E+01  9.600 0.0000 0.2000E-04 0.1000E+01
 660 0.3602E-02 0.1389E+04 0.8219E-04 0.1090E+02 0.1566E+06 0.6397E+01  9.587 0.0000 0.2000E-04 0.1000E+01
 665 0.3692E-02 0.1382E+04 0.8030E-04 0.1087E+02 0.1564E+06 0.6441E+01  9.575 0.0000 0.2000E-04 0.1000E+01
 670 0.3783E-02 0.1376E+04 0.7848E-04 0.1084E+02 0.1561E+06 0.6485E+01  9.562 0.0000 0.2000E-04 0.1000E+01
 675 0.3877E-02 0.1370E+04 0.7672E-04 0.1081E+02 0.1559E+06 0.6529E+01  9.550 0.0000 0.2000E-04 0.1000E+01
 680 0.3972E-02 0.1364E+04 0.7502E-04 0.1079E+02 0.1556E+06 0.6574E+01  9.537 0.0000 0.2000E-04 0.1000E+01
 685 0.4070E-02 0.1358E+04 0.7336E-04 0.1076E+02 0.1554E+06 0.6618E+01  9.525 0.0000 0.2000E-04 0.1000E+01
 690 0.4169E-02 0.1352E+04 0.7174E-04 0.1074E+02 0.1551E+06 0.6662E+01  9.512 0.0000 0.2000E-04 0.1000E+01
 695 0.4270E-02 0.1346E+04 0.7016E-04 0.1071E+02 0.1548E+06 0.6707E+01  9.500 0.0000 0.2000E-04 0.1000E+01
 700 0.4374E-02 0.1340E+04 0.6862E-04 0.1069E+02 0.1546E+06 0.6752E+01  9.487 0.0000 0.2000E-04 0.1000E+01
 705 0.4479E-02 0.1334E+04 0.6708E-04 0.1066E+02 0.1543E+06 0.6797E+01  9.475 0.0000 0.2000E-04 0.1000E+01
 710 0.4587E-02 0.1328E+04 0.6555E-04 0.1063E+02 0.1540E+06 0.6842E+01  9.462 0.0000 0.2000E-04 0.1000E+01
 715 0.4697E-02 0.1322E+04 0.6405E-04 0.1061E+02 0.1537E+06 0.6887E+01  9.450 0.0000 0.2000E-04 0.1000E+01
 720 0.4809E-02 0.1316E+04 0.6259E-04 0.1058E+02 0.1534E+06 0.6933E+01  9.437 0.0000 0.2000E-04 0.1000E+01
 725 0.4924E-02 0.1310E+04 0.6116E-04 0.1056E+02 0.1532E+06 0.6978E+01  9.425 0.0000 0.2000E-04 0.1000E+01
 730 0.5041E-02 0.1304E+04 0.5976E-04 0.1054E+02 0.1529E+06 0.7024E+01  9.412 0.0000 0.2000E-04 0.1000E+01
 735 0.5161E-02 0.1298E+04 0.5838E-04 0.1051E+02 0.1526E+06 0.7070E+01  9.400 0.0000 0.2000E-04 0.1000E+01
 740 0.5283E-02 0.1292E+04 0.5703E-04 0.1049E+02 0.1523E+06 0.7115E+01  9.387 0.0000 0.2000E-04 0.1000E+01
 745 0.5408E-02 0.1286E+04 0.5570E-04 0.1046E+02 0.1520E+06 0.7161E+01  9.375 0.0000 0.2000E-04 0.1000E+01
 750 0.5535E-02 0.1279E+04 0.5439E-04 0.1044E+02 0.1516E+06 0.7208E+01  9.362 0.0000 0.2000E-04 0.1000E+01
 755 0.5665E-02 0.1273E+04 0.5311E-04 0.1042E+02 0.1513E+06 0.7254E+01  9.350 0.0000 0.2000E-04 0.1000E+01
 760 0.5799E-02 0.1267E+04 0.5184E-04 0.1039E+02 0.1510E+06 0.7300E+01  9.337 0.0000 0.2000E-04 0.1000E+01
 765 0.5935E-02 0.1261E+04 0.5060E-04 0.1037E+02 0.1507E+06 0.7347E+01  9.325 0.0000 0.2000E-04 0.1000E+01
 770 0.6074E-02 0.1254E+04 0.4935E-04 0.1035E+02 0.1504E+06 0.7393E+01  9.313 0.0000 0.2000E-04 0.1000E+01
 775 0.6217E-02 0.1248E+04 0.4813E-04 0.1033E+02 0.1500E+06 0.7440E+01  9.300 0.0000 0.2000E-04 0.1000E+01
 780 0.6363E-02 0.1241E+04 0.4693E-04 0.1030E+02 0.1497E+06 0.7487E+01  9.288 0.0000 0.2000E-04 0.1000E+01
 785 0.6512E-02 0.1235E+04 0.4575E-04 0.1028E+02 0.1494E+06 0.7534E+01  9.275 0.0000 0.2000E-04 0.1000E+01
 790 0.6665E-02 0.1228E+04 0.4461E-04 0.1026E+02 0.1490E+06 0.7581E+01  9.263 0.0000 0.2000E-04 0.1000E+01
 795 0.6821E-02 0.1222E+04 0.4348E-04 0.1024E+02 0.1487E+06 0.7629E+01  9.250 0.0000 0.2000E-04 0.1000E+01
 800 0.6981E-02 0.1215E+04 0.4237E-04 0.1021E+02 0.1483E+06 0.7676E+01  9.238 0.0000 0.2000E-04 0.1000E+01
 805 0.7145E-02 0.1209E+04 0.4128E-04 0.1019E+02 0.1480E+06 0.7724E+01  9.225 0.0000 0.2000E-04 0.1000E+01
 810 0.7313E-02 0.1202E+04 0.4022E-04 0.1017E+02 0.1476E+06 0.7771E+01  9.213 0.0000 0.2000E-04 0.1000E+01
 815 0.7485E-02 0.1195E+04 0.3917E-04 0.1015E+02 0.1473E+06 0.7819E+01  9.201 0.0000 0.2000E-04 0.1000E+01
 820 0.7661E-02 0.1189E+04 0.3815E-04 0.1013E+02 0.1469E+06 0.7867E+01  9.188 0.0000 0.2000E-04 0.1000E+01
 825 0.7841E-02 0.1182E+04 0.3714E-04 0.1011E+02 0.1466E+06 0.7915E+01  9.176 0.0000 0.2000E-04 0.1000E+01
 830 0.8026E-02 0.1175E+04 0.3614E-04 0.1009E+02 0.1462E+06 0.7963E+01  9.163 0.0000 0.2000E-04 0.1000E+01
 835 0.8215E-02 0.1169E+04 0.3517E-04 0.1006E+02 0.1458E+06 0.8011E+01  9.151 0.0000 0.2000E-04 0.1000E+01
 840 0.8409E-02 0.1162E+04 0.3423E-04 0.1004E+02 0.1455E+06 0.8060E+01  9.138 0.0000 0.2000E-04 0.1000E+01
 845 0.8608E-02 0.1155E+04 0.3330E-04 0.1002E+02 0.1451E+06 0.8108E+01  9.126 0.0000 0.2000E-04 0.1000E+01
 850 0.8812E-02 0.1148E+04 0.3240E-04 0.1000E+02 0.1447E+06 0.8157E+01  9.114 0.0000 0.2000E-04 0.1000E+01
 855 0.9021E-02 0.1142E+04 0.3152E-04 0.9983E+01 0.1443E+06 0.8205E+01  9.101 0.0000 0.2000E-04 0.1000E+01
 860 0.9235E-02 0.1135E+04 0.3066E-04 0.9963E+01 0.1439E+06 0.8254E+01  9.089 0.0000 0.2000E-04 0.1000E+01
 865 0.9456E-02 0.1128E+04 0.2981E-04 0.9943E+01 0.1435E+06 0.8303E+01  9.076 0.0000 0.2000E-04 0.1000E+01
 870 0.9682E-02 0.1121E+04 0.2899E-04 0.9923E+01 0.1431E+06 0.8352E+01  9.064 0.0000 0.2000E-04 0.1000E+01
 875 0.9913E-02 0.1115E+04 0.2819E-04 0.9903E+01 0.1428E+06 0.8401E+01  9.052 0.0000 0.2000E-04 0.1000E+01
 880 0.1015E-01 0.1108E+04 0.2740E-04 0.9884E+01 0.1424E+06 0.8450E+01  9.039 0.0000 0.2000E-04 0.1000E+01
 885 0.1040E-01 0.1101E+04 0.2663E-04 0.9864E+01 0.1420E+06 0.8500E+01  9.027 0.0000 0.2000E-04 0.1000E+01
 890 0.1065E-01 0.1094E+04 0.2588E-04 0.9845E+01 0.1415E+06 0.8549E+01  9.014 0.0000 0.2000E-04 0.1000E+01
 895 0.1090E-01 0.1087E+04 0.2514E-04 0.9826E+01 0.1411E+06 0.8599E+01  9.002 0.0000 0.2000E-04 0.1000E+01
 900 0.1117E-01 0.1081E+04 0.2443E-04 0.9807E+01 0.1407E+06 0.8648E+01  8.990 0.0000 0.2000E-04 0.1000E+01
 905 0.1144E-01 0.1074E+04 0.2373E-04 0.9788E+01 0.1403E+06 0.8698E+01  8.977 0.0000 0.2000E-04 0.1000E+01
 910 0.1172E-01 0.1067E+04 0.2306E-04 0.9769E+01 0.1399E+06 0.8748E+01  8.965 0.0000 0.2000E-04 0.1000E+01
 915 0.1200E-01 0.1060E+04 0.2239E-04 0.9751E+01 0.1395E+06 0.8798E+01  8.952 0.0000 0.2000E-04 0.1000E+01
 920 0.1229E-01 0.1054E+04 0.2175E-04 0.9732E+01 0.1391E+06 0.8847E+01  8.940 0.0000 0.2000E-04 0.1000E+01
 925 0.1259E-01 0.1047E+04 0.2112E-04 0.9714E+01 0.1386E+06 0.8897E+01  8.928 0.0000 0.2000E-04 0.1000E+01
 930 0.1290E-01 0.1040E+04 0.2050E-04 0.9696E+01 0.1382E+06 0.8948E+01  8.915 0.0000 0.2000E-04 0.1000E+01
 935 0.1322E-01 0.1034E+04 0.1990E-04 0.9678E+01 0.1378E+06 0.8998E+01  8.903 0.0000 0.2000E-04 0.1000E+01
 940 0.1355E-01 0.1027E+04 0.1932E-04 0.9660E+01 0.1374E+06 0.9048E+01  8.890 0.0000 0.2000E-04 0.1000E+01
 945 0.1388E-01 0.1020E+04 0.1875E-04 0.9642E+01 0.1369E+06 0.9098E+01  8.878 0.0000 0.2000E-04 0.1000E+01
 950 0.1422E-01 0.1014E+04 0.1820E-04 0.9624E+01 0.1365E+06 0.9149E+01  8.866 0.0000 0.2000E-04 0.1000E+01
 955 0.1458E-01 0.1007E+04 0.1767E-04 0.9607E+01 0.1361E+06 0.9199E+01  8.853 0.0000 0.2000E-04 0.1000E+01
 960 0.1494E-01 0.1000E+04 0.1714E-04 0.9589E+01 0.1356E+06 0.9250E+01  8.841 0.0000 0.2000E-04 0.1000E+01
 965 0.1531E-01 0.9937E+03 0.1663E-04 0.9572E+01 0.1352E+06 0.9300E+01  8.829 0.0000 0.2000E-04 0.1000E+01
 970 0.1570E-01 0.9870E+03 0.1614E-04 0.9554E+01 0.1347E+06 0.9351E+01  8.816 0.0000 0.2000E-04 0.1000E+01
 975 0.1609E-01 0.9804E+03 0.1565E-04 0.9537E+01 0.1343E+06 0.9401E+01  8.804 0.0000 0.2000E-04 0.1000E+01
 980 0.1649E-01 0.9739E+03 0.1518E-04 0.9520E+01 0.1338E+06 0.9452E+01  8.791 0.0000 0.2000E-04 0.1000E+01
 985 0.1691E-01 0.9673E+03 0.1473E-04 0.9503E+01 0.1334E+06 0.9503E+01  8.779 0.0000 0.2000E-04 0.1000E+01
 990 0.1734E-01 0.9607E+03 0.1428E-04 0.9487E+01 0.1329E+06 0.9554E+01  8.767 0.0000 0.2000E-04 0.1000E+01
 995 0.1778E-01 0.9542E+03 0.1384E-04 0.9470E+01 0.1325E+06 0.9605E+01  8.754 0.0000 0.2000E-04 0.1000E+01
1000 0.1823E-01 0.9476E+03 0.1342E-04 0.9453E+01 0.1320E+06 0.9656E+01  8.742 0.0000 0.2000E-04 0.1000E+01
1005 0.1870E-01 0.9410E+03 0.1301E-04 0.9437E+01 0.1316E+06 0.9707E+01  8.730 0.0000 0.2000E-04 0.1000E+01
1010 0.1918E-01 0.9344E+03 0.1260E-04 0.9420E+01 0.1311E+06 0.9758E+01  8.717 0.0000 0.2000E-04 0.1000E+01
1015 0.1967E-01 0.9278E+03 0.1221E-04 0.9404E+01 0.1306E+06 0.9809E+01  8.705 0.0000 0.2000E-04 0.1000E+01
1020 0.2018E-01 0.9211E+03 0.1182E-04 0.9388E+01 0.1302E+06 0.9860E+01  8.692 0.0000 0.2000E-04 0.1000E+01
1025 0.2070E-01 0.9145E+03 0.1144E-04 0.9372E+01 0.1297E+06 0.9912E+01  8.680 0.0000 0.2000E-04 0.1000E+01
1030 0.2124E-01 0.9078E+03 0.1107E-04 0.9356E+01 0.1292E+06 0.9963E+01  8.668 0.0000 0.2000E-04 0.1000E+01
1035 0.2179E-01 0.9012E+03 0.1072E-04 0.9340E+01 0.1288E+06 0.1001E+02  8.655 0.0000 0.2000E-04 0.1000E+01
1040 0.2236E-01 0.8946E+03 0.1037E-04 0.9324E+01 0.1283E+06 0.1007E+02  8.643 0.0000 0.2000E-04 0.1000E+01
1045 0.2295E-01 0.8880E+03 0.1003E-04 0.9309E+01 0.1278E+06 0.1012E+02  8.631 0.0000 0.2000E-04 0.1000E+01
1050 0.2355E-01 0.8814E+03 0.9708E-05 0.9293E+01 0.1274E+06 0.1017E+02  8.618 0.0000 0.2000E-04 0.1000E+01
1055 0.2418E-01 0.8748E+03 0.9390E-05 0.9278E+01 0.1269E+06 0.1022E+02  8.606 0.0000 0.2000E-04 0.1000E+01
1060 0.2482E-01 0.8683E+03 0.9082E-05 0.9263E+01 0.1264E+06 0.1027E+02  8.594 0.0000 0.2000E-04 0.1000E+01
1065 0.2548E-01 0.8617E+03 0.8782E-05 0.9247E+01 0.1259E+06 0.1032E+02  8.581 0.0000 0.2000E-04 0.1000E+01
1070 0.2616E-01 0.8552E+03 0.8491E-05 0.9232E+01 0.1255E+06 0.1037E+02  8.569 0.0000 0.2000E-04 0.1000E+01
1075 0.2687E-01 0.8487E+03 0.8209E-05 0.9217E+01 0.1250E+06 0.1042E+02  8.557 0.0000 0.2000E-04 0.1000E+01
1080 0.2759E-01 0.8422E+03 0.7935E-05 0.9202E+01 0.1245E+06 0.1048E+02  8.544 0.0000 0.2000E-04 0.1000E+01
1085 0.2834E-01 0.8358E+03 0.7671E-05 0.9188E+01 0.1240E+06 0.1053E+02  8.532 0.0000 0.2000E-04 0.1000E+01
1090 0.2911E-01 0.8293E+03 0.7414E-05 0.9173E+01 0.1236E+06 0.1058E+02  8.520 0.0000 0.2000E-04 0.1000E+01
1095 0.2991E-01 0.8229E+03 0.7164E-05 0.9158E+01 0.1231E+06 0.1063E+02  8.507 0.0000 0.2000E-04 0.1000E+01
1100 0.3073E-01 0.8166E+03 0.6922E-05 0.9144E+01 0.1226E+06 0.1068E+02  8.495 0.0000 0.2000E-04 0.1000E+01
1105 0.3158E-01 0.8102E+03 0.6688E-05 0.9129E+01 0.1221E+06 0.1073E+02  8.483 0.0000 0.2000E-04 0.1000E+01
1110 0.3245E-01 0.8038E+03 0.6460E-05 0.9115E+01 0.1216E+06 0.1078E+02  8.470 0.0000 0.2000E-04 0.1000E+01
1115 0.3335E-01 0.7974E+03 0.6237E-05 0.9100E+01 0.1212E+06 0.1083E+02  8.458 0.0000 0.2000E-04 0.1000E+01
1120 0.3428E-01 0.7911E+03 0.6022E-05 0.9086E+01 0.1207E+06 0.1089E+02  8.445 0.0000 0.2000E-04 0.1000E+01
1125 0.3524E-01 0.7847E+03 0.5813E-05 0.9072E+01 0.1202E+06 0.1094E+02  8.433 0.0000 0.2000E-04 0.1000E+01
1130 0.3623E-01 0.7784E+03 0.5610E-05 0.9058E+01 0.1197E+06 0.1099E+02  8.421 0.0000 0.2000E-04 0.1000E+01
1135 0.3726E-01 0.7721E+03 0.5414E-05 0.9044E+01 0.1192E+06 0.1104E+02  8.408 0.0000 0.2000E-04 0.1000E+01
1140 0.3831E-01 0.7658E+03 0.5223E-05 0.9030E+01 0.1187E+06 0.1109E+02  8.396 0.0000 0.2000E-04 0.1000E+01
1145 0.3940E-01 0.7595E+03 0.5038E-05 0.9016E+01 0.1182E+06 0.1114E+02  8.384 0.0000 0.2000E-04 0.1000E+01
1150 0.4053E-01 0.7532E+03 0.4858E-05 0.9003E+01 0.1178E+06 0.1119E+02  8.371 0.0000 0.2000E-04 0.1000E+01
1155 0.4169E-01 0.7469E+03 0.4684E-05 0.8989E+01 0.1173E+06 0.1124E+02  8.359 0.0000 0.2000E-04 0.1000E+01
1160 0.4289E-01 0.7406E+03 0.4515E-05 0.8976E+01 0.1168E+06 0.1129E+02  8.347 0.0000 0.2000E-04 0.1000E+01
1165 0.4414E-01 0.7344E+03 0.4351E-05 0.8962E+01 0.1163E+06 0.1134E+02  8.335 0.0000 0.2000E-04 0.1000E+01
1170 0.4542E-01 0.7281E+03 0.4192E-05 0.8949E+01 0.1158E+06 0.1140E+02  8.322 0.0000 0.2000E-04 0.1000E+01
1175 0.4675E-01 0.7219E+03 0.4039E-05 0.8936E+01 0.1153E+06 0.1145E+02  8.310 0.0000 0.2000E-04 0.1000E+01
1180 0.4812E-01 0.7157E+03 0.3890E-05 0.8922E+01 0.1148E+06 0.1150E+02  8.298 0.0000 0.2000E-04 0.1000E+01
1185 0.4954E-01 0.7095E+03 0.3747E-05 0.8909E+01 0.1144E+06 0.1155E+02  8.285 0.0000 0.2000E-04 0.1000E+01
1187 0.5000E-01 0.7076E+03 0.3702E-05 0.8905E+01 0.1142E+06 0.1156E+02  8.281 0.0000 0.2000E-04 0.1000E+01
1190 0.5088E-01 0.7039E+03 0.3619E-05 0.8897E+01 0.1139E+06 0.1159E+02  8.274 0.0000 0.2000E-04 0.1000E+01
1195 0.5240E-01 0.6978E+03 0.3485E-05 0.8884E+01 0.1134E+06 0.1164E+02  8.262 0.0000 0.2000E-04 0.1000E+01
1200 0.5397E-01 0.6917E+03 0.3355E-05 0.8872E+01 0.1129E+06 0.1169E+02  8.249 0.0000 0.2000E-04 0.1000E+01
1205 0.5559E-01 0.6856E+03 0.3229E-05 0.8859E+01 0.1125E+06 0.1175E+02  8.237 0.0000 0.2000E-04 0.1000E+01
1210 0.5727E-01 0.6795E+03 0.3107E-05 0.8846E+01 0.1120E+06 0.1180E+02  8.225 0.0000 0.2000E-04 0.1000E+01
1215 0.5901E-01 0.6735E+03 0.2990E-05 0.8833E+01 0.1115E+06 0.1185E+02  8.213 0.0000 0.2000E-04 0.1000E+01
1220 0.6080E-01 0.6675E+03 0.2877E-05 0.8821E+01 0.1110E+06 0.1190E+02  8.200 0.0000 0.2000E-04 0.1000E+01
1225 0.6267E-01 0.6615E+03 0.2767E-05 0.8808E+01 0.1105E+06 0.1195E+02  8.188 0.0000 0.2000E-04 0.1000E+01
1230 0.6459E-01 0.6556E+03 0.2662E-05 0.8796E+01 0.1100E+06 0.1200E+02  8.176 0.0000 0.2000E-04 0.1000E+01
1235 0.6659E-01 0.6497E+03 0.2560E-05 0.8783E+01 0.1096E+06 0.1205E+02  8.163 0.0000 0.2000E-04 0.1000E+01
1240 0.6866E-01 0.6438E+03 0.2462E-05 0.8771E+01 0.1091E+06 0.1210E+02  8.151 0.0000 0.2000E-04 0.1000E+01
1244 0.7000E-01 0.6401E+03 0.2402E-05 0.8764E+01 0.1088E+06 0.1213E+02  8.143 0.0000 0.2000E-04 0.1000E+01
1245 0.7043E-01 0.6390E+03 0.2383E-05 0.8761E+01 0.1087E+06 0.1214E+02  8.141 0.0000 0.2000E-04 0.1000E+01
1250 0.7263E-01 0.6332E+03 0.2291E-05 0.8749E+01 0.1082E+06 0.1219E+02  8.129 0.0000 0.2000E-04 0.1000E+01
1255 0.7492E-01 0.6274E+03 0.2203E-05 0.8737E+01 0.1077E+06 0.1224E+02  8.116 0.0000 0.2000E-04 0.1000E+01
1260 0.7728E-01 0.6217E+03 0.2118E-05 0.8725E+01 0.1072E+06 0.1229E+02  8.104 0.0000 0.2000E-04 0.1000E+01
1265 0.7973E-01 0.6160E+03 0.2036E-05 0.8713E+01 0.1067E+06 0.1234E+02  8.092 0.0000 0.2000E-04 0.1000E+01
1270 0.8226E-01 0.6103E+03 0.1957E-05 0.8701E+01 0.1063E+06 0.1239E+02  8.080 0.0000 0.2000E-04 0.1000E+01
1275 0.8489E-01 0.6047E+03 0.1880E-05 0.8689E+01 0.1058E+06 0.1244E+02  8.067 0.0000 0.2000E-04 0.1000E+01
1280 0.8761E-01 0.5991E+03 0.1807E-05 0.8678E+01 0.1053E+06 0.1248E+02  8.055 0.0000 0.2000E-04 0.1000E+01
1285 0.9043E-01 0.5936E+03 0.1737E-05 0.8666E+01 0.1048E+06 0.1253E+02  8.043 0.0000 0.2000E-04 0.1000E+01
1290 0.9335E-01 0.5881E+03 0.1669E-05 0.8655E+01 0.1043E+06 0.1258E+02  8.031 0.0000 0.2000E-04 0.1000E+01
1295 0.9638E-01 0.5827E+03 0.1604E-05 0.8643E+01 0.1039E+06 0.1263E+02  8.018 0.0000 0.2000E-04 0.1000E+01
1300 0.9951E-01 0.5773E+03 0.1541E-05 0.8632E+01 0.1034E+06 0.1268E+02  8.006 0.0000 0.2000E-04 0.1000E+01
1301 0.1000E+00 0.5765E+03 0.1532E-05 0.8630E+01 0.1033E+06 0.1269E+02  8.004 0.0000 0.2000E-04 0.1000E+01
1305 0.1026E+00 0.5722E+03 0.1484E-05 0.8621E+01 0.1029E+06 0.1273E+02  7.995 0.0000 0.2000E-04 0.1000E+01
1310 0.1060E+00 0.5669E+03 0.1426E-05 0.8610E+01 0.1025E+06 0.1278E+02  7.982 0.0000 0.2000E-04 0.1000E+01
1315 0.1094E+00 0.5616E+03 0.1370E-05 0.8598E+01 0.1020E+06 0.1282E+02  7.970 0.0000 0.2000E-04 0.1000E+01
1320 0.1130E+00 0.5564E+03 0.1316E-05 0.8587E+01 0.1015E+06 0.1287E+02  7.958 0.0000 0.2000E-04 0.1000E+01
1325 0.1168E+00 0.5512E+03 0.1265E-05 0.8576E+01 0.1010E+06 0.1292E+02  7.946 0.0000 0.2000E-04 0.1000E+01
1330 0.1206E+00 0.5461E+03 0.1215E-05 0.8565E+01 0.1006E+06 0.1297E+02  7.933 0.0000 0.2000E-04 0.1000E+01
1335 0.1246E+00 0.5410E+03 0.1168E-05 0.8554E+01 0.1001E+06 0.1302E+02  7.921 0.0000 0.2000E-04 0.1000E+01
1340 0.1288E+00 0.5360E+03 0.1122E-05 0.8544E+01 0.9962E+05 0.1307E+02  7.909 0.0000 0.2000E-04 0.1000E+01
1345 0.1331E+00 0.5310E+03 0.1078E-05 0.8533E+01 0.9915E+05 0.1311E+02  7.897 0.0000 0.2000E-04 0.1000E+01
1350 0.1375E+00 0.5261E+03 0.1036E-05 0.8522E+01 0.9868E+05 0.1316E+02  7.885 0.0000 0.2000E-04 0.1000E+01
1355 0.1421E+00 0.5212E+03 0.9959E-06 0.8511E+01 0.9822E+05 0.1321E+02  7.873 0.0000 0.2000E-04 0.1000E+01
1360 0.1468E+00 0.5164E+03 0.9572E-06 0.8501E+01 0.9775E+05 0.1326E+02  7.860 0.0000 0.2000E-04 0.1000E+01
1364 0.1500E+00 0.5133E+03 0.9330E-06 0.8494E+01 0.9745E+05 0.1329E+02  7.853 0.0000 0.2000E-04 0.1000E+01
1365 0.1510E+00 0.5124E+03 0.9257E-06 0.8492E+01 0.9736E+05 0.1330E+02  7.850 0.0000 0.2000E-04 0.1000E+01
1370 0.1561E+00 0.5076E+03 0.8897E-06 0.8482E+01 0.9690E+05 0.1334E+02  7.838 0.0000 0.2000E-04 0.1000E+01
1375 0.1613E+00 0.5029E+03 0.8550E-06 0.8471E+01 0.9643E+05 0.1339E+02  7.826 0.0000 0.2000E-04 0.1000E+01
1380 0.1667E+00 0.4982E+03 0.8216E-06 0.8461E+01 0.9597E+05 0.1344E+02  7.814 0.0000 0.2000E-04 0.1000E+01
1385 0.1724E+00 0.4936E+03 0.7895E-06 0.8451E+01 0.9551E+05 0.1348E+02  7.802 0.0000 0.2000E-04 0.1000E+01
1390 0.1782E+00 0.4890E+03 0.7584E-06 0.8441E+01 0.9505E+05 0.1353E+02  7.789 0.0000 0.2000E-04 0.1000E+01
1395 0.1842E+00 0.4843E+03 0.7284E-06 0.8431E+01 0.9460E+05 0.1358E+02  7.777 0.0000 0.2000E-04 0.1000E+01
1400 0.1905E+00 0.4797E+03 0.6995E-06 0.8420E+01 0.9414E+05 0.1362E+02  7.765 0.0000 0.2000E-04 0.1000E+01
1405 0.1970E+00 0.4752E+03 0.6717E-06 0.8410E+01 0.9368E+05 0.1367E+02  7.753 0.0000 0.2000E-04 0.1000E+01
1408 0.2000E+00 0.4731E+03 0.6594E-06 0.8406E+01 0.9348E+05 0.1369E+02  7.748 0.0000 0.2000E-04 0.1000E+01
1410 0.2027E+00 0.4713E+03 0.6487E-06 0.8402E+01 0.9330E+05 0.1371E+02  7.743 0.0000 0.2000E-04 0.1000E+01
1415 0.2096E+00 0.4668E+03 0.6228E-06 0.8392E+01 0.9284E+05 0.1376E+02  7.731 0.0000 0.2000E-04 0.1000E+01
1420 0.2168E+00 0.4623E+03 0.5979E-06 0.8382E+01 0.9239E+05 0.1380E+02  7.719 0.0000 0.2000E-04 0.1000E+01
1425 0.2242E+00 0.4579E+03 0.5740E-06 0.8373E+01 0.9194E+05 0.1385E+02  7.707 0.0000 0.2000E-04 0.1000E+01
1430 0.2319E+00 0.4535E+03 0.5511E-06 0.8363E+01 0.9149E+05 0.1389E+02  7.695 0.0000 0.2000E-04 0.1000E+01
1435 0.2398E+00 0.4492E+03 0.5290E-06 0.8354E+01 0.9105E+05 0.1394E+02  7.682 0.0000 0.2000E-04 0.1000E+01
1440 0.2481E+00 0.4449E+03 0.5079E-06 0.8344E+01 0.9060E+05 0.1398E+02  7.670 0.0000 0.2000E-04 0.1000E+01
1442 0.2500E+00 0.4439E+03 0.5032E-06 0.8342E+01 0.9050E+05 0.1399E+02  7.668 0.0000 0.2000E-04 0.1000E+01
1445 0.2551E+00 0.4413E+03 0.4910E-06 0.8336E+01 0.9023E+05 0.1402E+02  7.660 0.0000 0.2000E-04 0.1000E+01
1450 0.2639E+00 0.4371E+03 0.4715E-06 0.8327E+01 0.8979E+05 0.1407E+02  7.648 0.0000 0.2000E-04 0.1000E+01
1455 0.2730E+00 0.4330E+03 0.4527E-06 0.8318E+01 0.8935E+05 0.1411E+02  7.636 0.0000 0.2000E-04 0.1000E+01
1460 0.2824E+00 0.4288E+03 0.4348E-06 0.8308E+01 0.8891E+05 0.1416E+02  7.624 0.0000 0.2000E-04 0.1000E+01
1465 0.2922E+00 0.4248E+03 0.4176E-06 0.8299E+01 0.8847E+05 0.1420E+02  7.612 0.0000 0.2000E-04 0.1000E+01
1469 0.3000E+00 0.4217E+03 0.4048E-06 0.8292E+01 0.8813E+05 0.1424E+02  7.603 0.0000 0.2000E-04 0.1000E+01
1470 0.3020E+00 0.4209E+03 0.4016E-06 0.8290E+01 0.8804E+05 0.1424E+02  7.601 0.0000 0.2000E-04 0.1000E+01
1475 0.3125E+00 0.4169E+03 0.3858E-06 0.8281E+01 0.8760E+05 0.1429E+02  7.589 0.0000 0.2000E-04 0.1000E+01
1480 0.3233E+00 0.4130E+03 0.3706E-06 0.8272E+01 0.8717E+05 0.1433E+02  7.577 0.0000 0.2000E-04 0.1000E+01
1485 0.3345E+00 0.4091E+03 0.3561E-06 0.8263E+01 0.8673E+05 0.1438E+02  7.565 0.0000 0.2000E-04 0.1000E+01
1490 0.3461E+00 0.4052E+03 0.3421E-06 0.8254E+01 0.8630E+05 0.1442E+02  7.553 0.0000 0.2000E-04 0.1000E+01
1492 0.3500E+00 0.4039E+03 0.3376E-06 0.8251E+01 0.8615E+05 0.1444E+02  7.549 0.0000 0.2000E-04 0.1000E+01
1495 0.3572E+00 0.4016E+03 0.3296E-06 0.8246E+01 0.8590E+05 0.1446E+02  7.542 0.0000 0.2000E-04 0.1000E+01
1500 0.3696E+00 0.3979E+03 0.3166E-06 0.8237E+01 0.8546E+05 0.1451E+02  7.530 0.0000 0.2000E-04 0.1000E+01
1505 0.3824E+00 0.3941E+03 0.3042E-06 0.8229E+01 0.8504E+05 0.1455E+02  7.518 0.0000 0.2000E-04 0.1000E+01
1510 0.3956E+00 0.3904E+03 0.2923E-06 0.8220E+01 0.8461E+05 0.1459E+02  7.506 0.0000 0.2000E-04 0.1000E+01
1512 0.4000E+00 0.3892E+03 0.2885E-06 0.8217E+01 0.8447E+05 0.1461E+02  7.502 0.0000 0.2000E-04 0.1000E+01
1515 0.4082E+00 0.3870E+03 0.2817E-06 0.8212E+01 0.8421E+05 0.1463E+02  7.495 0.0000 0.2000E-04 0.1000E+01
1520 0.4223E+00 0.3833E+03 0.2707E-06 0.8203E+01 0.8379E+05 0.1467E+02  7.483 0.0000 0.2000E-04 0.1000E+01
1525 0.4369E+00 0.3798E+03 0.2601E-06 0.8195E+01 0.8336E+05 0.1472E+02  7.472 0.0000 0.2000E-04 0.1000E+01
1530 0.4500E+00 0.3767E+03 0.2513E-06 0.8188E+01 0.8300E+05 0.1475E+02  7.461 0.0000 0.2000E-04 0.1000E+01
1530 0.4500E+00 0.3767E+03 0.2513E-06 0.8188E+01 0.8300E+05 0.1475E+02  7.461 0.0000 0.2000E-04 0.1000E+01
1535 0.4655E+00 0.3731E+03 0.2415E-06 0.8179E+01 0.8258E+05 0.1480E+02  7.450 0.0000 0.2000E-04 0.1000E+01
1540 0.4816E+00 0.3696E+03 0.2320E-06 0.8171E+01 0.8216E+05 0.1484E+02  7.438 0.0000 0.2000E-04 0.1000E+01
1545 0.4982E+00 0.3661E+03 0.2229E-06 0.8163E+01 0.8174E+05 0.1488E+02  7.426 0.0000 0.2000E-04 0.1000E+01
1546 0.5000E+00 0.3657E+03 0.2220E-06 0.8162E+01 0.8169E+05 0.1489E+02  7.425 0.0000 0.2000E-04 0.1000E+01
1550 0.5137E+00 0.3630E+03 0.2150E-06 0.8155E+01 0.8136E+05 0.1492E+02  7.415 0.0000 0.2000E-04 0.1000E+01
1555 0.5315E+00 0.3595E+03 0.2066E-06 0.8147E+01 0.8095E+05 0.1496E+02  7.404 0.0000 0.2000E-04 0.1000E+01
1560 0.5498E+00 0.3561E+03 0.1985E-06 0.8139E+01 0.8053E+05 0.1500E+02  7.392 0.0000 0.2000E-04 0.1000E+01
1561 0.5500E+00 0.3561E+03 0.1984E-06 0.8139E+01 0.8053E+05 0.1500E+02  7.392 0.0000 0.2000E-04 0.1000E+01
1565 0.5651E+00 0.3534E+03 0.1921E-06 0.8133E+01 0.8020E+05 0.1504E+02  7.382 0.0000 0.2000E-04 0.1000E+01
1570 0.5846E+00 0.3500E+03 0.1846E-06 0.8125E+01 0.7979E+05 0.1508E+02  7.371 0.0000 0.2000E-04 0.1000E+01
1574 0.6000E+00 0.3475E+03 0.1790E-06 0.8119E+01 0.7947E+05 0.1511E+02  7.362 0.0000 0.2000E-04 0.1000E+01
1575 0.6041E+00 0.3468E+03 0.1776E-06 0.8117E+01 0.7939E+05 0.1512E+02  7.359 0.0000 0.2000E-04 0.1000E+01
1580 0.6249E+00 0.3436E+03 0.1706E-06 0.8109E+01 0.7898E+05 0.1516E+02  7.348 0.0000 0.2000E-04 0.1000E+01
1585 0.6465E+00 0.3404E+03 0.1640E-06 0.8101E+01 0.7858E+05 0.1520E+02  7.336 0.0000 0.2000E-04 0.1000E+01
1586 0.6500E+00 0.3398E+03 0.1630E-06 0.8100E+01 0.7851E+05 0.1521E+02  7.334 0.0000 0.2000E-04 0.1000E+01
1590 0.6678E+00 0.3373E+03 0.1579E-06 0.8094E+01 0.7819E+05 0.1524E+02  7.325 0.0000 0.2000E-04 0.1000E+01
1595 0.6908E+00 0.3341E+03 0.1518E-06 0.8086E+01 0.7779E+05 0.1528E+02  7.313 0.0000 0.2000E-04 0.1000E+01
1597 0.7000E+00 0.3329E+03 0.1494E-06 0.8083E+01 0.7763E+05 0.1529E+02  7.309 0.0000 0.2000E-04 0.1000E+01
1600 0.7143E+00 0.3310E+03 0.1459E-06 0.8079E+01 0.7739E+05 0.1532E+02  7.302 0.0000 0.2000E-04 0.1000E+01
1605 0.7390E+00 0.3279E+03 0.1402E-06 0.8071E+01 0.7699E+05 0.1536E+02  7.290 0.0000 0.2000E-04 0.1000E+01
1608 0.7500E+00 0.3266E+03 0.1378E-06 0.8068E+01 0.7681E+05 0.1538E+02  7.285 0.0000 0.2000E-04 0.1000E+01
1610 0.7605E+00 0.3253E+03 0.1356E-06 0.8065E+01 0.7665E+05 0.1539E+02  7.280 0.0000 0.2000E-04 0.1000E+01
1615 0.7875E+00 0.3221E+03 0.1302E-06 0.8057E+01 0.7623E+05 0.1543E+02  7.268 0.0000 0.2000E-04 0.1000E+01
1618 0.8000E+00 0.3207E+03 0.1278E-06 0.8053E+01 0.7605E+05 0.1545E+02  7.263 0.0000 0.2000E-04 0.1000E+01
1620 0.8112E+00 0.3195E+03 0.1257E-06 0.8050E+01 0.7589E+05 0.1547E+02  7.258 0.0000 0.2000E-04 0.1000E+01
1625 0.8400E+00 0.3164E+03 0.1207E-06 0.8043E+01 0.7548E+05 0.1551E+02  7.246 0.0000 0.2000E-04 0.1000E+01
1627 0.8500E+00 0.3153E+03 0.1190E-06 0.8040E+01 0.7534E+05 0.1552E+02  7.242 0.0000 0.2000E-04 0.1000E+01
1630 0.8680E+00 0.3135E+03 0.1161E-06 0.8035E+01 0.7509E+05 0.1555E+02  7.235 0.0000 0.2000E-04 0.1000E+01
1635 0.8988E+00 0.3104E+03 0.1115E-06 0.8028E+01 0.7469E+05 0.1559E+02  7.223 0.0000 0.2000E-04 0.1000E+01
1636 0.9000E+00 0.3103E+03 0.1113E-06 0.8028E+01 0.7467E+05 0.1559E+02  7.222 0.0000 0.2000E-04 0.1000E+01
1640 0.9254E+00 0.3079E+03 0.1077E-06 0.8022E+01 0.7435E+05 0.1562E+02  7.213 0.0000 0.2000E-04 0.1000E+01
1644 0.9500E+00 0.3056E+03 0.1044E-06 0.8016E+01 0.7404E+05 0.1565E+02  7.204 0.0000 0.2000E-04 0.1000E+01
1645 0.9566E+00 0.3050E+03 0.1036E-06 0.8015E+01 0.7396E+05 0.1566E+02  7.201 0.0000 0.2000E-04 0.1000E+01
1650 0.9906E+00 0.3021E+03 0.9940E-07 0.8007E+01 0.7356E+05 0.1570E+02  7.190 0.0000 0.2000E-04 0.1000E+01
1652 0.1000E+01 0.3013E+03 0.9830E-07 0.8005E+01 0.7345E+05 0.1571E+02  7.186 0.0000 0.2000E-04 0.1000E+01
1655 0.1021E+01 0.2995E+03 0.9590E-07 0.8001E+01 0.7321E+05 0.1574E+02  7.179 0.0000 0.2000E-04 0.1000E+01
1660 0.1057E+01 0.2966E+03 0.9203E-07 0.7993E+01 0.7281E+05 0.1578E+02  7.167 0.0000 0.2000E-04 0.1000E+01
1665 0.1095E+01 0.2936E+03 0.8832E-07 0.7986E+01 0.7242E+05 0.1581E+02  7.155 0.0000 0.2000E-04 0.1000E+01
1670 0.1132E+01 0.2909E+03 0.8487E-07 0.7979E+01 0.7203E+05 0.1585E+02  7.144 0.0000 0.2000E-04 0.1000E+01
1675 0.1171E+01 0.2881E+03 0.8159E-07 0.7972E+01 0.7165E+05 0.1589E+02  7.133 0.0000 0.2000E-04 0.1000E+01
1680 0.1210E+01 0.2854E+03 0.7845E-07 0.7965E+01 0.7128E+05 0.1593E+02  7.121 0.0000 0.2000E-04 0.1000E+01
1685 0.1251E+01 0.2828E+03 0.7542E-07 0.7959E+01 0.7091E+05 0.1596E+02  7.110 0.0000 0.2000E-04 0.1000E+01
1690 0.1294E+01 0.2801E+03 0.7252E-07 0.7952E+01 0.7053E+05 0.1600E+02  7.099 0.0000 0.2000E-04 0.1000E+01
1695 0.1337E+01 0.2775E+03 0.6973E-07 0.7945E+01 0.7016E+05 0.1604E+02  7.087 0.0000 0.2000E-04 0.1000E+01
1700 0.1383E+01 0.2749E+03 0.6705E-07 0.7939E+01 0.6979E+05 0.1608E+02  7.076 0.0000 0.2000E-04 0.1000E+01
1705 0.1429E+01 0.2724E+03 0.6448E-07 0.7932E+01 0.6943E+05 0.1611E+02  7.065 0.0000 0.2000E-04 0.1000E+01
1710 0.1478E+01 0.2698E+03 0.6201E-07 0.7926E+01 0.6906E+05 0.1615E+02  7.054 0.0000 0.2000E-04 0.1000E+01
1713 0.1500E+01 0.2687E+03 0.6093E-07 0.7923E+01 0.6890E+05 0.1616E+02  7.049 0.0000 0.2000E-04 0.1000E+01
1715 0.1520E+01 0.2677E+03 0.5999E-07 0.7920E+01 0.6875E+05 0.1618E+02  7.044 0.0000 0.2000E-04 0.1000E+01
1720 0.1571E+01 0.2652E+03 0.5770E-07 0.7914E+01 0.6839E+05 0.1621E+02  7.033 0.0000 0.2000E-04 0.1000E+01
1725 0.1624E+01 0.2627E+03 0.5550E-07 0.7907E+01 0.6803E+05 0.1625E+02  7.022 0.0000 0.2000E-04 0.1000E+01
1730 0.1679E+01 0.2603E+03 0.5339E-07 0.7901E+01 0.6767E+05 0.1629E+02  7.011 0.0000 0.2000E-04 0.1000E+01
1735 0.1735E+01 0.2579E+03 0.5135E-07 0.7895E+01 0.6732E+05 0.1632E+02  6.999 0.0000 0.2000E-04 0.1000E+01
1740 0.1793E+01 0.2555E+03 0.4940E-07 0.7888E+01 0.6696E+05 0.1636E+02  6.988 0.0000 0.2000E-04 0.1000E+01
1745 0.1854E+01 0.2532E+03 0.4753E-07 0.7882E+01 0.6661E+05 0.1639E+02  6.977 0.0000 0.2000E-04 0.1000E+01
1750 0.1916E+01 0.2508E+03 0.4574E-07 0.7876E+01 0.6626E+05 0.1643E+02  6.966 0.0000 0.2000E-04 0.1000E+01
1755 0.1980E+01 0.2485E+03 0.4402E-07 0.7870E+01 0.6591E+05 0.1646E+02  6.955 0.0000 0.2000E-04 0.1000E+01
1757 0.2000E+01 0.2479E+03 0.4351E-07 0.7868E+01 0.6581E+05 0.1647E+02  6.951 0.0000 0.2000E-04 0.1000E+01
1760 0.2040E+01 0.2465E+03 0.4253E-07 0.7864E+01 0.6560E+05 0.1649E+02  6.945 0.0000 0.2000E-04 0.1000E+01
1765 0.2108E+01 0.2443E+03 0.4094E-07 0.7858E+01 0.6525E+05 0.1653E+02  6.934 0.0000 0.2000E-04 0.1000E+01
1770 0.2178E+01 0.2420E+03 0.3941E-07 0.7852E+01 0.6491E+05 0.1656E+02  6.923 0.0000 0.2000E-04 0.1000E+01
1775 0.2251E+01 0.2399E+03 0.3796E-07 0.7846E+01 0.6457E+05 0.1660E+02  6.912 0.0000 0.2000E-04 0.1000E+01
1780 0.2326E+01 0.2377E+03 0.3655E-07 0.7840E+01 0.6423E+05 0.1663E+02  6.901 0.0000 0.2000E-04 0.1000E+01
1785 0.2403E+01 0.2356E+03 0.3520E-07 0.7835E+01 0.6389E+05 0.1666E+02  6.890 0.0000 0.2000E-04 0.1000E+01
1790 0.2483E+01 0.2335E+03 0.3391E-07 0.7829E+01 0.6355E+05 0.1670E+02  6.879 0.0000 0.2000E-04 0.1000E+01
1792 0.2500E+01 0.2330E+03 0.3364E-07 0.7827E+01 0.6348E+05 0.1670E+02  6.876 0.0000 0.2000E-04 0.1000E+01
1795 0.2549E+01 0.2318E+03 0.3289E-07 0.7824E+01 0.6328E+05 0.1672E+02  6.870 0.0000 0.2000E-04 0.1000E+01
1800 0.2634E+01 0.2297E+03 0.3169E-07 0.7818E+01 0.6295E+05 0.1676E+02  6.859 0.0000 0.2000E-04 0.1000E+01
1805 0.2720E+01 0.2277E+03 0.3055E-07 0.7813E+01 0.6262E+05 0.1679E+02  6.848 0.0000 0.2000E-04 0.1000E+01
1810 0.2810E+01 0.2257E+03 0.2945E-07 0.7807E+01 0.6229E+05 0.1682E+02  6.837 0.0000 0.2000E-04 0.1000E+01
1815 0.2902E+01 0.2237E+03 0.2840E-07 0.7801E+01 0.6196E+05 0.1686E+02  6.826 0.0000 0.2000E-04 0.1000E+01
1820 0.2998E+01 0.2218E+03 0.2738E-07 0.7796E+01 0.6163E+05 0.1689E+02  6.815 0.0000 0.2000E-04 0.1000E+01
1821 0.3000E+01 0.2217E+03 0.2736E-07 0.7795E+01 0.6162E+05 0.1689E+02  6.814 0.0000 0.2000E-04 0.1000E+01
1825 0.3078E+01 0.2202E+03 0.2659E-07 0.7791E+01 0.6136E+05 0.1692E+02  6.806 0.0000 0.2000E-04 0.1000E+01
1830 0.3179E+01 0.2183E+03 0.2566E-07 0.7786E+01 0.6104E+05 0.1695E+02  6.795 0.0000 0.2000E-04 0.1000E+01
1835 0.3282E+01 0.2165E+03 0.2476E-07 0.7780E+01 0.6072E+05 0.1698E+02  6.784 0.0000 0.2000E-04 0.1000E+01
1840 0.3389E+01 0.2147E+03 0.2390E-07 0.7775E+01 0.6040E+05 0.1701E+02  6.773 0.0000 0.2000E-04 0.1000E+01
1845 0.3499E+01 0.2129E+03 0.2309E-07 0.7769E+01 0.6008E+05 0.1704E+02  6.762 0.0000 0.2000E-04 0.1000E+01
1846 0.3500E+01 0.2129E+03 0.2307E-07 0.7769E+01 0.6007E+05 0.1704E+02  6.762 0.0000 0.2000E-04 0.1000E+01
1850 0.3590E+01 0.2114E+03 0.2244E-07 0.7765E+01 0.5982E+05 0.1707E+02  6.753 0.0000 0.2000E-04 0.1000E+01
1855 0.3706E+01 0.2097E+03 0.2169E-07 0.7760E+01 0.5950E+05 0.1710E+02  6.742 0.0000 0.2000E-04 0.1000E+01
1860 0.3824E+01 0.2080E+03 0.2096E-07 0.7754E+01 0.5919E+05 0.1713E+02  6.731 0.0000 0.2000E-04 0.1000E+01
1865 0.3947E+01 0.2063E+03 0.2026E-07 0.7749E+01 0.5888E+05 0.1716E+02  6.720 0.0000 0.2000E-04 0.1000E+01
1868 0.4000E+01 0.2056E+03 0.1998E-07 0.7747E+01 0.5874E+05 0.1718E+02  6.716 0.0000 0.2000E-04 0.1000E+01
1870 0.4050E+01 0.2050E+03 0.1972E-07 0.7745E+01 0.5862E+05 0.1719E+02  6.711 0.0000 0.2000E-04 0.1000E+01
1875 0.4179E+01 0.2034E+03 0.1908E-07 0.7739E+01 0.5831E+05 0.1722E+02  6.701 0.0000 0.2000E-04 0.1000E+01
1880 0.4311E+01 0.2018E+03 0.1847E-07 0.7734E+01 0.5800E+05 0.1725E+02  6.690 0.0000 0.2000E-04 0.1000E+01
1885 0.4446E+01 0.2003E+03 0.1789E-07 0.7729E+01 0.5769E+05 0.1728E+02  6.679 0.0000 0.2000E-04 0.1000E+01
1887 0.4500E+01 0.1997E+03 0.1767E-07 0.7727E+01 0.5757E+05 0.1729E+02  6.675 0.0000 0.2000E-04 0.1000E+01
1890 0.4584E+01 0.1988E+03 0.1734E-07 0.7724E+01 0.5739E+05 0.1731E+02  6.668 0.0000 0.2000E-04 0.1000E+01
1895 0.4727E+01 0.1973E+03 0.1680E-07 0.7719E+01 0.5708E+05 0.1734E+02  6.657 0.0000 0.2000E-04 0.1000E+01
1900 0.4873E+01 0.1958E+03 0.1630E-07 0.7714E+01 0.5678E+05 0.1737E+02  6.646 0.0000 0.2000E-04 0.1000E+01
1905 0.5000E+01 0.1946E+03 0.1588E-07 0.7710E+01 0.5652E+05 0.1740E+02  6.637 0.0000 0.2000E-04 0.1000E+01
1905 0.5000E+01 0.1946E+03 0.1588E-07 0.7710E+01 0.5652E+05 0.1740E+02  6.637 0.0000 0.2000E-04 0.1000E+01
1910 0.5153E+01 0.1932E+03 0.1540E-07 0.7705E+01 0.5622E+05 0.1743E+02  6.626 0.0000 0.2000E-04 0.1000E+01
1915 0.5310E+01 0.1918E+03 0.1496E-07 0.7700E+01 0.5592E+05 0.1746E+02  6.615 0.0000 0.2000E-04 0.1000E+01
1920 0.5471E+01 0.1905E+03 0.1452E-07 0.7695E+01 0.5562E+05 0.1749E+02  6.604 0.0000 0.2000E-04 0.1000E+01
1921 0.5500E+01 0.1902E+03 0.1444E-07 0.7694E+01 0.5557E+05 0.1749E+02  6.603 0.0000 0.2000E-04 0.1000E+01
1925 0.5632E+01 0.1892E+03 0.1411E-07 0.7690E+01 0.5533E+05 0.1752E+02  6.594 0.0000 0.2000E-04 0.1000E+01
1930 0.5801E+01 0.1879E+03 0.1371E-07 0.7686E+01 0.5503E+05 0.1755E+02  6.583 0.0000 0.2000E-04 0.1000E+01
1935 0.5974E+01 0.1866E+03 0.1332E-07 0.7681E+01 0.5474E+05 0.1758E+02  6.572 0.0000 0.2000E-04 0.1000E+01
1936 0.6000E+01 0.1864E+03 0.1326E-07 0.7680E+01 0.5469E+05 0.1758E+02  6.571 0.0000 0.2000E-04 0.1000E+01
1940 0.6142E+01 0.1854E+03 0.1296E-07 0.7676E+01 0.5446E+05 0.1760E+02  6.562 0.0000 0.2000E-04 0.1000E+01
1945 0.6323E+01 0.1841E+03 0.1260E-07 0.7671E+01 0.5417E+05 0.1763E+02  6.551 0.0000 0.2000E-04 0.1000E+01
1950 0.6500E+01 0.1829E+03 0.1226E-07 0.7667E+01 0.5389E+05 0.1766E+02  6.541 0.0000 0.2000E-04 0.1000E+01
1950 0.6500E+01 0.1829E+03 0.1226E-07 0.7667E+01 0.5389E+05 0.1766E+02  6.541 0.0000 0.2000E-04 0.1000E+01
1955 0.6689E+01 0.1817E+03 0.1192E-07 0.7662E+01 0.5360E+05 0.1769E+02  6.530 0.0000 0.2000E-04 0.1000E+01
1960 0.6883E+01 0.1805E+03 0.1160E-07 0.7658E+01 0.5331E+05 0.1772E+02  6.519 0.0000 0.2000E-04 0.1000E+01
1963 0.7000E+01 0.1798E+03 0.1141E-07 0.7655E+01 0.5313E+05 0.1773E+02  6.512 0.0000 0.2000E-04 0.1000E+01
1965 0.7080E+01 0.1793E+03 0.1128E-07 0.7653E+01 0.5302E+05 0.1775E+02  6.508 0.0000 0.2000E-04 0.1000E+01
1970 0.7282E+01 0.1782E+03 0.1098E-07 0.7649E+01 0.5273E+05 0.1777E+02  6.497 0.0000 0.2000E-04 0.1000E+01
1975 0.7490E+01 0.1770E+03 0.1068E-07 0.7644E+01 0.5245E+05 0.1780E+02  6.486 0.0000 0.2000E-04 0.1000E+01
1976 0.7500E+01 0.1769E+03 0.1067E-07 0.7644E+01 0.5243E+05 0.1780E+02  6.486 0.0000 0.2000E-04 0.1000E+01
1980 0.7669E+01 0.1760E+03 0.1044E-07 0.7640E+01 0.5220E+05 0.1783E+02  6.477 0.0000 0.2000E-04 0.1000E+01
1985 0.7885E+01 0.1749E+03 0.1016E-07 0.7636E+01 0.5192E+05 0.1786E+02  6.466 0.0000 0.2000E-04 0.1000E+01
1988 0.8000E+01 0.1743E+03 0.1002E-07 0.7633E+01 0.5177E+05 0.1787E+02  6.460 0.0000 0.2000E-04 0.1000E+01
1990 0.8089E+01 0.1739E+03 0.9914E-08 0.7631E+01 0.5166E+05 0.1788E+02  6.456 0.0000 0.2000E-04 0.1000E+01
1995 0.8314E+01 0.1728E+03 0.9654E-08 0.7627E+01 0.5138E+05 0.1791E+02  6.445 0.0000 0.2000E-04 0.1000E+01
2000 0.8500E+01 0.1719E+03 0.9450E-08 0.7623E+01 0.5115E+05 0.1793E+02  6.436 0.0000 0.2000E-04 0.1000E+01
2000 0.8500E+01 0.1719E+03 0.9450E-08 0.7623E+01 0.5115E+05 0.1793E+02  6.436 0.0000 0.2000E-04 0.1000E+01
2005 0.8734E+01 0.1708E+03 0.9203E-08 0.7619E+01 0.5087E+05 0.1796E+02  6.425 0.0000 0.2000E-04 0.1000E+01
2010 0.8973E+01 0.1697E+03 0.8966E-08 0.7615E+01 0.5059E+05 0.1799E+02  6.414 0.0000 0.2000E-04 0.1000E+01
2011 0.9000E+01 0.1696E+03 0.8940E-08 0.7614E+01 0.5056E+05 0.1799E+02  6.413 0.0000 0.2000E-04 0.1000E+01
2015 0.9195E+01 0.1688E+03 0.8757E-08 0.7611E+01 0.5034E+05 0.1801E+02  6.404 0.0000 0.2000E-04 0.1000E+01
2020 0.9443E+01 0.1678E+03 0.8535E-08 0.7606E+01 0.5006E+05 0.1804E+02  6.393 0.0000 0.2000E-04 0.1000E+01
2022 0.9500E+01 0.1675E+03 0.8486E-08 0.7605E+01 0.5000E+05 0.1805E+02  6.391 0.0000 0.2000E-04 0.1000E+01
2025 0.9652E+01 0.1669E+03 0.8355E-08 0.7603E+01 0.4983E+05 0.1806E+02  6.384 0.0000 0.2000E-04 0.1000E+01
2030 0.9909E+01 0.1659E+03 0.8145E-08 0.7598E+01 0.4956E+05 0.1809E+02  6.373 0.0000 0.2000E-04 0.1000E+01
2032 0.1000E+02 0.1655E+03 0.8073E-08 0.7597E+01 0.4947E+05 0.1810E+02  6.369 0.0000 0.2000E-04 0.1000E+01
