 $INPUT
 IMODEL	=             1
 N	=           120
 MINSTP	=             0
 VEOS	=  1.000000000000000
 ILOOP	=             1
 STATIC	=   F
 FRACT	=  2.5000000000000001E-03
 SHINE	=  0.3000000000000000
 SHAVE	=  9.9999999999999995E-08
 POUT	=  5000000.000000000
 AMETH	=             2
 CMETH	=             1
 NOBOND	=             1
 TBEG	=  5.0000000000000004E-06
 TIMEF	=  10.00000000000000
 DTIMEO	=  5.0000000000000003E-02
 STEPO	=  0.5000000000000000
 LCORR	=   T
 LSTART	=   F
 MAXSTP	=          7000
 SPK	=  11.00000000000000
 STARL	=  0.0000000000000000E+00
 DIST	=  2.086000000000000
 ALB	=  0.3500000000000000
 TEFFS	=  5770.000000000000
 LCONV	=   T
 LTRANS	=   T
 LPOUT	=   F
 LFILL	=   F
 LCONT	=   T
 LBURN	=   T
 MAG	=  'O '
 GAM	=  '7X'
 MASS	=  5.697420000000000
 YHEA	=  0.2500000000000000
 YDI	=  2.0000000000000002E-05
 HB	=  1.000000000000000
 $end
 
 
 Gam,Mass,Yhe,Ydi,Dist,starl,alb=  7X   5.697   0.250 0.200E-04 0.209E+01 0.000E+00 0.350E+00
  I  Time(Gyrs) Teff        Lumin      Rad(Gcm)  Tc         Rhoc       S      Ratio  Yd         Yl


   5 0.3133E-05 0.1964E+04 0.7976E-03 0.1696E+02 0.1069E+06 0.1459E+01 10.991 0.0000 0.2000E-04 0.1000E+01
   8 0.0000E+00 0.1962E+04 0.7900E-03 0.1692E+02 0.1069E+06 0.1466E+01 10.985 0.0000 0.2000E-04 0.1000E+01
  10 0.1603E-05 0.1960E+04 0.7835E-03 0.1689E+02 0.1069E+06 0.1471E+01 10.980 0.0000 0.2000E-04 0.1000E+01
  15 0.5677E-05 0.1954E+04 0.7673E-03 0.1681E+02 0.1071E+06 0.1486E+01 10.968 0.0000 0.2000E-04 0.1000E+01
  20 0.9838E-05 0.1949E+04 0.7512E-03 0.1672E+02 0.1072E+06 0.1501E+01 10.955 0.0000 0.2000E-04 0.1000E+01
  25 0.1409E-04 0.1943E+04 0.7352E-03 0.1664E+02 0.1072E+06 0.1515E+01 10.942 0.0000 0.2000E-04 0.1000E+01
  30 0.1844E-04 0.1937E+04 0.7191E-03 0.1656E+02 0.1073E+06 0.1530E+01 10.930 0.0000 0.2000E-04 0.1000E+01
  35 0.2288E-04 0.1931E+04 0.7032E-03 0.1648E+02 0.1074E+06 0.1545E+01 10.917 0.0000 0.2000E-04 0.1000E+01
  40 0.2744E-04 0.1924E+04 0.6873E-03 0.1640E+02 0.1075E+06 0.1560E+01 10.904 0.0000 0.2000E-04 0.1000E+01
  45 0.3210E-04 0.1918E+04 0.6713E-03 0.1633E+02 0.1076E+06 0.1575E+01 10.892 0.0000 0.2000E-04 0.1000E+01
  50 0.3688E-04 0.1911E+04 0.6554E-03 0.1625E+02 0.1077E+06 0.1590E+01 10.879 0.0000 0.2000E-04 0.1000E+01
  55 0.4177E-04 0.1903E+04 0.6394E-03 0.1617E+02 0.1078E+06 0.1606E+01 10.867 0.0000 0.2000E-04 0.1000E+01
  60 0.4679E-04 0.1896E+04 0.6234E-03 0.1610E+02 0.1079E+06 0.1621E+01 10.854 0.0000 0.2000E-04 0.1000E+01
  65 0.5195E-04 0.1888E+04 0.6076E-03 0.1602E+02 0.1080E+06 0.1637E+01 10.842 0.0000 0.2000E-04 0.1000E+01
  70 0.5725E-04 0.1880E+04 0.5915E-03 0.1595E+02 0.1080E+06 0.1652E+01 10.829 0.0000 0.2000E-04 0.1000E+01
  75 0.6269E-04 0.1872E+04 0.5757E-03 0.1587E+02 0.1081E+06 0.1668E+01 10.816 0.0000 0.2000E-04 0.1000E+01
  80 0.6828E-04 0.1863E+04 0.5601E-03 0.1580E+02 0.1082E+06 0.1684E+01 10.804 0.0000 0.2000E-04 0.1000E+01
  85 0.7404E-04 0.1854E+04 0.5446E-03 0.1573E+02 0.1082E+06 0.1700E+01 10.791 0.0000 0.2000E-04 0.1000E+01
  90 0.7996E-04 0.1845E+04 0.5295E-03 0.1566E+02 0.1083E+06 0.1716E+01 10.779 0.0000 0.2000E-04 0.1000E+01
  95 0.8606E-04 0.1837E+04 0.5146E-03 0.1558E+02 0.1084E+06 0.1732E+01 10.766 0.0000 0.2000E-04 0.1000E+01
 100 0.9234E-04 0.1828E+04 0.5001E-03 0.1551E+02 0.1084E+06 0.1748E+01 10.754 0.0000 0.2000E-04 0.1000E+01
 105 0.9880E-04 0.1819E+04 0.4860E-03 0.1544E+02 0.1085E+06 0.1764E+01 10.741 0.0000 0.2000E-04 0.1000E+01
 110 0.1055E-03 0.1810E+04 0.4722E-03 0.1537E+02 0.1085E+06 0.1781E+01 10.728 0.0000 0.2000E-04 0.1000E+01
 115 0.1123E-03 0.1801E+04 0.4589E-03 0.1531E+02 0.1086E+06 0.1797E+01 10.716 0.0000 0.2000E-04 0.1000E+01
 120 0.1193E-03 0.1792E+04 0.4461E-03 0.1524E+02 0.1086E+06 0.1814E+01 10.703 0.0000 0.2000E-04 0.1000E+01
 125 0.1266E-03 0.1784E+04 0.4337E-03 0.1517E+02 0.1087E+06 0.1830E+01 10.691 0.0000 0.2000E-04 0.1000E+01
 130 0.1341E-03 0.1775E+04 0.4218E-03 0.1510E+02 0.1087E+06 0.1847E+01 10.678 0.0000 0.2000E-04 0.1000E+01
 135 0.1417E-03 0.1767E+04 0.4103E-03 0.1504E+02 0.1088E+06 0.1864E+01 10.666 0.0000 0.2000E-04 0.1000E+01
 140 0.1496E-03 0.1759E+04 0.3994E-03 0.1497E+02 0.1088E+06 0.1881E+01 10.653 0.0000 0.2000E-04 0.1000E+01
 145 0.1577E-03 0.1751E+04 0.3890E-03 0.1491E+02 0.1089E+06 0.1898E+01 10.640 0.0000 0.2000E-04 0.1000E+01
 150 0.1660E-03 0.1743E+04 0.3789E-03 0.1484E+02 0.1089E+06 0.1916E+01 10.628 0.0000 0.2000E-04 0.1000E+01
 155 0.1745E-03 0.1736E+04 0.3694E-03 0.1478E+02 0.1089E+06 0.1933E+01 10.615 0.0000 0.2000E-04 0.1000E+01
 160 0.1832E-03 0.1729E+04 0.3604E-03 0.1472E+02 0.1089E+06 0.1951E+01 10.603 0.0000 0.2000E-04 0.1000E+01
 165 0.1922E-03 0.1722E+04 0.3517E-03 0.1465E+02 0.1090E+06 0.1968E+01 10.590 0.0000 0.2000E-04 0.1000E+01
 170 0.2013E-03 0.1715E+04 0.3434E-03 0.1459E+02 0.1090E+06 0.1986E+01 10.578 0.0000 0.2000E-04 0.1000E+01
 175 0.2107E-03 0.1709E+04 0.3355E-03 0.1453E+02 0.1090E+06 0.2004E+01 10.565 0.0000 0.2000E-04 0.1000E+01
 180 0.2203E-03 0.1703E+04 0.3280E-03 0.1447E+02 0.1090E+06 0.2021E+01 10.553 0.0000 0.2000E-04 0.1000E+01
 185 0.2301E-03 0.1697E+04 0.3208E-03 0.1441E+02 0.1090E+06 0.2039E+01 10.540 0.0000 0.2000E-04 0.1000E+01
 190 0.2401E-03 0.1691E+04 0.3139E-03 0.1435E+02 0.1090E+06 0.2058E+01 10.528 0.0000 0.2000E-04 0.1000E+01
 195 0.2504E-03 0.1686E+04 0.3072E-03 0.1429E+02 0.1091E+06 0.2076E+01 10.515 0.0000 0.2000E-04 0.1000E+01
 200 0.2609E-03 0.1680E+04 0.3008E-03 0.1423E+02 0.1091E+06 0.2094E+01 10.503 0.0000 0.2000E-04 0.1000E+01
 205 0.2716E-03 0.1675E+04 0.2947E-03 0.1418E+02 0.1091E+06 0.2113E+01 10.490 0.0000 0.2000E-04 0.1000E+01
 210 0.2825E-03 0.1670E+04 0.2886E-03 0.1412E+02 0.1091E+06 0.2131E+01 10.478 0.0000 0.2000E-04 0.1000E+01
 215 0.2936E-03 0.1665E+04 0.2828E-03 0.1406E+02 0.1091E+06 0.2150E+01 10.465 0.0000 0.2000E-04 0.1000E+01
 220 0.3049E-03 0.1660E+04 0.2773E-03 0.1400E+02 0.1091E+06 0.2168E+01 10.453 0.0000 0.2000E-04 0.1000E+01
 225 0.3165E-03 0.1655E+04 0.2719E-03 0.1395E+02 0.1091E+06 0.2187E+01 10.440 0.0000 0.2000E-04 0.1000E+01
 230 0.3283E-03 0.1650E+04 0.2667E-03 0.1389E+02 0.1090E+06 0.2206E+01 10.428 0.0000 0.2000E-04 0.1000E+01
 235 0.3403E-03 0.1646E+04 0.2616E-03 0.1384E+02 0.1090E+06 0.2225E+01 10.415 0.0000 0.2000E-04 0.1000E+01
 240 0.3526E-03 0.1641E+04 0.2566E-03 0.1378E+02 0.1090E+06 0.2244E+01 10.403 0.0000 0.2000E-04 0.1000E+01
 245 0.3651E-03 0.1636E+04 0.2517E-03 0.1373E+02 0.1090E+06 0.2264E+01 10.390 0.0000 0.2000E-04 0.1000E+01
 250 0.3778E-03 0.1632E+04 0.2469E-03 0.1368E+02 0.1090E+06 0.2283E+01 10.378 0.0000 0.2000E-04 0.1000E+01
 255 0.3908E-03 0.1627E+04 0.2422E-03 0.1362E+02 0.1090E+06 0.2303E+01 10.365 0.0000 0.2000E-04 0.1000E+01
 260 0.4040E-03 0.1622E+04 0.2376E-03 0.1357E+02 0.1089E+06 0.2322E+01 10.353 0.0000 0.2000E-04 0.1000E+01
 265 0.4174E-03 0.1617E+04 0.2330E-03 0.1352E+02 0.1089E+06 0.2342E+01 10.340 0.0000 0.2000E-04 0.1000E+01
 270 0.4311E-03 0.1613E+04 0.2285E-03 0.1347E+02 0.1089E+06 0.2362E+01 10.328 0.0000 0.2000E-04 0.1000E+01
 275 0.4451E-03 0.1608E+04 0.2240E-03 0.1342E+02 0.1088E+06 0.2382E+01 10.315 0.0000 0.2000E-04 0.1000E+01
 280 0.4594E-03 0.1603E+04 0.2196E-03 0.1337E+02 0.1088E+06 0.2401E+01 10.303 0.0000 0.2000E-04 0.1000E+01
 285 0.4739E-03 0.1598E+04 0.2153E-03 0.1332E+02 0.1088E+06 0.2422E+01 10.290 0.0000 0.2000E-04 0.1000E+01
 290 0.4887E-03 0.1593E+04 0.2110E-03 0.1327E+02 0.1087E+06 0.2442E+01 10.278 0.0000 0.2000E-04 0.1000E+01
 295 0.5038E-03 0.1588E+04 0.2068E-03 0.1322E+02 0.1087E+06 0.2462E+01 10.265 0.0000 0.2000E-04 0.1000E+01
 300 0.5193E-03 0.1582E+04 0.2026E-03 0.1317E+02 0.1086E+06 0.2483E+01 10.253 0.0000 0.2000E-04 0.1000E+01
 305 0.5350E-03 0.1577E+04 0.1985E-03 0.1312E+02 0.1086E+06 0.2503E+01 10.240 0.0000 0.2000E-04 0.1000E+01
 310 0.5510E-03 0.1572E+04 0.1944E-03 0.1308E+02 0.1085E+06 0.2524E+01 10.228 0.0000 0.2000E-04 0.1000E+01
 315 0.5674E-03 0.1567E+04 0.1904E-03 0.1303E+02 0.1085E+06 0.2544E+01 10.215 0.0000 0.2000E-04 0.1000E+01
 320 0.5840E-03 0.1561E+04 0.1865E-03 0.1298E+02 0.1084E+06 0.2565E+01 10.203 0.0000 0.2000E-04 0.1000E+01
 325 0.6010E-03 0.1556E+04 0.1826E-03 0.1294E+02 0.1084E+06 0.2586E+01 10.190 0.0000 0.2000E-04 0.1000E+01
 330 0.6184E-03 0.1550E+04 0.1788E-03 0.1289E+02 0.1083E+06 0.2607E+01 10.178 0.0000 0.2000E-04 0.1000E+01
 335 0.6361E-03 0.1545E+04 0.1751E-03 0.1284E+02 0.1082E+06 0.2628E+01 10.165 0.0000 0.2000E-04 0.1000E+01
 340 0.6542E-03 0.1539E+04 0.1714E-03 0.1280E+02 0.1082E+06 0.2649E+01 10.153 0.0000 0.2000E-04 0.1000E+01
 345 0.6727E-03 0.1534E+04 0.1677E-03 0.1276E+02 0.1081E+06 0.2670E+01 10.140 0.0000 0.2000E-04 0.1000E+01
 350 0.6916E-03 0.1528E+04 0.1640E-03 0.1271E+02 0.1080E+06 0.2692E+01 10.128 0.0000 0.2000E-04 0.1000E+01
 355 0.7108E-03 0.1522E+04 0.1604E-03 0.1267E+02 0.1080E+06 0.2713E+01 10.116 0.0000 0.2000E-04 0.1000E+01
 360 0.7305E-03 0.1516E+04 0.1568E-03 0.1262E+02 0.1079E+06 0.2735E+01 10.103 0.0000 0.2000E-04 0.1000E+01
 365 0.7506E-03 0.1510E+04 0.1533E-03 0.1258E+02 0.1078E+06 0.2756E+01 10.091 0.0000 0.2000E-04 0.1000E+01
 370 0.7711E-03 0.1504E+04 0.1499E-03 0.1254E+02 0.1077E+06 0.2778E+01 10.078 0.0000 0.2000E-04 0.1000E+01
 375 0.7921E-03 0.1498E+04 0.1465E-03 0.1250E+02 0.1077E+06 0.2800E+01 10.066 0.0000 0.2000E-04 0.1000E+01
 380 0.8135E-03 0.1492E+04 0.1432E-03 0.1246E+02 0.1076E+06 0.2821E+01 10.053 0.0000 0.2000E-04 0.1000E+01
 385 0.8355E-03 0.1486E+04 0.1399E-03 0.1241E+02 0.1075E+06 0.2843E+01 10.041 0.0000 0.2000E-04 0.1000E+01
 390 0.8579E-03 0.1480E+04 0.1367E-03 0.1237E+02 0.1074E+06 0.2865E+01 10.029 0.0000 0.2000E-04 0.1000E+01
 395 0.8808E-03 0.1473E+04 0.1335E-03 0.1233E+02 0.1073E+06 0.2887E+01 10.016 0.0000 0.2000E-04 0.1000E+01
 400 0.9042E-03 0.1467E+04 0.1304E-03 0.1229E+02 0.1072E+06 0.2910E+01 10.004 0.0000 0.2000E-04 0.1000E+01
 405 0.9282E-03 0.1461E+04 0.1274E-03 0.1225E+02 0.1071E+06 0.2932E+01  9.991 0.0000 0.2000E-04 0.1000E+01
 410 0.9527E-03 0.1455E+04 0.1245E-03 0.1221E+02 0.1070E+06 0.2954E+01  9.979 0.0000 0.2000E-04 0.1000E+01
 415 0.9778E-03 0.1449E+04 0.1215E-03 0.1218E+02 0.1069E+06 0.2977E+01  9.966 0.0000 0.2000E-04 0.1000E+01
 420 0.1003E-02 0.1442E+04 0.1187E-03 0.1214E+02 0.1068E+06 0.2999E+01  9.954 0.0000 0.2000E-04 0.1000E+01
 425 0.1030E-02 0.1436E+04 0.1159E-03 0.1210E+02 0.1067E+06 0.3022E+01  9.942 0.0000 0.2000E-04 0.1000E+01
 430 0.1056E-02 0.1429E+04 0.1131E-03 0.1206E+02 0.1066E+06 0.3044E+01  9.929 0.0000 0.2000E-04 0.1000E+01
 435 0.1084E-02 0.1423E+04 0.1104E-03 0.1202E+02 0.1065E+06 0.3067E+01  9.917 0.0000 0.2000E-04 0.1000E+01
 440 0.1112E-02 0.1416E+04 0.1077E-03 0.1199E+02 0.1064E+06 0.3090E+01  9.904 0.0000 0.2000E-04 0.1000E+01
 445 0.1141E-02 0.1410E+04 0.1051E-03 0.1195E+02 0.1063E+06 0.3113E+01  9.892 0.0000 0.2000E-04 0.1000E+01
 450 0.1170E-02 0.1403E+04 0.1025E-03 0.1191E+02 0.1061E+06 0.3135E+01  9.880 0.0000 0.2000E-04 0.1000E+01
 455 0.1200E-02 0.1396E+04 0.9983E-04 0.1188E+02 0.1060E+06 0.3158E+01  9.867 0.0000 0.2000E-04 0.1000E+01
 460 0.1231E-02 0.1389E+04 0.9723E-04 0.1184E+02 0.1059E+06 0.3181E+01  9.855 0.0000 0.2000E-04 0.1000E+01
 465 0.1263E-02 0.1382E+04 0.9468E-04 0.1181E+02 0.1058E+06 0.3204E+01  9.842 0.0000 0.2000E-04 0.1000E+01
 470 0.1295E-02 0.1375E+04 0.9218E-04 0.1177E+02 0.1056E+06 0.3228E+01  9.830 0.0000 0.2000E-04 0.1000E+01
 475 0.1329E-02 0.1368E+04 0.8973E-04 0.1174E+02 0.1055E+06 0.3251E+01  9.818 0.0000 0.2000E-04 0.1000E+01
 480 0.1363E-02 0.1360E+04 0.8734E-04 0.1170E+02 0.1054E+06 0.3274E+01  9.805 0.0000 0.2000E-04 0.1000E+01
 485 0.1398E-02 0.1353E+04 0.8501E-04 0.1167E+02 0.1053E+06 0.3298E+01  9.793 0.0000 0.2000E-04 0.1000E+01
 490 0.1434E-02 0.1346E+04 0.8273E-04 0.1163E+02 0.1051E+06 0.3321E+01  9.780 0.0000 0.2000E-04 0.1000E+01
 495 0.1471E-02 0.1339E+04 0.8051E-04 0.1160E+02 0.1050E+06 0.3345E+01  9.768 0.0000 0.2000E-04 0.1000E+01
 500 0.1509E-02 0.1332E+04 0.7835E-04 0.1157E+02 0.1049E+06 0.3368E+01  9.755 0.0000 0.2000E-04 0.1000E+01
 505 0.1548E-02 0.1325E+04 0.7625E-04 0.1153E+02 0.1047E+06 0.3392E+01  9.743 0.0000 0.2000E-04 0.1000E+01
 510 0.1588E-02 0.1317E+04 0.7421E-04 0.1150E+02 0.1046E+06 0.3415E+01  9.731 0.0000 0.2000E-04 0.1000E+01
 515 0.1629E-02 0.1311E+04 0.7225E-04 0.1147E+02 0.1044E+06 0.3439E+01  9.718 0.0000 0.2000E-04 0.1000E+01
 520 0.1671E-02 0.1304E+04 0.7036E-04 0.1144E+02 0.1043E+06 0.3463E+01  9.706 0.0000 0.2000E-04 0.1000E+01
 525 0.1714E-02 0.1297E+04 0.6854E-04 0.1140E+02 0.1041E+06 0.3486E+01  9.693 0.0000 0.2000E-04 0.1000E+01
 530 0.1758E-02 0.1291E+04 0.6681E-04 0.1137E+02 0.1040E+06 0.3510E+01  9.681 0.0000 0.2000E-04 0.1000E+01
 535 0.1803E-02 0.1284E+04 0.6516E-04 0.1134E+02 0.1038E+06 0.3534E+01  9.669 0.0000 0.2000E-04 0.1000E+01
 540 0.1849E-02 0.1278E+04 0.6357E-04 0.1131E+02 0.1037E+06 0.3558E+01  9.656 0.0000 0.2000E-04 0.1000E+01
 545 0.1896E-02 0.1272E+04 0.6203E-04 0.1128E+02 0.1035E+06 0.3582E+01  9.644 0.0000 0.2000E-04 0.1000E+01
 550 0.1945E-02 0.1266E+04 0.6057E-04 0.1125E+02 0.1034E+06 0.3606E+01  9.631 0.0000 0.2000E-04 0.1000E+01
 555 0.1994E-02 0.1260E+04 0.5917E-04 0.1122E+02 0.1032E+06 0.3630E+01  9.619 0.0000 0.2000E-04 0.1000E+01
 560 0.2044E-02 0.1255E+04 0.5783E-04 0.1119E+02 0.1030E+06 0.3654E+01  9.607 0.0000 0.2000E-04 0.1000E+01
 565 0.2096E-02 0.1250E+04 0.5654E-04 0.1116E+02 0.1029E+06 0.3678E+01  9.594 0.0000 0.2000E-04 0.1000E+01
 570 0.2148E-02 0.1244E+04 0.5529E-04 0.1113E+02 0.1027E+06 0.3702E+01  9.582 0.0000 0.2000E-04 0.1000E+01
 575 0.2202E-02 0.1239E+04 0.5408E-04 0.1110E+02 0.1026E+06 0.3726E+01  9.569 0.0000 0.2000E-04 0.1000E+01
 580 0.2256E-02 0.1234E+04 0.5291E-04 0.1107E+02 0.1024E+06 0.3750E+01  9.557 0.0000 0.2000E-04 0.1000E+01
 585 0.2312E-02 0.1229E+04 0.5176E-04 0.1104E+02 0.1022E+06 0.3775E+01  9.545 0.0000 0.2000E-04 0.1000E+01
 590 0.2369E-02 0.1224E+04 0.5064E-04 0.1101E+02 0.1020E+06 0.3799E+01  9.532 0.0000 0.2000E-04 0.1000E+01
 595 0.2427E-02 0.1218E+04 0.4955E-04 0.1099E+02 0.1019E+06 0.3823E+01  9.520 0.0000 0.2000E-04 0.1000E+01
 600 0.2486E-02 0.1213E+04 0.4847E-04 0.1096E+02 0.1017E+06 0.3847E+01  9.507 0.0000 0.2000E-04 0.1000E+01
 605 0.2546E-02 0.1208E+04 0.4742E-04 0.1093E+02 0.1015E+06 0.3872E+01  9.495 0.0000 0.2000E-04 0.1000E+01
 610 0.2608E-02 0.1203E+04 0.4638E-04 0.1090E+02 0.1013E+06 0.3896E+01  9.483 0.0000 0.2000E-04 0.1000E+01
 615 0.2671E-02 0.1198E+04 0.4534E-04 0.1088E+02 0.1011E+06 0.3920E+01  9.470 0.0000 0.2000E-04 0.1000E+01
 620 0.2735E-02 0.1192E+04 0.4431E-04 0.1085E+02 0.1010E+06 0.3945E+01  9.458 0.0000 0.2000E-04 0.1000E+01
 625 0.2801E-02 0.1187E+04 0.4331E-04 0.1082E+02 0.1008E+06 0.3969E+01  9.446 0.0000 0.2000E-04 0.1000E+01
 630 0.2868E-02 0.1182E+04 0.4232E-04 0.1080E+02 0.1006E+06 0.3994E+01  9.433 0.0000 0.2000E-04 0.1000E+01
 635 0.2936E-02 0.1176E+04 0.4135E-04 0.1077E+02 0.1004E+06 0.4018E+01  9.421 0.0000 0.2000E-04 0.1000E+01
 640 0.3000E-02 0.1171E+04 0.4047E-04 0.1075E+02 0.1002E+06 0.4041E+01  9.409 0.0000 0.2000E-04 0.1000E+01
 640 0.3000E-02 0.1171E+04 0.4047E-04 0.1075E+02 0.1002E+06 0.4041E+01  9.409 0.0000 0.2000E-04 0.1000E+01
 645 0.3071E-02 0.1166E+04 0.3953E-04 0.1072E+02 0.1000E+06 0.4065E+01  9.397 0.0000 0.2000E-04 0.1000E+01
 650 0.3144E-02 0.1160E+04 0.3861E-04 0.1069E+02 0.9983E+05 0.4090E+01  9.385 0.0000 0.2000E-04 0.1000E+01
 655 0.3218E-02 0.1155E+04 0.3771E-04 0.1067E+02 0.9963E+05 0.4114E+01  9.372 0.0000 0.2000E-04 0.1000E+01
 660 0.3294E-02 0.1149E+04 0.3682E-04 0.1064E+02 0.9943E+05 0.4138E+01  9.360 0.0000 0.2000E-04 0.1000E+01
 665 0.3372E-02 0.1144E+04 0.3594E-04 0.1062E+02 0.9923E+05 0.4163E+01  9.347 0.0000 0.2000E-04 0.1000E+01
 670 0.3451E-02 0.1138E+04 0.3508E-04 0.1059E+02 0.9903E+05 0.4187E+01  9.335 0.0000 0.2000E-04 0.1000E+01
 675 0.3532E-02 0.1132E+04 0.3423E-04 0.1057E+02 0.9882E+05 0.4212E+01  9.323 0.0000 0.2000E-04 0.1000E+01
 680 0.3615E-02 0.1127E+04 0.3338E-04 0.1055E+02 0.9861E+05 0.4236E+01  9.310 0.0000 0.2000E-04 0.1000E+01
 685 0.3699E-02 0.1121E+04 0.3254E-04 0.1052E+02 0.9840E+05 0.4261E+01  9.298 0.0000 0.2000E-04 0.1000E+01
 690 0.3786E-02 0.1115E+04 0.3172E-04 0.1050E+02 0.9819E+05 0.4286E+01  9.286 0.0000 0.2000E-04 0.1000E+01
 695 0.3875E-02 0.1109E+04 0.3092E-04 0.1048E+02 0.9798E+05 0.4310E+01  9.273 0.0000 0.2000E-04 0.1000E+01
 700 0.3966E-02 0.1103E+04 0.3013E-04 0.1045E+02 0.9776E+05 0.4335E+01  9.261 0.0000 0.2000E-04 0.1000E+01
 705 0.4059E-02 0.1097E+04 0.2936E-04 0.1043E+02 0.9754E+05 0.4359E+01  9.249 0.0000 0.2000E-04 0.1000E+01
 710 0.4154E-02 0.1091E+04 0.2860E-04 0.1041E+02 0.9733E+05 0.4384E+01  9.236 0.0000 0.2000E-04 0.1000E+01
 715 0.4252E-02 0.1085E+04 0.2785E-04 0.1038E+02 0.9711E+05 0.4408E+01  9.224 0.0000 0.2000E-04 0.1000E+01
 720 0.4352E-02 0.1079E+04 0.2711E-04 0.1036E+02 0.9688E+05 0.4433E+01  9.212 0.0000 0.2000E-04 0.1000E+01
 725 0.4454E-02 0.1073E+04 0.2639E-04 0.1034E+02 0.9666E+05 0.4458E+01  9.199 0.0000 0.2000E-04 0.1000E+01
 730 0.4559E-02 0.1067E+04 0.2568E-04 0.1032E+02 0.9643E+05 0.4482E+01  9.187 0.0000 0.2000E-04 0.1000E+01
 735 0.4667E-02 0.1061E+04 0.2498E-04 0.1029E+02 0.9621E+05 0.4507E+01  9.175 0.0000 0.2000E-04 0.1000E+01
 740 0.4778E-02 0.1054E+04 0.2429E-04 0.1027E+02 0.9598E+05 0.4531E+01  9.162 0.0000 0.2000E-04 0.1000E+01
 745 0.4891E-02 0.1048E+04 0.2362E-04 0.1025E+02 0.9575E+05 0.4556E+01  9.150 0.0000 0.2000E-04 0.1000E+01
 750 0.5007E-02 0.1042E+04 0.2297E-04 0.1023E+02 0.9552E+05 0.4581E+01  9.137 0.0000 0.2000E-04 0.1000E+01
 755 0.5127E-02 0.1036E+04 0.2233E-04 0.1021E+02 0.9528E+05 0.4605E+01  9.125 0.0000 0.2000E-04 0.1000E+01
 760 0.5249E-02 0.1029E+04 0.2170E-04 0.1019E+02 0.9504E+05 0.4630E+01  9.113 0.0000 0.2000E-04 0.1000E+01
 765 0.5375E-02 0.1023E+04 0.2110E-04 0.1016E+02 0.9481E+05 0.4655E+01  9.100 0.0000 0.2000E-04 0.1000E+01
 770 0.5504E-02 0.1017E+04 0.2050E-04 0.1014E+02 0.9457E+05 0.4679E+01  9.088 0.0000 0.2000E-04 0.1000E+01
 775 0.5636E-02 0.1011E+04 0.1992E-04 0.1012E+02 0.9432E+05 0.4704E+01  9.076 0.0000 0.2000E-04 0.1000E+01
 780 0.5772E-02 0.1005E+04 0.1936E-04 0.1010E+02 0.9408E+05 0.4729E+01  9.063 0.0000 0.2000E-04 0.1000E+01
 785 0.5911E-02 0.9983E+03 0.1880E-04 0.1008E+02 0.9384E+05 0.4753E+01  9.051 0.0000 0.2000E-04 0.1000E+01
 790 0.6054E-02 0.9920E+03 0.1826E-04 0.1006E+02 0.9359E+05 0.4778E+01  9.039 0.0000 0.2000E-04 0.1000E+01
 795 0.6201E-02 0.9858E+03 0.1774E-04 0.1004E+02 0.9334E+05 0.4802E+01  9.026 0.0000 0.2000E-04 0.1000E+01
 800 0.6352E-02 0.9795E+03 0.1722E-04 0.1002E+02 0.9309E+05 0.4827E+01  9.014 0.0000 0.2000E-04 0.1000E+01
 805 0.6507E-02 0.9733E+03 0.1672E-04 0.1000E+02 0.9284E+05 0.4852E+01  9.002 0.0000 0.2000E-04 0.1000E+01
 810 0.6666E-02 0.9671E+03 0.1623E-04 0.9983E+01 0.9260E+05 0.4876E+01  8.989 0.0000 0.2000E-04 0.1000E+01
 815 0.6830E-02 0.9609E+03 0.1576E-04 0.9963E+01 0.9234E+05 0.4901E+01  8.977 0.0000 0.2000E-04 0.1000E+01
 820 0.6998E-02 0.9546E+03 0.1530E-04 0.9944E+01 0.9209E+05 0.4926E+01  8.965 0.0000 0.2000E-04 0.1000E+01
 825 0.7170E-02 0.9484E+03 0.1485E-04 0.9925E+01 0.9184E+05 0.4950E+01  8.952 0.0000 0.2000E-04 0.1000E+01
 830 0.7348E-02 0.9422E+03 0.1441E-04 0.9906E+01 0.9158E+05 0.4975E+01  8.940 0.0000 0.2000E-04 0.1000E+01
 835 0.7530E-02 0.9360E+03 0.1398E-04 0.9888E+01 0.9133E+05 0.4999E+01  8.928 0.0000 0.2000E-04 0.1000E+01
 840 0.7717E-02 0.9298E+03 0.1356E-04 0.9869E+01 0.9107E+05 0.5024E+01  8.916 0.0000 0.2000E-04 0.1000E+01
 845 0.7910E-02 0.9236E+03 0.1315E-04 0.9850E+01 0.9081E+05 0.5049E+01  8.903 0.0000 0.2000E-04 0.1000E+01
 850 0.8108E-02 0.9174E+03 0.1275E-04 0.9832E+01 0.9055E+05 0.5073E+01  8.891 0.0000 0.2000E-04 0.1000E+01
 855 0.8312E-02 0.9112E+03 0.1236E-04 0.9814E+01 0.9029E+05 0.5098E+01  8.879 0.0000 0.2000E-04 0.1000E+01
 860 0.8521E-02 0.9050E+03 0.1199E-04 0.9796E+01 0.9003E+05 0.5122E+01  8.866 0.0000 0.2000E-04 0.1000E+01
 865 0.8736E-02 0.8988E+03 0.1162E-04 0.9778E+01 0.8976E+05 0.5147E+01  8.854 0.0000 0.2000E-04 0.1000E+01
 870 0.8958E-02 0.8927E+03 0.1127E-04 0.9760E+01 0.8949E+05 0.5172E+01  8.842 0.0000 0.2000E-04 0.1000E+01
 875 0.9185E-02 0.8866E+03 0.1092E-04 0.9742E+01 0.8923E+05 0.5196E+01  8.829 0.0000 0.2000E-04 0.1000E+01
 880 0.9420E-02 0.8804E+03 0.1058E-04 0.9725E+01 0.8896E+05 0.5221E+01  8.817 0.0000 0.2000E-04 0.1000E+01
 885 0.9661E-02 0.8743E+03 0.1025E-04 0.9708E+01 0.8869E+05 0.5246E+01  8.805 0.0000 0.2000E-04 0.1000E+01
 890 0.9909E-02 0.8682E+03 0.9935E-05 0.9690E+01 0.8842E+05 0.5270E+01  8.793 0.0000 0.2000E-04 0.1000E+01
 895 0.1016E-01 0.8621E+03 0.9625E-05 0.9673E+01 0.8815E+05 0.5295E+01  8.780 0.0000 0.2000E-04 0.1000E+01
 900 0.1043E-01 0.8560E+03 0.9324E-05 0.9656E+01 0.8787E+05 0.5319E+01  8.768 0.0000 0.2000E-04 0.1000E+01
 905 0.1070E-01 0.8499E+03 0.9031E-05 0.9639E+01 0.8760E+05 0.5344E+01  8.756 0.0000 0.2000E-04 0.1000E+01
 910 0.1098E-01 0.8439E+03 0.8746E-05 0.9622E+01 0.8733E+05 0.5369E+01  8.743 0.0000 0.2000E-04 0.1000E+01
 915 0.1126E-01 0.8379E+03 0.8469E-05 0.9606E+01 0.8705E+05 0.5393E+01  8.731 0.0000 0.2000E-04 0.1000E+01
 920 0.1156E-01 0.8318E+03 0.8200E-05 0.9589E+01 0.8677E+05 0.5418E+01  8.719 0.0000 0.2000E-04 0.1000E+01
 925 0.1186E-01 0.8258E+03 0.7937E-05 0.9573E+01 0.8650E+05 0.5442E+01  8.707 0.0000 0.2000E-04 0.1000E+01
 930 0.1217E-01 0.8197E+03 0.7681E-05 0.9557E+01 0.8622E+05 0.5467E+01  8.694 0.0000 0.2000E-04 0.1000E+01
 935 0.1249E-01 0.8137E+03 0.7432E-05 0.9541E+01 0.8594E+05 0.5491E+01  8.682 0.0000 0.2000E-04 0.1000E+01
 940 0.1282E-01 0.8077E+03 0.7191E-05 0.9525E+01 0.8566E+05 0.5516E+01  8.670 0.0000 0.2000E-04 0.1000E+01
 945 0.1317E-01 0.8017E+03 0.6956E-05 0.9509E+01 0.8538E+05 0.5540E+01  8.658 0.0000 0.2000E-04 0.1000E+01
 950 0.1352E-01 0.7957E+03 0.6729E-05 0.9493E+01 0.8510E+05 0.5565E+01  8.645 0.0000 0.2000E-04 0.1000E+01
 955 0.1388E-01 0.7898E+03 0.6509E-05 0.9477E+01 0.8482E+05 0.5590E+01  8.633 0.0000 0.2000E-04 0.1000E+01
 960 0.1425E-01 0.7839E+03 0.6295E-05 0.9462E+01 0.8454E+05 0.5614E+01  8.621 0.0000 0.2000E-04 0.1000E+01
 965 0.1464E-01 0.7780E+03 0.6088E-05 0.9446E+01 0.8425E+05 0.5638E+01  8.609 0.0000 0.2000E-04 0.1000E+01
 970 0.1504E-01 0.7721E+03 0.5887E-05 0.9431E+01 0.8397E+05 0.5663E+01  8.597 0.0000 0.2000E-04 0.1000E+01
 975 0.1544E-01 0.7663E+03 0.5692E-05 0.9416E+01 0.8368E+05 0.5687E+01  8.584 0.0000 0.2000E-04 0.1000E+01
 980 0.1586E-01 0.7604E+03 0.5503E-05 0.9400E+01 0.8340E+05 0.5712E+01  8.572 0.0000 0.2000E-04 0.1000E+01
 985 0.1630E-01 0.7546E+03 0.5319E-05 0.9385E+01 0.8311E+05 0.5736E+01  8.560 0.0000 0.2000E-04 0.1000E+01
 990 0.1675E-01 0.7488E+03 0.5141E-05 0.9370E+01 0.8283E+05 0.5761E+01  8.548 0.0000 0.2000E-04 0.1000E+01
 995 0.1721E-01 0.7430E+03 0.4969E-05 0.9356E+01 0.8254E+05 0.5785E+01  8.536 0.0000 0.2000E-04 0.1000E+01
1000 0.1768E-01 0.7373E+03 0.4801E-05 0.9341E+01 0.8225E+05 0.5810E+01  8.523 0.0000 0.2000E-04 0.1000E+01
1005 0.1818E-01 0.7315E+03 0.4639E-05 0.9326E+01 0.8196E+05 0.5834E+01  8.511 0.0000 0.2000E-04 0.1000E+01
1010 0.1868E-01 0.7258E+03 0.4481E-05 0.9312E+01 0.8168E+05 0.5859E+01  8.499 0.0000 0.2000E-04 0.1000E+01
1015 0.1920E-01 0.7201E+03 0.4329E-05 0.9297E+01 0.8139E+05 0.5883E+01  8.487 0.0000 0.2000E-04 0.1000E+01
1020 0.1974E-01 0.7144E+03 0.4181E-05 0.9283E+01 0.8110E+05 0.5908E+01  8.475 0.0000 0.2000E-04 0.1000E+01
1025 0.2030E-01 0.7087E+03 0.4036E-05 0.9268E+01 0.8081E+05 0.5932E+01  8.462 0.0000 0.2000E-04 0.1000E+01
1030 0.2087E-01 0.7030E+03 0.3895E-05 0.9254E+01 0.8052E+05 0.5957E+01  8.450 0.0000 0.2000E-04 0.1000E+01
1035 0.2147E-01 0.6973E+03 0.3759E-05 0.9240E+01 0.8022E+05 0.5981E+01  8.438 0.0000 0.2000E-04 0.1000E+01
1040 0.2208E-01 0.6916E+03 0.3627E-05 0.9226E+01 0.7994E+05 0.6005E+01  8.426 0.0000 0.2000E-04 0.1000E+01
1045 0.2271E-01 0.6860E+03 0.3499E-05 0.9212E+01 0.7964E+05 0.6030E+01  8.414 0.0000 0.2000E-04 0.1000E+01
1050 0.2336E-01 0.6803E+03 0.3376E-05 0.9198E+01 0.7935E+05 0.6054E+01  8.402 0.0000 0.2000E-04 0.1000E+01
1055 0.2403E-01 0.6747E+03 0.3256E-05 0.9185E+01 0.7906E+05 0.6078E+01  8.390 0.0000 0.2000E-04 0.1000E+01
1060 0.2473E-01 0.6691E+03 0.3140E-05 0.9171E+01 0.7876E+05 0.6103E+01  8.377 0.0000 0.2000E-04 0.1000E+01
1065 0.2545E-01 0.6636E+03 0.3028E-05 0.9157E+01 0.7847E+05 0.6127E+01  8.365 0.0000 0.2000E-04 0.1000E+01
1070 0.2619E-01 0.6580E+03 0.2920E-05 0.9144E+01 0.7818E+05 0.6151E+01  8.353 0.0000 0.2000E-04 0.1000E+01
1075 0.2695E-01 0.6525E+03 0.2815E-05 0.9131E+01 0.7788E+05 0.6176E+01  8.341 0.0000 0.2000E-04 0.1000E+01
1080 0.2774E-01 0.6471E+03 0.2714E-05 0.9117E+01 0.7759E+05 0.6200E+01  8.329 0.0000 0.2000E-04 0.1000E+01
1085 0.2856E-01 0.6416E+03 0.2617E-05 0.9104E+01 0.7730E+05 0.6224E+01  8.317 0.0000 0.2000E-04 0.1000E+01
1090 0.2940E-01 0.6363E+03 0.2523E-05 0.9091E+01 0.7700E+05 0.6249E+01  8.305 0.0000 0.2000E-04 0.1000E+01
1095 0.3028E-01 0.6309E+03 0.2432E-05 0.9078E+01 0.7671E+05 0.6273E+01  8.293 0.0000 0.2000E-04 0.1000E+01
1100 0.3117E-01 0.6256E+03 0.2345E-05 0.9065E+01 0.7642E+05 0.6297E+01  8.281 0.0000 0.2000E-04 0.1000E+01
1105 0.3210E-01 0.6204E+03 0.2260E-05 0.9052E+01 0.7612E+05 0.6321E+01  8.269 0.0000 0.2000E-04 0.1000E+01
1110 0.3306E-01 0.6151E+03 0.2179E-05 0.9039E+01 0.7583E+05 0.6345E+01  8.257 0.0000 0.2000E-04 0.1000E+01
1115 0.3405E-01 0.6099E+03 0.2100E-05 0.9026E+01 0.7554E+05 0.6370E+01  8.245 0.0000 0.2000E-04 0.1000E+01
1120 0.3508E-01 0.6047E+03 0.2023E-05 0.9014E+01 0.7525E+05 0.6394E+01  8.233 0.0000 0.2000E-04 0.1000E+01
1125 0.3614E-01 0.5995E+03 0.1949E-05 0.9001E+01 0.7496E+05 0.6418E+01  8.221 0.0000 0.2000E-04 0.1000E+01
1130 0.3723E-01 0.5943E+03 0.1877E-05 0.8989E+01 0.7466E+05 0.6442E+01  8.209 0.0000 0.2000E-04 0.1000E+01
1135 0.3836E-01 0.5891E+03 0.1808E-05 0.8976E+01 0.7436E+05 0.6466E+01  8.197 0.0000 0.2000E-04 0.1000E+01
1140 0.3953E-01 0.5840E+03 0.1741E-05 0.8964E+01 0.7407E+05 0.6490E+01  8.185 0.0000 0.2000E-04 0.1000E+01
1145 0.4075E-01 0.5789E+03 0.1676E-05 0.8951E+01 0.7377E+05 0.6514E+01  8.173 0.0000 0.2000E-04 0.1000E+01
1150 0.4200E-01 0.5738E+03 0.1614E-05 0.8939E+01 0.7347E+05 0.6538E+01  8.161 0.0000 0.2000E-04 0.1000E+01
1155 0.4329E-01 0.5688E+03 0.1553E-05 0.8927E+01 0.7319E+05 0.6562E+01  8.149 0.0000 0.2000E-04 0.1000E+01
1160 0.4463E-01 0.5637E+03 0.1495E-05 0.8915E+01 0.7290E+05 0.6586E+01  8.137 0.0000 0.2000E-04 0.1000E+01
1165 0.4602E-01 0.5588E+03 0.1439E-05 0.8903E+01 0.7260E+05 0.6611E+01  8.125 0.0000 0.2000E-04 0.1000E+01
1170 0.4745E-01 0.5538E+03 0.1385E-05 0.8891E+01 0.7231E+05 0.6635E+01  8.113 0.0000 0.2000E-04 0.1000E+01
1175 0.4893E-01 0.5489E+03 0.1333E-05 0.8879E+01 0.7201E+05 0.6658E+01  8.101 0.0000 0.2000E-04 0.1000E+01
1179 0.5000E-01 0.5454E+03 0.1297E-05 0.8871E+01 0.7180E+05 0.6675E+01  8.093 0.0000 0.2000E-04 0.1000E+01
1180 0.5031E-01 0.5444E+03 0.1287E-05 0.8869E+01 0.7175E+05 0.6680E+01  8.090 0.0000 0.2000E-04 0.1000E+01
1185 0.5188E-01 0.5396E+03 0.1238E-05 0.8857E+01 0.7145E+05 0.6704E+01  8.079 0.0000 0.2000E-04 0.1000E+01
1190 0.5351E-01 0.5348E+03 0.1192E-05 0.8845E+01 0.7116E+05 0.6728E+01  8.067 0.0000 0.2000E-04 0.1000E+01
1195 0.5520E-01 0.5300E+03 0.1147E-05 0.8834E+01 0.7087E+05 0.6752E+01  8.055 0.0000 0.2000E-04 0.1000E+01
1200 0.5694E-01 0.5252E+03 0.1103E-05 0.8822E+01 0.7057E+05 0.6776E+01  8.043 0.0000 0.2000E-04 0.1000E+01
1205 0.5875E-01 0.5205E+03 0.1061E-05 0.8811E+01 0.7028E+05 0.6799E+01  8.031 0.0000 0.2000E-04 0.1000E+01
1210 0.6061E-01 0.5159E+03 0.1021E-05 0.8799E+01 0.6999E+05 0.6823E+01  8.019 0.0000 0.2000E-04 0.1000E+01
1215 0.6254E-01 0.5112E+03 0.9825E-06 0.8788E+01 0.6970E+05 0.6847E+01  8.008 0.0000 0.2000E-04 0.1000E+01
1220 0.6454E-01 0.5066E+03 0.9453E-06 0.8777E+01 0.6941E+05 0.6871E+01  7.996 0.0000 0.2000E-04 0.1000E+01
1225 0.6660E-01 0.5021E+03 0.9095E-06 0.8766E+01 0.6911E+05 0.6895E+01  7.984 0.0000 0.2000E-04 0.1000E+01
1230 0.6874E-01 0.4976E+03 0.8751E-06 0.8755E+01 0.6881E+05 0.6918E+01  7.972 0.0000 0.2000E-04 0.1000E+01
1233 0.7000E-01 0.4950E+03 0.8559E-06 0.8748E+01 0.6864E+05 0.6932E+01  7.966 0.0000 0.2000E-04 0.1000E+01
1235 0.7089E-01 0.4932E+03 0.8428E-06 0.8744E+01 0.6853E+05 0.6941E+01  7.961 0.0000 0.2000E-04 0.1000E+01
1240 0.7317E-01 0.4888E+03 0.8110E-06 0.8733E+01 0.6823E+05 0.6965E+01  7.949 0.0000 0.2000E-04 0.1000E+01
1245 0.7553E-01 0.4845E+03 0.7805E-06 0.8722E+01 0.6794E+05 0.6989E+01  7.937 0.0000 0.2000E-04 0.1000E+01
1250 0.7796E-01 0.4801E+03 0.7511E-06 0.8712E+01 0.6765E+05 0.7012E+01  7.926 0.0000 0.2000E-04 0.1000E+01
1255 0.8048E-01 0.4759E+03 0.7230E-06 0.8701E+01 0.6735E+05 0.7036E+01  7.914 0.0000 0.2000E-04 0.1000E+01
1260 0.8308E-01 0.4716E+03 0.6959E-06 0.8690E+01 0.6706E+05 0.7059E+01  7.902 0.0000 0.2000E-04 0.1000E+01
1265 0.8576E-01 0.4674E+03 0.6698E-06 0.8680E+01 0.6677E+05 0.7083E+01  7.891 0.0000 0.2000E-04 0.1000E+01
1270 0.8854E-01 0.4633E+03 0.6448E-06 0.8669E+01 0.6648E+05 0.7106E+01  7.879 0.0000 0.2000E-04 0.1000E+01
1275 0.9140E-01 0.4592E+03 0.6208E-06 0.8659E+01 0.6619E+05 0.7129E+01  7.867 0.0000 0.2000E-04 0.1000E+01
1280 0.9437E-01 0.4551E+03 0.5976E-06 0.8648E+01 0.6590E+05 0.7153E+01  7.856 0.0000 0.2000E-04 0.1000E+01
1285 0.9743E-01 0.4511E+03 0.5754E-06 0.8638E+01 0.6562E+05 0.7176E+01  7.844 0.0000 0.2000E-04 0.1000E+01
1290 0.1000E+00 0.4478E+03 0.5579E-06 0.8630E+01 0.6538E+05 0.7195E+01  7.835 0.0000 0.2000E-04 0.1000E+01
1290 0.1000E+00 0.4478E+03 0.5579E-06 0.8630E+01 0.6538E+05 0.7195E+01  7.835 0.0000 0.2000E-04 0.1000E+01
1295 0.1032E+00 0.4439E+03 0.5372E-06 0.8620E+01 0.6509E+05 0.7218E+01  7.823 0.0000 0.2000E-04 0.1000E+01
1300 0.1066E+00 0.4399E+03 0.5171E-06 0.8610E+01 0.6480E+05 0.7241E+01  7.812 0.0000 0.2000E-04 0.1000E+01
1305 0.1101E+00 0.4360E+03 0.4978E-06 0.8600E+01 0.6451E+05 0.7264E+01  7.800 0.0000 0.2000E-04 0.1000E+01
1310 0.1137E+00 0.4321E+03 0.4792E-06 0.8590E+01 0.6422E+05 0.7288E+01  7.789 0.0000 0.2000E-04 0.1000E+01
1315 0.1174E+00 0.4283E+03 0.4613E-06 0.8580E+01 0.6392E+05 0.7311E+01  7.777 0.0000 0.2000E-04 0.1000E+01
1320 0.1212E+00 0.4245E+03 0.4440E-06 0.8570E+01 0.6363E+05 0.7334E+01  7.766 0.0000 0.2000E-04 0.1000E+01
1325 0.1251E+00 0.4207E+03 0.4274E-06 0.8560E+01 0.6334E+05 0.7357E+01  7.754 0.0000 0.2000E-04 0.1000E+01
1330 0.1292E+00 0.4169E+03 0.4114E-06 0.8550E+01 0.6305E+05 0.7380E+01  7.743 0.0000 0.2000E-04 0.1000E+01
1335 0.1334E+00 0.4132E+03 0.3960E-06 0.8541E+01 0.6276E+05 0.7402E+01  7.731 0.0000 0.2000E-04 0.1000E+01
1340 0.1377E+00 0.4095E+03 0.3811E-06 0.8531E+01 0.6247E+05 0.7425E+01  7.720 0.0000 0.2000E-04 0.1000E+01
1345 0.1422E+00 0.4058E+03 0.3669E-06 0.8522E+01 0.6218E+05 0.7448E+01  7.709 0.0000 0.2000E-04 0.1000E+01
1350 0.1469E+00 0.4022E+03 0.3531E-06 0.8512E+01 0.6190E+05 0.7471E+01  7.697 0.0000 0.2000E-04 0.1000E+01
1354 0.1500E+00 0.3998E+03 0.3444E-06 0.8506E+01 0.6171E+05 0.7486E+01  7.690 0.0000 0.2000E-04 0.1000E+01
1355 0.1510E+00 0.3991E+03 0.3417E-06 0.8504E+01 0.6165E+05 0.7490E+01  7.687 0.0000 0.2000E-04 0.1000E+01
1360 0.1561E+00 0.3954E+03 0.3285E-06 0.8495E+01 0.6135E+05 0.7514E+01  7.675 0.0000 0.2000E-04 0.1000E+01
1365 0.1614E+00 0.3918E+03 0.3158E-06 0.8485E+01 0.6105E+05 0.7537E+01  7.664 0.0000 0.2000E-04 0.1000E+01
1370 0.1669E+00 0.3881E+03 0.3037E-06 0.8475E+01 0.6076E+05 0.7561E+01  7.652 0.0000 0.2000E-04 0.1000E+01
1375 0.1725E+00 0.3846E+03 0.2920E-06 0.8466E+01 0.6046E+05 0.7584E+01  7.640 0.0000 0.2000E-04 0.1000E+01
1380 0.1784E+00 0.3811E+03 0.2810E-06 0.8457E+01 0.6016E+05 0.7607E+01  7.629 0.0000 0.2000E-04 0.1000E+01
1385 0.1844E+00 0.3777E+03 0.2703E-06 0.8447E+01 0.5987E+05 0.7630E+01  7.617 0.0000 0.2000E-04 0.1000E+01
1390 0.1906E+00 0.3743E+03 0.2601E-06 0.8438E+01 0.5958E+05 0.7653E+01  7.605 0.0000 0.2000E-04 0.1000E+01
1395 0.1971E+00 0.3709E+03 0.2504E-06 0.8429E+01 0.5928E+05 0.7676E+01  7.594 0.0000 0.2000E-04 0.1000E+01
1398 0.2000E+00 0.3694E+03 0.2462E-06 0.8425E+01 0.5915E+05 0.7687E+01  7.588 0.0000 0.2000E-04 0.1000E+01
1400 0.2027E+00 0.3681E+03 0.2425E-06 0.8421E+01 0.5903E+05 0.7696E+01  7.584 0.0000 0.2000E-04 0.1000E+01
1405 0.2095E+00 0.3648E+03 0.2335E-06 0.8412E+01 0.5874E+05 0.7718E+01  7.572 0.0000 0.2000E-04 0.1000E+01
1410 0.2165E+00 0.3616E+03 0.2248E-06 0.8403E+01 0.5845E+05 0.7741E+01  7.560 0.0000 0.2000E-04 0.1000E+01
1415 0.2237E+00 0.3584E+03 0.2166E-06 0.8394E+01 0.5817E+05 0.7764E+01  7.549 0.0000 0.2000E-04 0.1000E+01
1420 0.2309E+00 0.3554E+03 0.2089E-06 0.8386E+01 0.5789E+05 0.7786E+01  7.538 0.0000 0.2000E-04 0.1000E+01
1425 0.2383E+00 0.3523E+03 0.2014E-06 0.8377E+01 0.5761E+05 0.7807E+01  7.527 0.0000 0.2000E-04 0.1000E+01
1430 0.2460E+00 0.3493E+03 0.1943E-06 0.8369E+01 0.5733E+05 0.7829E+01  7.516 0.0000 0.2000E-04 0.1000E+01
1433 0.2500E+00 0.3478E+03 0.1907E-06 0.8364E+01 0.5719E+05 0.7840E+01  7.510 0.0000 0.2000E-04 0.1000E+01
1435 0.2532E+00 0.3466E+03 0.1880E-06 0.8361E+01 0.5708E+05 0.7849E+01  7.506 0.0000 0.2000E-04 0.1000E+01
1440 0.2613E+00 0.3437E+03 0.1813E-06 0.8353E+01 0.5680E+05 0.7870E+01  7.494 0.0000 0.2000E-04 0.1000E+01
1445 0.2697E+00 0.3408E+03 0.1749E-06 0.8344E+01 0.5653E+05 0.7892E+01  7.483 0.0000 0.2000E-04 0.1000E+01
1450 0.2783E+00 0.3379E+03 0.1688E-06 0.8336E+01 0.5625E+05 0.7913E+01  7.472 0.0000 0.2000E-04 0.1000E+01
1455 0.2872E+00 0.3351E+03 0.1628E-06 0.8328E+01 0.5598E+05 0.7935E+01  7.461 0.0000 0.2000E-04 0.1000E+01
1460 0.2964E+00 0.3323E+03 0.1571E-06 0.8320E+01 0.5571E+05 0.7956E+01  7.450 0.0000 0.2000E-04 0.1000E+01
1462 0.3000E+00 0.3312E+03 0.1549E-06 0.8317E+01 0.5560E+05 0.7964E+01  7.446 0.0000 0.2000E-04 0.1000E+01
1465 0.3057E+00 0.3295E+03 0.1516E-06 0.8312E+01 0.5544E+05 0.7977E+01  7.439 0.0000 0.2000E-04 0.1000E+01
1470 0.3154E+00 0.3267E+03 0.1463E-06 0.8304E+01 0.5517E+05 0.7998E+01  7.428 0.0000 0.2000E-04 0.1000E+01
1475 0.3255E+00 0.3240E+03 0.1412E-06 0.8296E+01 0.5490E+05 0.8019E+01  7.417 0.0000 0.2000E-04 0.1000E+01
1480 0.3358E+00 0.3212E+03 0.1362E-06 0.8288E+01 0.5463E+05 0.8040E+01  7.406 0.0000 0.2000E-04 0.1000E+01
1485 0.3465E+00 0.3185E+03 0.1314E-06 0.8280E+01 0.5437E+05 0.8061E+01  7.395 0.0000 0.2000E-04 0.1000E+01
1487 0.3500E+00 0.3176E+03 0.1299E-06 0.8277E+01 0.5428E+05 0.8068E+01  7.392 0.0000 0.2000E-04 0.1000E+01
1490 0.3566E+00 0.3160E+03 0.1271E-06 0.8272E+01 0.5412E+05 0.8081E+01  7.385 0.0000 0.2000E-04 0.1000E+01
1495 0.3679E+00 0.3133E+03 0.1226E-06 0.8264E+01 0.5386E+05 0.8102E+01  7.374 0.0000 0.2000E-04 0.1000E+01
1500 0.3796E+00 0.3107E+03 0.1183E-06 0.8257E+01 0.5359E+05 0.8122E+01  7.363 0.0000 0.2000E-04 0.1000E+01
1505 0.3916E+00 0.3081E+03 0.1142E-06 0.8249E+01 0.5333E+05 0.8143E+01  7.352 0.0000 0.2000E-04 0.1000E+01
1509 0.4000E+00 0.3063E+03 0.1114E-06 0.8244E+01 0.5315E+05 0.8157E+01  7.345 0.0000 0.2000E-04 0.1000E+01
1510 0.4025E+00 0.3058E+03 0.1106E-06 0.8242E+01 0.5310E+05 0.8161E+01  7.343 0.0000 0.2000E-04 0.1000E+01
1515 0.4152E+00 0.3032E+03 0.1067E-06 0.8234E+01 0.5284E+05 0.8182E+01  7.332 0.0000 0.2000E-04 0.1000E+01
1520 0.4283E+00 0.3006E+03 0.1030E-06 0.8227E+01 0.5258E+05 0.8203E+01  7.321 0.0000 0.2000E-04 0.1000E+01
1525 0.4418E+00 0.2981E+03 0.9933E-07 0.8219E+01 0.5232E+05 0.8223E+01  7.310 0.0000 0.2000E-04 0.1000E+01
1528 0.4500E+00 0.2966E+03 0.9725E-07 0.8215E+01 0.5217E+05 0.8235E+01  7.303 0.0000 0.2000E-04 0.1000E+01
1530 0.4556E+00 0.2956E+03 0.9587E-07 0.8212E+01 0.5207E+05 0.8243E+01  7.299 0.0000 0.2000E-04 0.1000E+01
1535 0.4700E+00 0.2931E+03 0.9249E-07 0.8204E+01 0.5181E+05 0.8264E+01  7.288 0.0000 0.2000E-04 0.1000E+01
1540 0.4848E+00 0.2906E+03 0.8924E-07 0.8197E+01 0.5155E+05 0.8284E+01  7.277 0.0000 0.2000E-04 0.1000E+01
1545 0.5000E+00 0.2882E+03 0.8611E-07 0.8189E+01 0.5130E+05 0.8304E+01  7.266 0.0000 0.2000E-04 0.1000E+01
1545 0.5000E+00 0.2882E+03 0.8611E-07 0.8189E+01 0.5130E+05 0.8304E+01  7.266 0.0000 0.2000E-04 0.1000E+01
1550 0.5157E+00 0.2857E+03 0.8308E-07 0.8182E+01 0.5105E+05 0.8324E+01  7.255 0.0000 0.2000E-04 0.1000E+01
1555 0.5319E+00 0.2833E+03 0.8016E-07 0.8175E+01 0.5079E+05 0.8344E+01  7.245 0.0000 0.2000E-04 0.1000E+01
1560 0.5486E+00 0.2809E+03 0.7734E-07 0.8167E+01 0.5054E+05 0.8364E+01  7.234 0.0000 0.2000E-04 0.1000E+01
1561 0.5500E+00 0.2807E+03 0.7712E-07 0.8167E+01 0.5052E+05 0.8366E+01  7.233 0.0000 0.2000E-04 0.1000E+01
1565 0.5638E+00 0.2788E+03 0.7495E-07 0.8161E+01 0.5032E+05 0.8382E+01  7.224 0.0000 0.2000E-04 0.1000E+01
1570 0.5815E+00 0.2764E+03 0.7231E-07 0.8154E+01 0.5007E+05 0.8402E+01  7.213 0.0000 0.2000E-04 0.1000E+01
1575 0.5997E+00 0.2741E+03 0.6976E-07 0.8146E+01 0.4982E+05 0.8422E+01  7.202 0.0000 0.2000E-04 0.1000E+01
1576 0.6000E+00 0.2741E+03 0.6972E-07 0.8146E+01 0.4982E+05 0.8422E+01  7.202 0.0000 0.2000E-04 0.1000E+01
1580 0.6150E+00 0.2722E+03 0.6775E-07 0.8140E+01 0.4962E+05 0.8438E+01  7.194 0.0000 0.2000E-04 0.1000E+01
1585 0.6343E+00 0.2699E+03 0.6536E-07 0.8133E+01 0.4937E+05 0.8458E+01  7.183 0.0000 0.2000E-04 0.1000E+01
1589 0.6500E+00 0.2681E+03 0.6353E-07 0.8128E+01 0.4918E+05 0.8473E+01  7.174 0.0000 0.2000E-04 0.1000E+01
1590 0.6540E+00 0.2676E+03 0.6308E-07 0.8126E+01 0.4913E+05 0.8477E+01  7.172 0.0000 0.2000E-04 0.1000E+01
1595 0.6746E+00 0.2653E+03 0.6085E-07 0.8119E+01 0.4889E+05 0.8497E+01  7.161 0.0000 0.2000E-04 0.1000E+01
1600 0.6957E+00 0.2631E+03 0.5870E-07 0.8112E+01 0.4864E+05 0.8517E+01  7.150 0.0000 0.2000E-04 0.1000E+01
1601 0.7000E+00 0.2626E+03 0.5828E-07 0.8111E+01 0.4859E+05 0.8520E+01  7.148 0.0000 0.2000E-04 0.1000E+01
1605 0.7175E+00 0.2608E+03 0.5663E-07 0.8105E+01 0.4840E+05 0.8536E+01  7.139 0.0000 0.2000E-04 0.1000E+01
1610 0.7401E+00 0.2586E+03 0.5464E-07 0.8098E+01 0.4815E+05 0.8556E+01  7.128 0.0000 0.2000E-04 0.1000E+01
1613 0.7500E+00 0.2577E+03 0.5380E-07 0.8095E+01 0.4805E+05 0.8564E+01  7.124 0.0000 0.2000E-04 0.1000E+01
1615 0.7593E+00 0.2568E+03 0.5303E-07 0.8092E+01 0.4795E+05 0.8572E+01  7.119 0.0000 0.2000E-04 0.1000E+01
1620 0.7832E+00 0.2546E+03 0.5117E-07 0.8085E+01 0.4771E+05 0.8591E+01  7.109 0.0000 0.2000E-04 0.1000E+01
1624 0.8000E+00 0.2531E+03 0.4992E-07 0.8081E+01 0.4755E+05 0.8605E+01  7.101 0.0000 0.2000E-04 0.1000E+01
1625 0.8049E+00 0.2527E+03 0.4956E-07 0.8079E+01 0.4750E+05 0.8608E+01  7.099 0.0000 0.2000E-04 0.1000E+01
1630 0.8302E+00 0.2505E+03 0.4782E-07 0.8072E+01 0.4726E+05 0.8628E+01  7.088 0.0000 0.2000E-04 0.1000E+01
1634 0.8500E+00 0.2489E+03 0.4654E-07 0.8067E+01 0.4708E+05 0.8643E+01  7.080 0.0000 0.2000E-04 0.1000E+01
1635 0.8553E+00 0.2485E+03 0.4620E-07 0.8066E+01 0.4703E+05 0.8646E+01  7.078 0.0000 0.2000E-04 0.1000E+01
1640 0.8821E+00 0.2464E+03 0.4458E-07 0.8059E+01 0.4679E+05 0.8666E+01  7.067 0.0000 0.2000E-04 0.1000E+01
1644 0.9000E+00 0.2450E+03 0.4357E-07 0.8055E+01 0.4664E+05 0.8678E+01  7.060 0.0000 0.2000E-04 0.1000E+01
1645 0.9056E+00 0.2446E+03 0.4326E-07 0.8053E+01 0.4659E+05 0.8682E+01  7.058 0.0000 0.2000E-04 0.1000E+01
1650 0.9340E+00 0.2426E+03 0.4175E-07 0.8046E+01 0.4635E+05 0.8701E+01  7.047 0.0000 0.2000E-04 0.1000E+01
1653 0.9500E+00 0.2414E+03 0.4094E-07 0.8043E+01 0.4622E+05 0.8712E+01  7.041 0.0000 0.2000E-04 0.1000E+01
1655 0.9618E+00 0.2406E+03 0.4036E-07 0.8040E+01 0.4613E+05 0.8719E+01  7.036 0.0000 0.2000E-04 0.1000E+01
1660 0.9921E+00 0.2386E+03 0.3895E-07 0.8033E+01 0.4590E+05 0.8738E+01  7.025 0.0000 0.2000E-04 0.1000E+01
1662 0.1000E+01 0.2381E+03 0.3860E-07 0.8032E+01 0.4584E+05 0.8743E+01  7.023 0.0000 0.2000E-04 0.1000E+01
1665 0.1019E+01 0.2369E+03 0.3778E-07 0.8028E+01 0.4569E+05 0.8755E+01  7.016 0.0000 0.2000E-04 0.1000E+01
1670 0.1051E+01 0.2349E+03 0.3646E-07 0.8021E+01 0.4546E+05 0.8774E+01  7.005 0.0000 0.2000E-04 0.1000E+01
1675 0.1084E+01 0.2329E+03 0.3519E-07 0.8014E+01 0.4523E+05 0.8793E+01  6.994 0.0000 0.2000E-04 0.1000E+01
1680 0.1118E+01 0.2309E+03 0.3397E-07 0.8008E+01 0.4500E+05 0.8812E+01  6.983 0.0000 0.2000E-04 0.1000E+01
1685 0.1153E+01 0.2290E+03 0.3278E-07 0.8001E+01 0.4476E+05 0.8830E+01  6.972 0.0000 0.2000E-04 0.1000E+01
1690 0.1189E+01 0.2271E+03 0.3165E-07 0.7995E+01 0.4453E+05 0.8849E+01  6.962 0.0000 0.2000E-04 0.1000E+01
1695 0.1227E+01 0.2252E+03 0.3056E-07 0.7988E+01 0.4430E+05 0.8868E+01  6.951 0.0000 0.2000E-04 0.1000E+01
1700 0.1265E+01 0.2233E+03 0.2951E-07 0.7982E+01 0.4407E+05 0.8887E+01  6.940 0.0000 0.2000E-04 0.1000E+01
1705 0.1305E+01 0.2215E+03 0.2850E-07 0.7975E+01 0.4385E+05 0.8905E+01  6.929 0.0000 0.2000E-04 0.1000E+01
1710 0.1345E+01 0.2196E+03 0.2752E-07 0.7969E+01 0.4362E+05 0.8924E+01  6.918 0.0000 0.2000E-04 0.1000E+01
1715 0.1387E+01 0.2178E+03 0.2658E-07 0.7963E+01 0.4339E+05 0.8942E+01  6.907 0.0000 0.2000E-04 0.1000E+01
1720 0.1431E+01 0.2160E+03 0.2567E-07 0.7956E+01 0.4317E+05 0.8961E+01  6.896 0.0000 0.2000E-04 0.1000E+01
1725 0.1475E+01 0.2143E+03 0.2481E-07 0.7950E+01 0.4295E+05 0.8979E+01  6.885 0.0000 0.2000E-04 0.1000E+01
1728 0.1500E+01 0.2133E+03 0.2434E-07 0.7947E+01 0.4282E+05 0.8989E+01  6.879 0.0000 0.2000E-04 0.1000E+01
1730 0.1518E+01 0.2126E+03 0.2401E-07 0.7944E+01 0.4273E+05 0.8996E+01  6.875 0.0000 0.2000E-04 0.1000E+01
1735 0.1565E+01 0.2109E+03 0.2320E-07 0.7938E+01 0.4251E+05 0.9015E+01  6.864 0.0000 0.2000E-04 0.1000E+01
1740 0.1614E+01 0.2092E+03 0.2242E-07 0.7932E+01 0.4229E+05 0.9033E+01  6.853 0.0000 0.2000E-04 0.1000E+01
1745 0.1664E+01 0.2075E+03 0.2168E-07 0.7926E+01 0.4207E+05 0.9051E+01  6.842 0.0000 0.2000E-04 0.1000E+01
1750 0.1715E+01 0.2058E+03 0.2096E-07 0.7920E+01 0.4185E+05 0.9069E+01  6.831 0.0000 0.2000E-04 0.1000E+01
1755 0.1767E+01 0.2042E+03 0.2027E-07 0.7914E+01 0.4163E+05 0.9087E+01  6.821 0.0000 0.2000E-04 0.1000E+01
1760 0.1822E+01 0.2025E+03 0.1960E-07 0.7908E+01 0.4141E+05 0.9105E+01  6.810 0.0000 0.2000E-04 0.1000E+01
1765 0.1877E+01 0.2010E+03 0.1897E-07 0.7902E+01 0.4120E+05 0.9123E+01  6.799 0.0000 0.2000E-04 0.1000E+01
1770 0.1935E+01 0.1994E+03 0.1835E-07 0.7896E+01 0.4098E+05 0.9140E+01  6.788 0.0000 0.2000E-04 0.1000E+01
1775 0.1994E+01 0.1978E+03 0.1776E-07 0.7890E+01 0.4077E+05 0.9158E+01  6.777 0.0000 0.2000E-04 0.1000E+01
1776 0.2000E+01 0.1977E+03 0.1770E-07 0.7889E+01 0.4074E+05 0.9160E+01  6.776 0.0000 0.2000E-04 0.1000E+01
1780 0.2048E+01 0.1964E+03 0.1724E-07 0.7885E+01 0.4057E+05 0.9174E+01  6.767 0.0000 0.2000E-04 0.1000E+01
1785 0.2110E+01 0.1949E+03 0.1669E-07 0.7879E+01 0.4036E+05 0.9192E+01  6.756 0.0000 0.2000E-04 0.1000E+01
1790 0.2174E+01 0.1934E+03 0.1617E-07 0.7873E+01 0.4015E+05 0.9209E+01  6.745 0.0000 0.2000E-04 0.1000E+01
1795 0.2240E+01 0.1920E+03 0.1566E-07 0.7867E+01 0.3994E+05 0.9227E+01  6.735 0.0000 0.2000E-04 0.1000E+01
1800 0.2307E+01 0.1905E+03 0.1517E-07 0.7862E+01 0.3973E+05 0.9244E+01  6.724 0.0000 0.2000E-04 0.1000E+01
1805 0.2376E+01 0.1891E+03 0.1471E-07 0.7856E+01 0.3951E+05 0.9261E+01  6.713 0.0000 0.2000E-04 0.1000E+01
1810 0.2447E+01 0.1878E+03 0.1426E-07 0.7850E+01 0.3931E+05 0.9279E+01  6.702 0.0000 0.2000E-04 0.1000E+01
1814 0.2500E+01 0.1867E+03 0.1394E-07 0.7846E+01 0.3915E+05 0.9291E+01  6.694 0.0000 0.2000E-04 0.1000E+01
1815 0.2515E+01 0.1865E+03 0.1386E-07 0.7845E+01 0.3911E+05 0.9295E+01  6.692 0.0000 0.2000E-04 0.1000E+01
1820 0.2589E+01 0.1851E+03 0.1345E-07 0.7839E+01 0.3890E+05 0.9312E+01  6.681 0.0000 0.2000E-04 0.1000E+01
1825 0.2666E+01 0.1838E+03 0.1305E-07 0.7834E+01 0.3870E+05 0.9329E+01  6.670 0.0000 0.2000E-04 0.1000E+01
1830 0.2744E+01 0.1825E+03 0.1267E-07 0.7828E+01 0.3849E+05 0.9346E+01  6.659 0.0000 0.2000E-04 0.1000E+01
1835 0.2824E+01 0.1813E+03 0.1231E-07 0.7823E+01 0.3828E+05 0.9363E+01  6.648 0.0000 0.2000E-04 0.1000E+01
1840 0.2906E+01 0.1800E+03 0.1196E-07 0.7817E+01 0.3808E+05 0.9379E+01  6.637 0.0000 0.2000E-04 0.1000E+01
1845 0.2990E+01 0.1788E+03 0.1162E-07 0.7812E+01 0.3788E+05 0.9396E+01  6.626 0.0000 0.2000E-04 0.1000E+01
1846 0.3000E+01 0.1787E+03 0.1158E-07 0.7811E+01 0.3785E+05 0.9398E+01  6.625 0.0000 0.2000E-04 0.1000E+01
1850 0.3069E+01 0.1777E+03 0.1132E-07 0.7807E+01 0.3769E+05 0.9412E+01  6.616 0.0000 0.2000E-04 0.1000E+01
1855 0.3156E+01 0.1765E+03 0.1101E-07 0.7802E+01 0.3749E+05 0.9428E+01  6.606 0.0000 0.2000E-04 0.1000E+01
1860 0.3246E+01 0.1754E+03 0.1070E-07 0.7797E+01 0.3729E+05 0.9445E+01  6.595 0.0000 0.2000E-04 0.1000E+01
1865 0.3338E+01 0.1742E+03 0.1041E-07 0.7791E+01 0.3709E+05 0.9461E+01  6.584 0.0000 0.2000E-04 0.1000E+01
1870 0.3431E+01 0.1731E+03 0.1013E-07 0.7786E+01 0.3689E+05 0.9477E+01  6.573 0.0000 0.2000E-04 0.1000E+01
1874 0.3500E+01 0.1723E+03 0.9936E-08 0.7782E+01 0.3675E+05 0.9489E+01  6.565 0.0000 0.2000E-04 0.1000E+01
1875 0.3519E+01 0.1721E+03 0.9882E-08 0.7781E+01 0.3671E+05 0.9492E+01  6.563 0.0000 0.2000E-04 0.1000E+01
1880 0.3617E+01 0.1710E+03 0.9620E-08 0.7776E+01 0.3651E+05 0.9509E+01  6.552 0.0000 0.2000E-04 0.1000E+01
1885 0.3717E+01 0.1699E+03 0.9366E-08 0.7771E+01 0.3632E+05 0.9525E+01  6.541 0.0000 0.2000E-04 0.1000E+01
1890 0.3819E+01 0.1688E+03 0.9119E-08 0.7766E+01 0.3612E+05 0.9541E+01  6.530 0.0000 0.2000E-04 0.1000E+01
1895 0.3923E+01 0.1677E+03 0.8881E-08 0.7761E+01 0.3593E+05 0.9557E+01  6.519 0.0000 0.2000E-04 0.1000E+01
1899 0.4000E+01 0.1670E+03 0.8714E-08 0.7757E+01 0.3579E+05 0.9568E+01  6.512 0.0000 0.2000E-04 0.1000E+01
1900 0.4021E+01 0.1668E+03 0.8669E-08 0.7756E+01 0.3575E+05 0.9571E+01  6.509 0.0000 0.2000E-04 0.1000E+01
1905 0.4130E+01 0.1657E+03 0.8445E-08 0.7751E+01 0.3556E+05 0.9587E+01  6.498 0.0000 0.2000E-04 0.1000E+01
1910 0.4241E+01 0.1647E+03 0.8227E-08 0.7746E+01 0.3537E+05 0.9603E+01  6.488 0.0000 0.2000E-04 0.1000E+01
1915 0.4354E+01 0.1637E+03 0.8018E-08 0.7741E+01 0.3518E+05 0.9619E+01  6.477 0.0000 0.2000E-04 0.1000E+01
1920 0.4470E+01 0.1627E+03 0.7814E-08 0.7737E+01 0.3499E+05 0.9634E+01  6.466 0.0000 0.2000E-04 0.1000E+01
1922 0.4500E+01 0.1625E+03 0.7762E-08 0.7735E+01 0.3494E+05 0.9638E+01  6.463 0.0000 0.2000E-04 0.1000E+01
1925 0.4571E+01 0.1619E+03 0.7644E-08 0.7732E+01 0.3482E+05 0.9648E+01  6.456 0.0000 0.2000E-04 0.1000E+01
1930 0.4691E+01 0.1609E+03 0.7452E-08 0.7728E+01 0.3464E+05 0.9663E+01  6.446 0.0000 0.2000E-04 0.1000E+01
1935 0.4813E+01 0.1599E+03 0.7266E-08 0.7723E+01 0.3445E+05 0.9679E+01  6.435 0.0000 0.2000E-04 0.1000E+01
1940 0.4938E+01 0.1590E+03 0.7085E-08 0.7718E+01 0.3426E+05 0.9694E+01  6.424 0.0000 0.2000E-04 0.1000E+01
1943 0.5000E+01 0.1585E+03 0.6998E-08 0.7716E+01 0.3417E+05 0.9701E+01  6.418 0.0000 0.2000E-04 0.1000E+01
1945 0.5051E+01 0.1581E+03 0.6928E-08 0.7714E+01 0.3410E+05 0.9707E+01  6.414 0.0000 0.2000E-04 0.1000E+01
1950 0.5180E+01 0.1572E+03 0.6758E-08 0.7709E+01 0.3392E+05 0.9723E+01  6.403 0.0000 0.2000E-04 0.1000E+01
1955 0.5312E+01 0.1563E+03 0.6593E-08 0.7704E+01 0.3373E+05 0.9738E+01  6.392 0.0000 0.2000E-04 0.1000E+01
1960 0.5447E+01 0.1554E+03 0.6431E-08 0.7700E+01 0.3355E+05 0.9753E+01  6.381 0.0000 0.2000E-04 0.1000E+01
1962 0.5500E+01 0.1550E+03 0.6370E-08 0.7698E+01 0.3348E+05 0.9758E+01  6.377 0.0000 0.2000E-04 0.1000E+01
1965 0.5583E+01 0.1545E+03 0.6277E-08 0.7695E+01 0.3337E+05 0.9767E+01  6.371 0.0000 0.2000E-04 0.1000E+01
1970 0.5723E+01 0.1536E+03 0.6124E-08 0.7690E+01 0.3319E+05 0.9782E+01  6.360 0.0000 0.2000E-04 0.1000E+01
1975 0.5865E+01 0.1527E+03 0.5976E-08 0.7686E+01 0.3301E+05 0.9797E+01  6.349 0.0000 0.2000E-04 0.1000E+01
1980 0.6000E+01 0.1518E+03 0.5841E-08 0.7682E+01 0.3285E+05 0.9811E+01  6.339 0.0000 0.2000E-04 0.1000E+01
1980 0.6000E+01 0.1518E+03 0.5841E-08 0.7682E+01 0.3285E+05 0.9811E+01  6.339 0.0000 0.2000E-04 0.1000E+01
1985 0.6148E+01 0.1510E+03 0.5701E-08 0.7677E+01 0.3267E+05 0.9825E+01  6.328 0.0000 0.2000E-04 0.1000E+01
1990 0.6299E+01 0.1501E+03 0.5564E-08 0.7673E+01 0.3250E+05 0.9840E+01  6.317 0.0000 0.2000E-04 0.1000E+01
1995 0.6453E+01 0.1492E+03 0.5431E-08 0.7668E+01 0.3232E+05 0.9854E+01  6.306 0.0000 0.2000E-04 0.1000E+01
1997 0.6500E+01 0.1490E+03 0.5391E-08 0.7667E+01 0.3227E+05 0.9859E+01  6.303 0.0000 0.2000E-04 0.1000E+01
2000 0.6594E+01 0.1485E+03 0.5313E-08 0.7664E+01 0.3216E+05 0.9867E+01  6.296 0.0000 0.2000E-04 0.1000E+01
2005 0.6753E+01 0.1476E+03 0.5187E-08 0.7660E+01 0.3199E+05 0.9882E+01  6.285 0.0000 0.2000E-04 0.1000E+01
2010 0.6916E+01 0.1468E+03 0.5064E-08 0.7655E+01 0.3182E+05 0.9896E+01  6.275 0.0000 0.2000E-04 0.1000E+01
2013 0.7000E+01 0.1463E+03 0.5002E-08 0.7653E+01 0.3173E+05 0.9903E+01  6.269 0.0000 0.2000E-04 0.1000E+01
2015 0.7066E+01 0.1460E+03 0.4954E-08 0.7651E+01 0.3166E+05 0.9909E+01  6.265 0.0000 0.2000E-04 0.1000E+01
2020 0.7234E+01 0.1452E+03 0.4837E-08 0.7647E+01 0.3149E+05 0.9923E+01  6.254 0.0000 0.2000E-04 0.1000E+01
2025 0.7406E+01 0.1444E+03 0.4723E-08 0.7642E+01 0.3132E+05 0.9937E+01  6.243 0.0000 0.2000E-04 0.1000E+01
2028 0.7500E+01 0.1439E+03 0.4662E-08 0.7640E+01 0.3123E+05 0.9945E+01  6.237 0.0000 0.2000E-04 0.1000E+01
2030 0.7570E+01 0.1436E+03 0.4618E-08 0.7638E+01 0.3117E+05 0.9950E+01  6.233 0.0000 0.2000E-04 0.1000E+01
2035 0.7748E+01 0.1428E+03 0.4510E-08 0.7634E+01 0.3100E+05 0.9964E+01  6.222 0.0000 0.2000E-04 0.1000E+01
2040 0.7928E+01 0.1420E+03 0.4404E-08 0.7630E+01 0.3083E+05 0.9978E+01  6.211 0.0000 0.2000E-04 0.1000E+01
2042 0.8000E+01 0.1417E+03 0.4364E-08 0.7628E+01 0.3077E+05 0.9984E+01  6.207 0.0000 0.2000E-04 0.1000E+01
2045 0.8111E+01 0.1412E+03 0.4302E-08 0.7625E+01 0.3067E+05 0.9992E+01  6.200 0.0000 0.2000E-04 0.1000E+01
2050 0.8299E+01 0.1404E+03 0.4201E-08 0.7621E+01 0.3050E+05 0.1001E+02  6.189 0.0000 0.2000E-04 0.1000E+01
2055 0.8490E+01 0.1396E+03 0.4103E-08 0.7617E+01 0.3034E+05 0.1002E+02  6.178 0.0000 0.2000E-04 0.1000E+01
2056 0.8500E+01 0.1396E+03 0.4098E-08 0.7617E+01 0.3033E+05 0.1002E+02  6.178 0.0000 0.2000E-04 0.1000E+01
2060 0.8656E+01 0.1389E+03 0.4022E-08 0.7613E+01 0.3020E+05 0.1003E+02  6.169 0.0000 0.2000E-04 0.1000E+01
2065 0.8853E+01 0.1382E+03 0.3928E-08 0.7609E+01 0.3004E+05 0.1004E+02  6.158 0.0000 0.2000E-04 0.1000E+01
2069 0.9000E+01 0.1376E+03 0.3861E-08 0.7606E+01 0.2992E+05 0.1005E+02  6.150 0.0000 0.2000E-04 0.1000E+01
2070 0.9040E+01 0.1374E+03 0.3843E-08 0.7605E+01 0.2989E+05 0.1006E+02  6.148 0.0000 0.2000E-04 0.1000E+01
2075 0.9245E+01 0.1367E+03 0.3754E-08 0.7601E+01 0.2973E+05 0.1007E+02  6.137 0.0000 0.2000E-04 0.1000E+01
2080 0.9454E+01 0.1359E+03 0.3667E-08 0.7597E+01 0.2957E+05 0.1008E+02  6.126 0.0000 0.2000E-04 0.1000E+01
2082 0.9500E+01 0.1357E+03 0.3648E-08 0.7596E+01 0.2953E+05 0.1009E+02  6.124 0.0000 0.2000E-04 0.1000E+01
2085 0.9627E+01 0.1353E+03 0.3597E-08 0.7594E+01 0.2944E+05 0.1010E+02  6.117 0.0000 0.2000E-04 0.1000E+01
2090 0.9843E+01 0.1345E+03 0.3514E-08 0.7589E+01 0.2928E+05 0.1011E+02  6.106 0.0000 0.2000E-04 0.1000E+01
2094 0.1000E+02 0.1340E+03 0.3455E-08 0.7586E+01 0.2916E+05 0.1012E+02  6.099 0.0000 0.2000E-04 0.1000E+01
