 $INPUT
 IMODEL	=             1
 N	=           120
 MINSTP	=             0
 VEOS	=  1.000000000000000
 ILOOP	=             1
 STATIC	=   F
 FRACT	=  3.0000000000000001E-03
 SHINE	=  0.3000000000000000
 SHAVE	=  9.9999999999999995E-08
 POUT	=  5000000.000000000
 AMETH	=             2
 CMETH	=             1
 NOBOND	=             1
 TBEG	=  5.0000000000000004E-06
 TIMEF	=  20.00000000000000
 DTIMEO	=  5.0000000000000003E-02
 STEPO	=  0.5000000000000000
 LCORR	=   T
 LSTART	=   F
 MAXSTP	=         20000
 SPK	=  15.95000000000000
 STARL	=  0.0000000000000000E+00
 DIST	=  5.200000000000000
 ALB	=  0.3500000000000000
 TEFFS	=  5770.000000000000
 LCONV	=   T
 LTRANS	=   T
 LPOUT	=   F
 LFILL	=   F
 LCONT	=   T
 LBURN	=   T
 MAG	=  'O '
 GAM	=  '7X'
 MASS	=  19.89200000000000
 YHEA	=  0.2500000000000000
 YDI	=  2.0000000000000002E-05
 HB	=  1.000000000000000
 $end
 
 
 Gam,Mass,Yhe,Ydi,Dist,starl,alb=  7X  19.892   0.250 0.200E-04 0.520E+01 0.000E+00 0.350E+00
  I  Time(Gyrs) Teff        Lumin      Rad(Gcm)  Tc         Rhoc       S      Ratio  Yd         Yl


   5 0.6662E-07 0.1479E+04 0.6448E-01 0.2689E+03 0.5301E+05 0.1697E-01 15.941 0.0000 0.2000E-04 0.1000E+01
  10 0.1293E-06 0.1501E+04 0.6504E-01 0.2622E+03 0.5385E+05 0.1767E-01 15.932 0.0000 0.2000E-04 0.1000E+01
  15 0.1976E-06 0.1524E+04 0.6554E-01 0.2556E+03 0.5473E+05 0.1841E-01 15.922 0.0000 0.2000E-04 0.1000E+01
  20 0.2720E-06 0.1546E+04 0.6595E-01 0.2489E+03 0.5563E+05 0.1919E-01 15.912 0.0000 0.2000E-04 0.1000E+01
  25 0.3557E-06 0.1569E+04 0.6630E-01 0.2422E+03 0.5660E+05 0.2003E-01 15.900 0.0000 0.2000E-04 0.1000E+01
  30 0.4449E-06 0.1593E+04 0.6656E-01 0.2357E+03 0.5759E+05 0.2092E-01 15.888 0.0000 0.2000E-04 0.1000E+01
  35 0.5426E-06 0.1616E+04 0.6673E-01 0.2291E+03 0.5862E+05 0.2186E-01 15.874 0.0000 0.2000E-04 0.1000E+01
  40 0.6497E-06 0.1640E+04 0.6680E-01 0.2226E+03 0.5971E+05 0.2287E-01 15.859 0.0000 0.2000E-04 0.1000E+01
  45 0.7672E-06 0.1665E+04 0.6677E-01 0.2160E+03 0.6084E+05 0.2395E-01 15.844 0.0000 0.2000E-04 0.1000E+01
  50 0.8967E-06 0.1689E+04 0.6662E-01 0.2095E+03 0.6202E+05 0.2512E-01 15.827 0.0000 0.2000E-04 0.1000E+01
  55 0.1039E-05 0.1714E+04 0.6634E-01 0.2031E+03 0.6326E+05 0.2638E-01 15.808 0.0000 0.2000E-04 0.1000E+01
  60 0.1198E-05 0.1740E+04 0.6594E-01 0.1966E+03 0.6454E+05 0.2777E-01 15.788 0.0000 0.2000E-04 0.1000E+01
  65 0.1370E-05 0.1765E+04 0.6542E-01 0.1902E+03 0.6586E+05 0.2926E-01 15.767 0.0000 0.2000E-04 0.1000E+01
  70 0.1550E-05 0.1790E+04 0.6480E-01 0.1842E+03 0.6717E+05 0.3078E-01 15.745 0.0000 0.2000E-04 0.1000E+01
  75 0.1735E-05 0.1812E+04 0.6408E-01 0.1786E+03 0.6846E+05 0.3234E-01 15.724 0.0000 0.2000E-04 0.1000E+01
  80 0.1923E-05 0.1834E+04 0.6331E-01 0.1734E+03 0.6971E+05 0.3389E-01 15.703 0.0000 0.2000E-04 0.1000E+01
  85 0.2117E-05 0.1854E+04 0.6248E-01 0.1685E+03 0.7097E+05 0.3546E-01 15.681 0.0000 0.2000E-04 0.1000E+01
  90 0.2318E-05 0.1873E+04 0.6160E-01 0.1639E+03 0.7222E+05 0.3707E-01 15.660 0.0000 0.2000E-04 0.1000E+01
  95 0.2526E-05 0.1892E+04 0.6068E-01 0.1595E+03 0.7348E+05 0.3872E-01 15.638 0.0000 0.2000E-04 0.1000E+01
 100 0.2744E-05 0.1909E+04 0.5973E-01 0.1554E+03 0.7474E+05 0.4042E-01 15.616 0.0000 0.2000E-04 0.1000E+01
 105 0.2967E-05 0.1926E+04 0.5875E-01 0.1514E+03 0.7597E+05 0.4216E-01 15.595 0.0000 0.2000E-04 0.1000E+01
 110 0.3195E-05 0.1942E+04 0.5777E-01 0.1477E+03 0.7719E+05 0.4392E-01 15.573 0.0000 0.2000E-04 0.1000E+01
 115 0.3430E-05 0.1957E+04 0.5679E-01 0.1441E+03 0.7837E+05 0.4572E-01 15.552 0.0000 0.2000E-04 0.1000E+01
 120 0.3672E-05 0.1972E+04 0.5579E-01 0.1407E+03 0.7956E+05 0.4756E-01 15.530 0.0000 0.2000E-04 0.1000E+01
 125 0.3924E-05 0.1986E+04 0.5478E-01 0.1375E+03 0.8073E+05 0.4947E-01 15.509 0.0000 0.2000E-04 0.1000E+01
 130 0.4187E-05 0.2000E+04 0.5376E-01 0.1343E+03 0.8192E+05 0.5144E-01 15.487 0.0000 0.2000E-04 0.1000E+01
 135 0.4461E-05 0.2013E+04 0.5274E-01 0.1313E+03 0.8312E+05 0.5347E-01 15.465 0.0000 0.2000E-04 0.1000E+01
 140 0.4745E-05 0.2026E+04 0.5172E-01 0.1283E+03 0.8433E+05 0.5556E-01 15.443 0.0000 0.2000E-04 0.1000E+01
 145 0.5000E-05 0.2037E+04 0.5083E-01 0.1259E+03 0.8539E+05 0.5742E-01 15.423 0.0000 0.2000E-04 0.1000E+01
 145 0.0000E+00 0.2037E+04 0.5083E-01 0.1259E+03 0.8539E+05 0.5742E-01 15.423 0.0000 0.2000E-04 0.1000E+01
 150 0.2978E-06 0.2049E+04 0.4984E-01 0.1232E+03 0.8658E+05 0.5957E-01 15.402 0.0000 0.2000E-04 0.1000E+01
 155 0.6037E-06 0.2061E+04 0.4886E-01 0.1206E+03 0.8777E+05 0.6176E-01 15.380 0.0000 0.2000E-04 0.1000E+01
 160 0.9193E-06 0.2072E+04 0.4790E-01 0.1182E+03 0.8895E+05 0.6400E-01 15.358 0.0000 0.2000E-04 0.1000E+01
 165 0.1247E-05 0.2082E+04 0.4695E-01 0.1158E+03 0.9014E+05 0.6630E-01 15.337 0.0000 0.2000E-04 0.1000E+01
 170 0.1589E-05 0.2093E+04 0.4599E-01 0.1134E+03 0.9133E+05 0.6868E-01 15.315 0.0000 0.2000E-04 0.1000E+01
 175 0.1945E-05 0.2103E+04 0.4505E-01 0.1112E+03 0.9253E+05 0.7116E-01 15.292 0.0000 0.2000E-04 0.1000E+01
 180 0.2317E-05 0.2113E+04 0.4413E-01 0.1090E+03 0.9373E+05 0.7371E-01 15.270 0.0000 0.2000E-04 0.1000E+01
 185 0.2703E-05 0.2123E+04 0.4320E-01 0.1068E+03 0.9494E+05 0.7637E-01 15.248 0.0000 0.2000E-04 0.1000E+01
 190 0.3100E-05 0.2133E+04 0.4229E-01 0.1048E+03 0.9614E+05 0.7910E-01 15.225 0.0000 0.2000E-04 0.1000E+01
 195 0.3508E-05 0.2142E+04 0.4140E-01 0.1028E+03 0.9734E+05 0.8189E-01 15.203 0.0000 0.2000E-04 0.1000E+01
 200 0.3928E-05 0.2151E+04 0.4053E-01 0.1009E+03 0.9853E+05 0.8473E-01 15.181 0.0000 0.2000E-04 0.1000E+01
 205 0.4362E-05 0.2159E+04 0.3969E-01 0.9899E+02 0.9972E+05 0.8766E-01 15.159 0.0000 0.2000E-04 0.1000E+01
 210 0.4809E-05 0.2168E+04 0.3886E-01 0.9719E+02 0.1009E+06 0.9065E-01 15.136 0.0000 0.2000E-04 0.1000E+01
 215 0.5272E-05 0.2176E+04 0.3805E-01 0.9544E+02 0.1021E+06 0.9371E-01 15.114 0.0000 0.2000E-04 0.1000E+01
 220 0.5753E-05 0.2184E+04 0.3725E-01 0.9373E+02 0.1033E+06 0.9687E-01 15.092 0.0000 0.2000E-04 0.1000E+01
 225 0.6251E-05 0.2192E+04 0.3646E-01 0.9206E+02 0.1045E+06 0.1001E+00 15.070 0.0000 0.2000E-04 0.1000E+01
 230 0.6770E-05 0.2200E+04 0.3568E-01 0.9044E+02 0.1058E+06 0.1034E+00 15.047 0.0000 0.2000E-04 0.1000E+01
 235 0.7311E-05 0.2208E+04 0.3492E-01 0.8884E+02 0.1070E+06 0.1069E+00 15.024 0.0000 0.2000E-04 0.1000E+01
 240 0.7875E-05 0.2215E+04 0.3416E-01 0.8728E+02 0.1082E+06 0.1105E+00 15.001 0.0000 0.2000E-04 0.1000E+01
 245 0.8458E-05 0.2223E+04 0.3343E-01 0.8576E+02 0.1095E+06 0.1141E+00 14.978 0.0000 0.2000E-04 0.1000E+01
 250 0.9056E-05 0.2230E+04 0.3271E-01 0.8430E+02 0.1107E+06 0.1179E+00 14.955 0.0000 0.2000E-04 0.1000E+01
 255 0.9673E-05 0.2237E+04 0.3201E-01 0.8287E+02 0.1120E+06 0.1217E+00 14.933 0.0000 0.2000E-04 0.1000E+01
 260 0.1031E-04 0.2243E+04 0.3133E-01 0.8149E+02 0.1132E+06 0.1257E+00 14.910 0.0000 0.2000E-04 0.1000E+01
 265 0.1097E-04 0.2250E+04 0.3066E-01 0.8014E+02 0.1144E+06 0.1298E+00 14.887 0.0000 0.2000E-04 0.1000E+01
 270 0.1165E-04 0.2257E+04 0.3000E-01 0.7882E+02 0.1156E+06 0.1339E+00 14.864 0.0000 0.2000E-04 0.1000E+01
 275 0.1236E-04 0.2263E+04 0.2936E-01 0.7754E+02 0.1168E+06 0.1382E+00 14.841 0.0000 0.2000E-04 0.1000E+01
 280 0.1309E-04 0.2269E+04 0.2874E-01 0.7629E+02 0.1181E+06 0.1426E+00 14.818 0.0000 0.2000E-04 0.1000E+01
 285 0.1385E-04 0.2275E+04 0.2812E-01 0.7507E+02 0.1193E+06 0.1471E+00 14.795 0.0000 0.2000E-04 0.1000E+01
 290 0.1463E-04 0.2281E+04 0.2752E-01 0.7387E+02 0.1205E+06 0.1518E+00 14.772 0.0000 0.2000E-04 0.1000E+01
 295 0.1544E-04 0.2287E+04 0.2693E-01 0.7270E+02 0.1217E+06 0.1565E+00 14.749 0.0000 0.2000E-04 0.1000E+01
 300 0.1628E-04 0.2293E+04 0.2636E-01 0.7156E+02 0.1228E+06 0.1614E+00 14.726 0.0000 0.2000E-04 0.1000E+01
 305 0.1715E-04 0.2298E+04 0.2579E-01 0.7045E+02 0.1240E+06 0.1664E+00 14.702 0.0000 0.2000E-04 0.1000E+01
 310 0.1805E-04 0.2304E+04 0.2524E-01 0.6936E+02 0.1252E+06 0.1715E+00 14.679 0.0000 0.2000E-04 0.1000E+01
 315 0.1898E-04 0.2309E+04 0.2470E-01 0.6830E+02 0.1264E+06 0.1767E+00 14.656 0.0000 0.2000E-04 0.1000E+01
 320 0.1994E-04 0.2314E+04 0.2417E-01 0.6725E+02 0.1276E+06 0.1821E+00 14.632 0.0000 0.2000E-04 0.1000E+01
 325 0.2093E-04 0.2320E+04 0.2365E-01 0.6624E+02 0.1289E+06 0.1876E+00 14.609 0.0000 0.2000E-04 0.1000E+01
 330 0.2196E-04 0.2325E+04 0.2315E-01 0.6524E+02 0.1301E+06 0.1932E+00 14.585 0.0000 0.2000E-04 0.1000E+01
 335 0.2303E-04 0.2330E+04 0.2265E-01 0.6426E+02 0.1313E+06 0.1990E+00 14.561 0.0000 0.2000E-04 0.1000E+01
 340 0.2414E-04 0.2334E+04 0.2216E-01 0.6331E+02 0.1325E+06 0.2049E+00 14.537 0.0000 0.2000E-04 0.1000E+01
 345 0.2528E-04 0.2339E+04 0.2169E-01 0.6237E+02 0.1337E+06 0.2110E+00 14.514 0.0000 0.2000E-04 0.1000E+01
 350 0.2646E-04 0.2344E+04 0.2123E-01 0.6146E+02 0.1349E+06 0.2173E+00 14.490 0.0000 0.2000E-04 0.1000E+01
 355 0.2768E-04 0.2348E+04 0.2077E-01 0.6057E+02 0.1361E+06 0.2237E+00 14.466 0.0000 0.2000E-04 0.1000E+01
 360 0.2893E-04 0.2353E+04 0.2033E-01 0.5969E+02 0.1374E+06 0.2302E+00 14.442 0.0000 0.2000E-04 0.1000E+01
 365 0.3022E-04 0.2357E+04 0.1990E-01 0.5884E+02 0.1386E+06 0.2369E+00 14.418 0.0000 0.2000E-04 0.1000E+01
 370 0.3156E-04 0.2361E+04 0.1948E-01 0.5801E+02 0.1398E+06 0.2437E+00 14.394 0.0000 0.2000E-04 0.1000E+01
 375 0.3293E-04 0.2365E+04 0.1907E-01 0.5720E+02 0.1410E+06 0.2507E+00 14.370 0.0000 0.2000E-04 0.1000E+01
 380 0.3435E-04 0.2369E+04 0.1867E-01 0.5640E+02 0.1422E+06 0.2579E+00 14.346 0.0000 0.2000E-04 0.1000E+01
 385 0.3582E-04 0.2373E+04 0.1828E-01 0.5562E+02 0.1434E+06 0.2652E+00 14.322 0.0000 0.2000E-04 0.1000E+01
 390 0.3733E-04 0.2377E+04 0.1789E-01 0.5486E+02 0.1447E+06 0.2727E+00 14.298 0.0000 0.2000E-04 0.1000E+01
 395 0.3889E-04 0.2381E+04 0.1752E-01 0.5411E+02 0.1459E+06 0.2804E+00 14.274 0.0000 0.2000E-04 0.1000E+01
 400 0.4049E-04 0.2384E+04 0.1715E-01 0.5338E+02 0.1471E+06 0.2883E+00 14.250 0.0000 0.2000E-04 0.1000E+01
 405 0.4215E-04 0.2388E+04 0.1679E-01 0.5266E+02 0.1484E+06 0.2963E+00 14.226 0.0000 0.2000E-04 0.1000E+01
 410 0.4386E-04 0.2391E+04 0.1644E-01 0.5196E+02 0.1496E+06 0.3046E+00 14.202 0.0000 0.2000E-04 0.1000E+01
 415 0.4562E-04 0.2395E+04 0.1610E-01 0.5127E+02 0.1508E+06 0.3131E+00 14.177 0.0000 0.2000E-04 0.1000E+01
 420 0.4744E-04 0.2398E+04 0.1576E-01 0.5060E+02 0.1521E+06 0.3218E+00 14.153 0.0000 0.2000E-04 0.1000E+01
 425 0.4931E-04 0.2401E+04 0.1544E-01 0.4993E+02 0.1533E+06 0.3306E+00 14.129 0.0000 0.2000E-04 0.1000E+01
 430 0.5125E-04 0.2404E+04 0.1511E-01 0.4928E+02 0.1546E+06 0.3398E+00 14.104 0.0000 0.2000E-04 0.1000E+01
 435 0.5325E-04 0.2407E+04 0.1480E-01 0.4864E+02 0.1559E+06 0.3491E+00 14.080 0.0000 0.2000E-04 0.1000E+01
 440 0.5532E-04 0.2410E+04 0.1449E-01 0.4801E+02 0.1571E+06 0.3588E+00 14.055 0.0000 0.2000E-04 0.1000E+01
 445 0.5745E-04 0.2413E+04 0.1418E-01 0.4739E+02 0.1584E+06 0.3687E+00 14.031 0.0000 0.2000E-04 0.1000E+01
 450 0.5966E-04 0.2416E+04 0.1388E-01 0.4678E+02 0.1597E+06 0.3789E+00 14.006 0.0000 0.2000E-04 0.1000E+01
 455 0.6194E-04 0.2419E+04 0.1359E-01 0.4618E+02 0.1610E+06 0.3893E+00 13.981 0.0000 0.2000E-04 0.1000E+01
 460 0.6430E-04 0.2421E+04 0.1330E-01 0.4558E+02 0.1623E+06 0.4001E+00 13.956 0.0000 0.2000E-04 0.1000E+01
 465 0.6674E-04 0.2424E+04 0.1302E-01 0.4500E+02 0.1637E+06 0.4113E+00 13.931 0.0000 0.2000E-04 0.1000E+01
 470 0.6927E-04 0.2426E+04 0.1274E-01 0.4443E+02 0.1650E+06 0.4226E+00 13.905 0.0000 0.2000E-04 0.1000E+01
 475 0.7188E-04 0.2429E+04 0.1247E-01 0.4386E+02 0.1664E+06 0.4343E+00 13.880 0.0000 0.2000E-04 0.1000E+01
 480 0.7458E-04 0.2431E+04 0.1220E-01 0.4331E+02 0.1677E+06 0.4463E+00 13.855 0.0000 0.2000E-04 0.1000E+01
 485 0.7737E-04 0.2433E+04 0.1194E-01 0.4276E+02 0.1691E+06 0.4587E+00 13.829 0.0000 0.2000E-04 0.1000E+01
 490 0.8026E-04 0.2436E+04 0.1169E-01 0.4223E+02 0.1705E+06 0.4714E+00 13.804 0.0000 0.2000E-04 0.1000E+01
 495 0.8324E-04 0.2438E+04 0.1144E-01 0.4170E+02 0.1718E+06 0.4845E+00 13.778 0.0000 0.2000E-04 0.1000E+01
 500 0.8632E-04 0.2440E+04 0.1119E-01 0.4118E+02 0.1732E+06 0.4979E+00 13.753 0.0000 0.2000E-04 0.1000E+01
 505 0.8949E-04 0.2442E+04 0.1095E-01 0.4066E+02 0.1746E+06 0.5116E+00 13.727 0.0000 0.2000E-04 0.1000E+01
 510 0.9275E-04 0.2444E+04 0.1072E-01 0.4016E+02 0.1760E+06 0.5257E+00 13.701 0.0000 0.2000E-04 0.1000E+01
 515 0.9612E-04 0.2446E+04 0.1049E-01 0.3967E+02 0.1774E+06 0.5402E+00 13.675 0.0000 0.2000E-04 0.1000E+01
 520 0.9960E-04 0.2448E+04 0.1026E-01 0.3918E+02 0.1788E+06 0.5551E+00 13.650 0.0000 0.2000E-04 0.1000E+01
 525 0.1032E-03 0.2449E+04 0.1004E-01 0.3870E+02 0.1802E+06 0.5704E+00 13.624 0.0000 0.2000E-04 0.1000E+01
 530 0.1069E-03 0.2451E+04 0.9830E-02 0.3823E+02 0.1817E+06 0.5861E+00 13.598 0.0000 0.2000E-04 0.1000E+01
 535 0.1107E-03 0.2453E+04 0.9622E-02 0.3777E+02 0.1831E+06 0.6022E+00 13.572 0.0000 0.2000E-04 0.1000E+01
 540 0.1146E-03 0.2455E+04 0.9420E-02 0.3732E+02 0.1845E+06 0.6187E+00 13.546 0.0000 0.2000E-04 0.1000E+01
 545 0.1187E-03 0.2457E+04 0.9225E-02 0.3687E+02 0.1860E+06 0.6357E+00 13.520 0.0000 0.2000E-04 0.1000E+01
 550 0.1228E-03 0.2459E+04 0.9033E-02 0.3643E+02 0.1874E+06 0.6532E+00 13.494 0.0000 0.2000E-04 0.1000E+01
 555 0.1272E-03 0.2461E+04 0.8845E-02 0.3599E+02 0.1889E+06 0.6711E+00 13.468 0.0000 0.2000E-04 0.1000E+01
 560 0.1316E-03 0.2462E+04 0.8661E-02 0.3556E+02 0.1904E+06 0.6896E+00 13.442 0.0000 0.2000E-04 0.1000E+01
 565 0.1362E-03 0.2464E+04 0.8481E-02 0.3514E+02 0.1919E+06 0.7086E+00 13.415 0.0000 0.2000E-04 0.1000E+01
 570 0.1409E-03 0.2466E+04 0.8304E-02 0.3473E+02 0.1934E+06 0.7281E+00 13.389 0.0000 0.2000E-04 0.1000E+01
 575 0.1458E-03 0.2468E+04 0.8132E-02 0.3431E+02 0.1949E+06 0.7482E+00 13.362 0.0000 0.2000E-04 0.1000E+01
 580 0.1509E-03 0.2470E+04 0.7966E-02 0.3391E+02 0.1964E+06 0.7688E+00 13.336 0.0000 0.2000E-04 0.1000E+01
 585 0.1561E-03 0.2471E+04 0.7803E-02 0.3351E+02 0.1979E+06 0.7900E+00 13.309 0.0000 0.2000E-04 0.1000E+01
 590 0.1614E-03 0.2473E+04 0.7643E-02 0.3312E+02 0.1994E+06 0.8118E+00 13.283 0.0000 0.2000E-04 0.1000E+01
 595 0.1670E-03 0.2475E+04 0.7486E-02 0.3273E+02 0.2009E+06 0.8342E+00 13.256 0.0000 0.2000E-04 0.1000E+01
 600 0.1727E-03 0.2477E+04 0.7332E-02 0.3235E+02 0.2025E+06 0.8573E+00 13.229 0.0000 0.2000E-04 0.1000E+01
 605 0.1785E-03 0.2478E+04 0.7181E-02 0.3197E+02 0.2040E+06 0.8809E+00 13.202 0.0000 0.2000E-04 0.1000E+01
 610 0.1846E-03 0.2480E+04 0.7032E-02 0.3160E+02 0.2056E+06 0.9053E+00 13.175 0.0000 0.2000E-04 0.1000E+01
 615 0.1909E-03 0.2481E+04 0.6886E-02 0.3123E+02 0.2071E+06 0.9303E+00 13.148 0.0000 0.2000E-04 0.1000E+01
 620 0.1974E-03 0.2483E+04 0.6742E-02 0.3087E+02 0.2087E+06 0.9560E+00 13.121 0.0000 0.2000E-04 0.1000E+01
 625 0.2040E-03 0.2484E+04 0.6601E-02 0.3051E+02 0.2103E+06 0.9824E+00 13.094 0.0000 0.2000E-04 0.1000E+01
 630 0.2109E-03 0.2485E+04 0.6463E-02 0.3016E+02 0.2118E+06 0.1010E+01 13.066 0.0000 0.2000E-04 0.1000E+01
 635 0.2180E-03 0.2486E+04 0.6326E-02 0.2981E+02 0.2134E+06 0.1037E+01 13.039 0.0000 0.2000E-04 0.1000E+01
 640 0.2253E-03 0.2487E+04 0.6192E-02 0.2947E+02 0.2150E+06 0.1066E+01 13.011 0.0000 0.2000E-04 0.1000E+01
 645 0.2329E-03 0.2488E+04 0.6061E-02 0.2913E+02 0.2165E+06 0.1095E+01 12.984 0.0000 0.2000E-04 0.1000E+01
 650 0.2407E-03 0.2489E+04 0.5932E-02 0.2880E+02 0.2181E+06 0.1125E+01 12.956 0.0000 0.2000E-04 0.1000E+01
 655 0.2487E-03 0.2490E+04 0.5806E-02 0.2847E+02 0.2197E+06 0.1156E+01 12.929 0.0000 0.2000E-04 0.1000E+01
 660 0.2570E-03 0.2491E+04 0.5681E-02 0.2815E+02 0.2212E+06 0.1188E+01 12.901 0.0000 0.2000E-04 0.1000E+01
 665 0.2656E-03 0.2492E+04 0.5559E-02 0.2783E+02 0.2228E+06 0.1221E+01 12.873 0.0000 0.2000E-04 0.1000E+01
 670 0.2745E-03 0.2492E+04 0.5440E-02 0.2752E+02 0.2243E+06 0.1255E+01 12.845 0.0000 0.2000E-04 0.1000E+01
 675 0.2836E-03 0.2493E+04 0.5323E-02 0.2720E+02 0.2259E+06 0.1289E+01 12.817 0.0000 0.2000E-04 0.1000E+01
 680 0.2930E-03 0.2494E+04 0.5210E-02 0.2690E+02 0.2275E+06 0.1324E+01 12.789 0.0000 0.2000E-04 0.1000E+01
 685 0.3027E-03 0.2494E+04 0.5099E-02 0.2660E+02 0.2290E+06 0.1361E+01 12.761 0.0000 0.2000E-04 0.1000E+01
 690 0.3127E-03 0.2495E+04 0.4990E-02 0.2630E+02 0.2306E+06 0.1398E+01 12.733 0.0000 0.2000E-04 0.1000E+01
 695 0.3230E-03 0.2495E+04 0.4884E-02 0.2601E+02 0.2321E+06 0.1436E+01 12.705 0.0000 0.2000E-04 0.1000E+01
 700 0.3337E-03 0.2496E+04 0.4780E-02 0.2572E+02 0.2336E+06 0.1476E+01 12.676 0.0000 0.2000E-04 0.1000E+01
 705 0.3446E-03 0.2496E+04 0.4677E-02 0.2543E+02 0.2352E+06 0.1516E+01 12.648 0.0000 0.2000E-04 0.1000E+01
 710 0.3559E-03 0.2496E+04 0.4577E-02 0.2515E+02 0.2367E+06 0.1557E+01 12.620 0.0000 0.2000E-04 0.1000E+01
 715 0.3676E-03 0.2497E+04 0.4478E-02 0.2488E+02 0.2382E+06 0.1600E+01 12.591 0.0000 0.2000E-04 0.1000E+01
 720 0.3796E-03 0.2497E+04 0.4380E-02 0.2460E+02 0.2397E+06 0.1643E+01 12.563 0.0000 0.2000E-04 0.1000E+01
 725 0.3920E-03 0.2497E+04 0.4285E-02 0.2433E+02 0.2412E+06 0.1688E+01 12.534 0.0000 0.2000E-04 0.1000E+01
 730 0.4048E-03 0.2497E+04 0.4191E-02 0.2407E+02 0.2427E+06 0.1734E+01 12.505 0.0000 0.2000E-04 0.1000E+01
 735 0.4180E-03 0.2496E+04 0.4099E-02 0.2381E+02 0.2442E+06 0.1781E+01 12.476 0.0000 0.2000E-04 0.1000E+01
 740 0.4317E-03 0.2496E+04 0.4007E-02 0.2355E+02 0.2457E+06 0.1830E+01 12.448 0.0000 0.2000E-04 0.1000E+01
 745 0.4458E-03 0.2495E+04 0.3917E-02 0.2329E+02 0.2471E+06 0.1879E+01 12.419 0.0000 0.2000E-04 0.1000E+01
 750 0.4603E-03 0.2495E+04 0.3828E-02 0.2304E+02 0.2486E+06 0.1931E+01 12.389 0.0000 0.2000E-04 0.1000E+01
 755 0.4755E-03 0.2494E+04 0.3741E-02 0.2279E+02 0.2501E+06 0.1984E+01 12.360 0.0000 0.2000E-04 0.1000E+01
 760 0.4911E-03 0.2493E+04 0.3655E-02 0.2254E+02 0.2516E+06 0.2038E+01 12.330 0.0000 0.2000E-04 0.1000E+01
 765 0.5074E-03 0.2492E+04 0.3569E-02 0.2230E+02 0.2531E+06 0.2094E+01 12.301 0.0000 0.2000E-04 0.1000E+01
 770 0.5242E-03 0.2491E+04 0.3485E-02 0.2205E+02 0.2546E+06 0.2152E+01 12.271 0.0000 0.2000E-04 0.1000E+01
 775 0.5416E-03 0.2489E+04 0.3402E-02 0.2181E+02 0.2561E+06 0.2212E+01 12.241 0.0000 0.2000E-04 0.1000E+01
 780 0.5596E-03 0.2488E+04 0.3320E-02 0.2158E+02 0.2576E+06 0.2273E+01 12.211 0.0000 0.2000E-04 0.1000E+01
 785 0.5783E-03 0.2486E+04 0.3239E-02 0.2134E+02 0.2591E+06 0.2336E+01 12.180 0.0000 0.2000E-04 0.1000E+01
 790 0.5977E-03 0.2484E+04 0.3160E-02 0.2111E+02 0.2606E+06 0.2402E+01 12.150 0.0000 0.2000E-04 0.1000E+01
 795 0.6178E-03 0.2482E+04 0.3082E-02 0.2088E+02 0.2621E+06 0.2469E+01 12.119 0.0000 0.2000E-04 0.1000E+01
 800 0.6386E-03 0.2480E+04 0.3007E-02 0.2066E+02 0.2636E+06 0.2538E+01 12.088 0.0000 0.2000E-04 0.1000E+01
 805 0.6601E-03 0.2478E+04 0.2933E-02 0.2043E+02 0.2651E+06 0.2609E+01 12.057 0.0000 0.2000E-04 0.1000E+01
 810 0.6824E-03 0.2476E+04 0.2861E-02 0.2021E+02 0.2666E+06 0.2682E+01 12.026 0.0000 0.2000E-04 0.1000E+01
 815 0.7054E-03 0.2474E+04 0.2790E-02 0.1999E+02 0.2680E+06 0.2758E+01 11.995 0.0000 0.2000E-04 0.1000E+01
 820 0.7291E-03 0.2472E+04 0.2721E-02 0.1978E+02 0.2695E+06 0.2835E+01 11.964 0.0000 0.2000E-04 0.1000E+01
 825 0.7537E-03 0.2470E+04 0.2653E-02 0.1957E+02 0.2710E+06 0.2914E+01 11.932 0.0000 0.2000E-04 0.1000E+01
 830 0.7790E-03 0.2467E+04 0.2587E-02 0.1936E+02 0.2724E+06 0.2996E+01 11.901 0.0000 0.2000E-04 0.1000E+01
 835 0.8051E-03 0.2465E+04 0.2523E-02 0.1915E+02 0.2738E+06 0.3079E+01 11.870 0.0000 0.2000E-04 0.1000E+01
 840 0.8319E-03 0.2462E+04 0.2460E-02 0.1895E+02 0.2752E+06 0.3164E+01 11.839 0.0000 0.2000E-04 0.1000E+01
 845 0.8594E-03 0.2460E+04 0.2399E-02 0.1876E+02 0.2766E+06 0.3251E+01 11.807 0.0000 0.2000E-04 0.1000E+01
 850 0.8878E-03 0.2457E+04 0.2339E-02 0.1856E+02 0.2780E+06 0.3340E+01 11.776 0.0000 0.2000E-04 0.1000E+01
 855 0.9168E-03 0.2454E+04 0.2281E-02 0.1837E+02 0.2793E+06 0.3431E+01 11.746 0.0000 0.2000E-04 0.1000E+01
 860 0.9467E-03 0.2451E+04 0.2224E-02 0.1819E+02 0.2807E+06 0.3524E+01 11.715 0.0000 0.2000E-04 0.1000E+01
 865 0.9774E-03 0.2448E+04 0.2168E-02 0.1800E+02 0.2820E+06 0.3619E+01 11.684 0.0000 0.2000E-04 0.1000E+01
 870 0.1009E-02 0.2445E+04 0.2114E-02 0.1782E+02 0.2833E+06 0.3715E+01 11.653 0.0000 0.2000E-04 0.1000E+01
 875 0.1041E-02 0.2442E+04 0.2061E-02 0.1765E+02 0.2845E+06 0.3814E+01 11.623 0.0000 0.2000E-04 0.1000E+01
 880 0.1075E-02 0.2438E+04 0.2010E-02 0.1747E+02 0.2858E+06 0.3915E+01 11.592 0.0000 0.2000E-04 0.1000E+01
 885 0.1109E-02 0.2435E+04 0.1959E-02 0.1730E+02 0.2870E+06 0.4017E+01 11.562 0.0000 0.2000E-04 0.1000E+01
 890 0.1144E-02 0.2431E+04 0.1909E-02 0.1714E+02 0.2882E+06 0.4122E+01 11.531 0.0000 0.2000E-04 0.1000E+01
 895 0.1180E-02 0.2427E+04 0.1860E-02 0.1697E+02 0.2894E+06 0.4228E+01 11.501 0.0000 0.2000E-04 0.1000E+01
 900 0.1217E-02 0.2422E+04 0.1812E-02 0.1681E+02 0.2905E+06 0.4337E+01 11.471 0.0000 0.2000E-04 0.1000E+01
 905 0.1255E-02 0.2418E+04 0.1766E-02 0.1665E+02 0.2917E+06 0.4447E+01 11.441 0.0000 0.2000E-04 0.1000E+01
 910 0.1294E-02 0.2414E+04 0.1721E-02 0.1650E+02 0.2928E+06 0.4559E+01 11.411 0.0001 0.2000E-04 0.1000E+01
 915 0.1334E-02 0.2409E+04 0.1676E-02 0.1635E+02 0.2939E+06 0.4673E+01 11.381 0.0001 0.2000E-04 0.1000E+01
 920 0.1375E-02 0.2404E+04 0.1632E-02 0.1620E+02 0.2950E+06 0.4789E+01 11.352 0.0001 0.2000E-04 0.1000E+01
 925 0.1417E-02 0.2399E+04 0.1589E-02 0.1605E+02 0.2960E+06 0.4906E+01 11.322 0.0001 0.2000E-04 0.1000E+01
 930 0.1460E-02 0.2394E+04 0.1547E-02 0.1591E+02 0.2970E+06 0.5026E+01 11.293 0.0001 0.2000E-04 0.1000E+01
 935 0.1504E-02 0.2388E+04 0.1505E-02 0.1577E+02 0.2980E+06 0.5147E+01 11.264 0.0001 0.2000E-04 0.1000E+01
 940 0.1550E-02 0.2382E+04 0.1464E-02 0.1563E+02 0.2990E+06 0.5271E+01 11.235 0.0001 0.2000E-04 0.1000E+01
 945 0.1596E-02 0.2376E+04 0.1425E-02 0.1550E+02 0.2999E+06 0.5395E+01 11.206 0.0001 0.2000E-04 0.1000E+01
 950 0.1642E-02 0.2370E+04 0.1387E-02 0.1537E+02 0.3007E+06 0.5517E+01 11.178 0.0001 0.2000E-04 0.1000E+01
 955 0.1688E-02 0.2364E+04 0.1351E-02 0.1524E+02 0.3016E+06 0.5639E+01 11.151 0.0001 0.2000E-04 0.1000E+01
 960 0.1734E-02 0.2358E+04 0.1317E-02 0.1513E+02 0.3024E+06 0.5760E+01 11.125 0.0002 0.2000E-04 0.1000E+01
 965 0.1781E-02 0.2352E+04 0.1284E-02 0.1501E+02 0.3031E+06 0.5881E+01 11.099 0.0002 0.2000E-04 0.1000E+01
 970 0.1828E-02 0.2346E+04 0.1252E-02 0.1490E+02 0.3038E+06 0.6000E+01 11.074 0.0002 0.2000E-04 0.1000E+01
 975 0.1875E-02 0.2340E+04 0.1222E-02 0.1479E+02 0.3045E+06 0.6119E+01 11.049 0.0002 0.2000E-04 0.1000E+01
 980 0.1922E-02 0.2334E+04 0.1193E-02 0.1469E+02 0.3052E+06 0.6237E+01 11.025 0.0002 0.2000E-04 0.1000E+01
 985 0.1969E-02 0.2328E+04 0.1165E-02 0.1459E+02 0.3058E+06 0.6354E+01 11.002 0.0002 0.2000E-04 0.1000E+01
 990 0.2017E-02 0.2323E+04 0.1139E-02 0.1449E+02 0.3064E+06 0.6471E+01 10.979 0.0003 0.2000E-04 0.1000E+01
 995 0.2064E-02 0.2317E+04 0.1113E-02 0.1440E+02 0.3070E+06 0.6587E+01 10.956 0.0003 0.2000E-04 0.1000E+01
1000 0.2113E-02 0.2311E+04 0.1088E-02 0.1431E+02 0.3076E+06 0.6703E+01 10.934 0.0003 0.2000E-04 0.1000E+01
1005 0.2162E-02 0.2305E+04 0.1064E-02 0.1422E+02 0.3081E+06 0.6820E+01 10.912 0.0003 0.2000E-04 0.1000E+01
1010 0.2211E-02 0.2300E+04 0.1041E-02 0.1413E+02 0.3086E+06 0.6936E+01 10.890 0.0004 0.2000E-04 0.1000E+01
1015 0.2260E-02 0.2294E+04 0.1018E-02 0.1405E+02 0.3091E+06 0.7052E+01 10.869 0.0004 0.2000E-04 0.1000E+01
1020 0.2310E-02 0.2288E+04 0.9962E-03 0.1397E+02 0.3095E+06 0.7168E+01 10.848 0.0004 0.2000E-04 0.1000E+01
1025 0.2361E-02 0.2283E+04 0.9751E-03 0.1389E+02 0.3099E+06 0.7284E+01 10.827 0.0004 0.2000E-04 0.1000E+01
1030 0.2412E-02 0.2277E+04 0.9546E-03 0.1381E+02 0.3104E+06 0.7400E+01 10.806 0.0005 0.2000E-04 0.1000E+01
1035 0.2463E-02 0.2272E+04 0.9348E-03 0.1373E+02 0.3108E+06 0.7516E+01 10.786 0.0005 0.2000E-04 0.1000E+01
1040 0.2515E-02 0.2266E+04 0.9156E-03 0.1365E+02 0.3111E+06 0.7633E+01 10.766 0.0005 0.2000E-04 0.1000E+01
1045 0.2568E-02 0.2261E+04 0.8970E-03 0.1358E+02 0.3115E+06 0.7750E+01 10.746 0.0006 0.2000E-04 0.1000E+01
1050 0.2622E-02 0.2255E+04 0.8791E-03 0.1351E+02 0.3118E+06 0.7868E+01 10.726 0.0006 0.2000E-04 0.1000E+01
1055 0.2676E-02 0.2250E+04 0.8618E-03 0.1344E+02 0.3122E+06 0.7985E+01 10.707 0.0007 0.2000E-04 0.1000E+01
1060 0.2730E-02 0.2245E+04 0.8452E-03 0.1337E+02 0.3125E+06 0.8103E+01 10.688 0.0007 0.2000E-04 0.1000E+01
1065 0.2786E-02 0.2240E+04 0.8291E-03 0.1330E+02 0.3128E+06 0.8222E+01 10.669 0.0007 0.2000E-04 0.1000E+01
1070 0.2842E-02 0.2235E+04 0.8136E-03 0.1323E+02 0.3131E+06 0.8340E+01 10.650 0.0008 0.2000E-04 0.1000E+01
1075 0.2898E-02 0.2230E+04 0.7985E-03 0.1316E+02 0.3133E+06 0.8460E+01 10.631 0.0008 0.2000E-04 0.1000E+01
1080 0.2956E-02 0.2226E+04 0.7840E-03 0.1310E+02 0.3136E+06 0.8580E+01 10.612 0.0009 0.2000E-04 0.1000E+01
1084 0.3000E-02 0.2222E+04 0.7734E-03 0.1305E+02 0.3138E+06 0.8672E+01 10.598 0.0009 0.2000E-04 0.1000E+01
1085 0.3012E-02 0.2221E+04 0.7706E-03 0.1304E+02 0.3138E+06 0.8696E+01 10.594 0.0009 0.2000E-04 0.1000E+01
1090 0.3071E-02 0.2217E+04 0.7570E-03 0.1297E+02 0.3141E+06 0.8817E+01 10.575 0.0009 0.2000E-04 0.1000E+01
1095 0.3130E-02 0.2213E+04 0.7440E-03 0.1291E+02 0.3143E+06 0.8939E+01 10.557 0.0010 0.2000E-04 0.1000E+01
1100 0.3191E-02 0.2209E+04 0.7313E-03 0.1285E+02 0.3145E+06 0.9062E+01 10.539 0.0010 0.2000E-04 0.1000E+01
1105 0.3252E-02 0.2204E+04 0.7189E-03 0.1279E+02 0.3146E+06 0.9185E+01 10.520 0.0011 0.2000E-04 0.1000E+01
1110 0.3314E-02 0.2200E+04 0.7069E-03 0.1273E+02 0.3148E+06 0.9309E+01 10.502 0.0011 0.2000E-04 0.1000E+01
1115 0.3377E-02 0.2196E+04 0.6951E-03 0.1267E+02 0.3149E+06 0.9434E+01 10.484 0.0012 0.2000E-04 0.1000E+01
1120 0.3440E-02 0.2192E+04 0.6834E-03 0.1261E+02 0.3151E+06 0.9560E+01 10.466 0.0012 0.2000E-04 0.1000E+01
1125 0.3505E-02 0.2188E+04 0.6719E-03 0.1255E+02 0.3152E+06 0.9686E+01 10.448 0.0013 0.2000E-04 0.1000E+01
1130 0.3570E-02 0.2183E+04 0.6606E-03 0.1249E+02 0.3153E+06 0.9814E+01 10.430 0.0014 0.2000E-04 0.1000E+01
1135 0.3636E-02 0.2179E+04 0.6494E-03 0.1244E+02 0.3154E+06 0.9942E+01 10.413 0.0014 0.2000E-04 0.1000E+01
1140 0.3704E-02 0.2175E+04 0.6384E-03 0.1238E+02 0.3155E+06 0.1007E+02 10.395 0.0015 0.2000E-04 0.1000E+01
1145 0.3772E-02 0.2170E+04 0.6274E-03 0.1233E+02 0.3155E+06 0.1020E+02 10.377 0.0015 0.2000E-04 0.1000E+01
1150 0.3841E-02 0.2165E+04 0.6165E-03 0.1227E+02 0.3156E+06 0.1033E+02 10.360 0.0016 0.2000E-04 0.1000E+01
1155 0.3911E-02 0.2160E+04 0.6055E-03 0.1222E+02 0.3156E+06 0.1046E+02 10.342 0.0017 0.2000E-04 0.1000E+01
1160 0.3982E-02 0.2155E+04 0.5946E-03 0.1217E+02 0.3157E+06 0.1059E+02 10.324 0.0017 0.2000E-04 0.1000E+01
1165 0.4054E-02 0.2150E+04 0.5835E-03 0.1211E+02 0.3157E+06 0.1073E+02 10.307 0.0018 0.2000E-04 0.1000E+01
1170 0.4128E-02 0.2144E+04 0.5725E-03 0.1206E+02 0.3157E+06 0.1086E+02 10.290 0.0019 0.2000E-04 0.1000E+01
1175 0.4202E-02 0.2138E+04 0.5615E-03 0.1201E+02 0.3156E+06 0.1099E+02 10.272 0.0019 0.2000E-04 0.1000E+01
1180 0.4278E-02 0.2132E+04 0.5505E-03 0.1196E+02 0.3156E+06 0.1113E+02 10.255 0.0020 0.2000E-04 0.1000E+01
1185 0.4356E-02 0.2126E+04 0.5395E-03 0.1191E+02 0.3156E+06 0.1127E+02 10.238 0.0021 0.2000E-04 0.1000E+01
1190 0.4434E-02 0.2119E+04 0.5284E-03 0.1186E+02 0.3155E+06 0.1140E+02 10.221 0.0022 0.2000E-04 0.1000E+01
1195 0.4515E-02 0.2113E+04 0.5174E-03 0.1181E+02 0.3154E+06 0.1154E+02 10.203 0.0022 0.2000E-04 0.1000E+01
1200 0.4596E-02 0.2105E+04 0.5064E-03 0.1176E+02 0.3153E+06 0.1168E+02 10.186 0.0023 0.2000E-04 0.1000E+01
1205 0.4680E-02 0.2097E+04 0.4947E-03 0.1171E+02 0.3152E+06 0.1182E+02 10.169 0.0024 0.2000E-04 0.1000E+01
1210 0.4765E-02 0.2089E+04 0.4827E-03 0.1167E+02 0.3151E+06 0.1196E+02 10.152 0.0025 0.2000E-04 0.1000E+01
1215 0.4852E-02 0.2080E+04 0.4706E-03 0.1162E+02 0.3150E+06 0.1210E+02 10.135 0.0026 0.2000E-04 0.1000E+01
1220 0.4941E-02 0.2070E+04 0.4584E-03 0.1157E+02 0.3148E+06 0.1224E+02 10.118 0.0027 0.2000E-04 0.1000E+01
1225 0.5033E-02 0.2061E+04 0.4463E-03 0.1153E+02 0.3146E+06 0.1239E+02 10.101 0.0028 0.2000E-04 0.1000E+01
1230 0.5126E-02 0.2050E+04 0.4341E-03 0.1148E+02 0.3144E+06 0.1253E+02 10.084 0.0029 0.2000E-04 0.1000E+01
1235 0.5223E-02 0.2040E+04 0.4219E-03 0.1144E+02 0.3142E+06 0.1268E+02 10.067 0.0030 0.2000E-04 0.1000E+01
1240 0.5321E-02 0.2029E+04 0.4097E-03 0.1139E+02 0.3140E+06 0.1282E+02 10.050 0.0031 0.2000E-04 0.1000E+01
1245 0.5423E-02 0.2017E+04 0.3973E-03 0.1135E+02 0.3138E+06 0.1297E+02 10.034 0.0033 0.2000E-04 0.1000E+01
1250 0.5527E-02 0.2005E+04 0.3846E-03 0.1131E+02 0.3136E+06 0.1311E+02 10.017 0.0034 0.2000E-04 0.1000E+01
1255 0.5635E-02 0.1992E+04 0.3718E-03 0.1126E+02 0.3133E+06 0.1326E+02 10.000 0.0035 0.2000E-04 0.1000E+01
1260 0.5746E-02 0.1978E+04 0.3589E-03 0.1122E+02 0.3130E+06 0.1341E+02  9.983 0.0037 0.2000E-04 0.1000E+01
1265 0.5861E-02 0.1964E+04 0.3460E-03 0.1118E+02 0.3128E+06 0.1356E+02  9.967 0.0038 0.2000E-04 0.1000E+01
1270 0.5980E-02 0.1949E+04 0.3333E-03 0.1114E+02 0.3125E+06 0.1371E+02  9.950 0.0040 0.2000E-04 0.1000E+01
1275 0.6104E-02 0.1934E+04 0.3207E-03 0.1110E+02 0.3121E+06 0.1386E+02  9.934 0.0042 0.2000E-04 0.1000E+01
1280 0.6232E-02 0.1918E+04 0.3084E-03 0.1106E+02 0.3118E+06 0.1402E+02  9.917 0.0043 0.2000E-04 0.1000E+01
1285 0.6365E-02 0.1903E+04 0.2964E-03 0.1102E+02 0.3115E+06 0.1417E+02  9.900 0.0045 0.1999E-04 0.1000E+01
1290 0.6503E-02 0.1887E+04 0.2848E-03 0.1098E+02 0.3111E+06 0.1432E+02  9.884 0.0047 0.1999E-04 0.1000E+01
1295 0.6646E-02 0.1872E+04 0.2733E-03 0.1094E+02 0.3108E+06 0.1448E+02  9.867 0.0049 0.1999E-04 0.1000E+01
1300 0.6796E-02 0.1855E+04 0.2622E-03 0.1090E+02 0.3104E+06 0.1463E+02  9.851 0.0051 0.1999E-04 0.1000E+01
1305 0.6951E-02 0.1840E+04 0.2516E-03 0.1086E+02 0.3100E+06 0.1479E+02  9.835 0.0053 0.1999E-04 0.1000E+01
1310 0.7112E-02 0.1824E+04 0.2415E-03 0.1082E+02 0.3096E+06 0.1494E+02  9.818 0.0055 0.1999E-04 0.1000E+01
1315 0.7279E-02 0.1809E+04 0.2319E-03 0.1078E+02 0.3092E+06 0.1510E+02  9.802 0.0057 0.1999E-04 0.1000E+01
1320 0.7453E-02 0.1794E+04 0.2228E-03 0.1075E+02 0.3088E+06 0.1526E+02  9.785 0.0059 0.1999E-04 0.1000E+01
1325 0.7633E-02 0.1779E+04 0.2141E-03 0.1071E+02 0.3083E+06 0.1542E+02  9.769 0.0061 0.1999E-04 0.1000E+01
1330 0.7820E-02 0.1765E+04 0.2058E-03 0.1067E+02 0.3079E+06 0.1558E+02  9.753 0.0063 0.1999E-04 0.1000E+01
1335 0.8014E-02 0.1751E+04 0.1979E-03 0.1064E+02 0.3074E+06 0.1574E+02  9.737 0.0066 0.1999E-04 0.1000E+01
1340 0.8215E-02 0.1737E+04 0.1904E-03 0.1060E+02 0.3069E+06 0.1590E+02  9.720 0.0068 0.1999E-04 0.1000E+01
1345 0.8423E-02 0.1723E+04 0.1832E-03 0.1056E+02 0.3064E+06 0.1606E+02  9.704 0.0070 0.1999E-04 0.1000E+01
1350 0.8639E-02 0.1710E+04 0.1764E-03 0.1053E+02 0.3059E+06 0.1622E+02  9.688 0.0072 0.1999E-04 0.1000E+01
1355 0.8863E-02 0.1697E+04 0.1701E-03 0.1049E+02 0.3054E+06 0.1638E+02  9.672 0.0074 0.1999E-04 0.1000E+01
1360 0.9094E-02 0.1685E+04 0.1641E-03 0.1046E+02 0.3049E+06 0.1655E+02  9.656 0.0076 0.1999E-04 0.1000E+01
1365 0.9332E-02 0.1673E+04 0.1585E-03 0.1043E+02 0.3043E+06 0.1671E+02  9.640 0.0077 0.1999E-04 0.1000E+01
1370 0.9578E-02 0.1662E+04 0.1534E-03 0.1039E+02 0.3038E+06 0.1688E+02  9.623 0.0079 0.1999E-04 0.1000E+01
1375 0.9832E-02 0.1651E+04 0.1485E-03 0.1036E+02 0.3032E+06 0.1704E+02  9.607 0.0081 0.1999E-04 0.1000E+01
1380 0.1009E-01 0.1641E+04 0.1439E-03 0.1032E+02 0.3026E+06 0.1721E+02  9.591 0.0082 0.1999E-04 0.1000E+01
1385 0.1036E-01 0.1631E+04 0.1395E-03 0.1029E+02 0.3020E+06 0.1738E+02  9.575 0.0084 0.1999E-04 0.1000E+01
1390 0.1064E-01 0.1621E+04 0.1352E-03 0.1026E+02 0.3014E+06 0.1754E+02  9.559 0.0085 0.1999E-04 0.1000E+01
1395 0.1092E-01 0.1611E+04 0.1311E-03 0.1023E+02 0.3008E+06 0.1771E+02  9.543 0.0086 0.1999E-04 0.1000E+01
1400 0.1121E-01 0.1601E+04 0.1270E-03 0.1019E+02 0.3002E+06 0.1788E+02  9.527 0.0088 0.1999E-04 0.1000E+01
1405 0.1151E-01 0.1591E+04 0.1231E-03 0.1016E+02 0.2996E+06 0.1805E+02  9.511 0.0089 0.1999E-04 0.1000E+01
1410 0.1182E-01 0.1580E+04 0.1193E-03 0.1013E+02 0.2989E+06 0.1822E+02  9.495 0.0090 0.1999E-04 0.1000E+01
1415 0.1214E-01 0.1570E+04 0.1155E-03 0.1010E+02 0.2983E+06 0.1839E+02  9.480 0.0091 0.1999E-04 0.1000E+01
1420 0.1247E-01 0.1559E+04 0.1117E-03 0.1007E+02 0.2976E+06 0.1856E+02  9.464 0.0093 0.1999E-04 0.1000E+01
1425 0.1281E-01 0.1549E+04 0.1080E-03 0.1004E+02 0.2969E+06 0.1873E+02  9.448 0.0094 0.1999E-04 0.1000E+01
1430 0.1315E-01 0.1538E+04 0.1044E-03 0.1001E+02 0.2962E+06 0.1890E+02  9.432 0.0095 0.1999E-04 0.1000E+01
1435 0.1351E-01 0.1527E+04 0.1009E-03 0.9979E+01 0.2955E+06 0.1907E+02  9.416 0.0096 0.1999E-04 0.1000E+01
1440 0.1388E-01 0.1517E+04 0.9752E-04 0.9950E+01 0.2948E+06 0.1924E+02  9.400 0.0098 0.1998E-04 0.1000E+01
1445 0.1426E-01 0.1506E+04 0.9423E-04 0.9921E+01 0.2941E+06 0.1941E+02  9.385 0.0099 0.1998E-04 0.1000E+01
1450 0.1466E-01 0.1495E+04 0.9102E-04 0.9892E+01 0.2934E+06 0.1959E+02  9.369 0.0100 0.1998E-04 0.1000E+01
1455 0.1506E-01 0.1484E+04 0.8790E-04 0.9863E+01 0.2926E+06 0.1976E+02  9.353 0.0101 0.1998E-04 0.1000E+01
1460 0.1548E-01 0.1473E+04 0.8488E-04 0.9835E+01 0.2919E+06 0.1993E+02  9.338 0.0102 0.1998E-04 0.1000E+01
1465 0.1591E-01 0.1462E+04 0.8192E-04 0.9806E+01 0.2911E+06 0.2011E+02  9.322 0.0103 0.1998E-04 0.1000E+01
1470 0.1636E-01 0.1451E+04 0.7901E-04 0.9779E+01 0.2904E+06 0.2028E+02  9.306 0.0104 0.1998E-04 0.1000E+01
1475 0.1682E-01 0.1440E+04 0.7624E-04 0.9751E+01 0.2896E+06 0.2046E+02  9.291 0.0105 0.1998E-04 0.1000E+01
1480 0.1730E-01 0.1430E+04 0.7359E-04 0.9724E+01 0.2888E+06 0.2063E+02  9.275 0.0106 0.1998E-04 0.1000E+01
1485 0.1779E-01 0.1420E+04 0.7110E-04 0.9696E+01 0.2880E+06 0.2081E+02  9.259 0.0106 0.1998E-04 0.1000E+01
1490 0.1829E-01 0.1410E+04 0.6874E-04 0.9669E+01 0.2872E+06 0.2098E+02  9.244 0.0107 0.1998E-04 0.1000E+01
1495 0.1882E-01 0.1400E+04 0.6650E-04 0.9643E+01 0.2864E+06 0.2116E+02  9.228 0.0107 0.1998E-04 0.1000E+01
1500 0.1935E-01 0.1390E+04 0.6435E-04 0.9616E+01 0.2856E+06 0.2133E+02  9.213 0.0107 0.1998E-04 0.1000E+01
1505 0.1991E-01 0.1381E+04 0.6229E-04 0.9590E+01 0.2847E+06 0.2151E+02  9.197 0.0108 0.1998E-04 0.1000E+01
1510 0.2047E-01 0.1372E+04 0.6030E-04 0.9564E+01 0.2839E+06 0.2169E+02  9.182 0.0108 0.1998E-04 0.1000E+01
1515 0.2106E-01 0.1362E+04 0.5836E-04 0.9539E+01 0.2830E+06 0.2187E+02  9.166 0.0108 0.1998E-04 0.1000E+01
1520 0.2166E-01 0.1353E+04 0.5649E-04 0.9513E+01 0.2822E+06 0.2204E+02  9.151 0.0108 0.1998E-04 0.1000E+01
1525 0.2228E-01 0.1344E+04 0.5468E-04 0.9488E+01 0.2813E+06 0.2222E+02  9.135 0.0107 0.1998E-04 0.1000E+01
1530 0.2292E-01 0.1335E+04 0.5292E-04 0.9463E+01 0.2804E+06 0.2240E+02  9.120 0.0107 0.1998E-04 0.1000E+01
1535 0.2358E-01 0.1326E+04 0.5123E-04 0.9438E+01 0.2796E+06 0.2258E+02  9.104 0.0107 0.1998E-04 0.1000E+01
1540 0.2426E-01 0.1317E+04 0.4958E-04 0.9414E+01 0.2787E+06 0.2276E+02  9.089 0.0107 0.1998E-04 0.1000E+01
1545 0.2495E-01 0.1308E+04 0.4799E-04 0.9389E+01 0.2778E+06 0.2294E+02  9.074 0.0106 0.1998E-04 0.1000E+01
1550 0.2567E-01 0.1299E+04 0.4645E-04 0.9365E+01 0.2769E+06 0.2312E+02  9.058 0.0106 0.1998E-04 0.1000E+01
1555 0.2640E-01 0.1290E+04 0.4495E-04 0.9342E+01 0.2760E+06 0.2329E+02  9.043 0.0105 0.1998E-04 0.1000E+01
1560 0.2716E-01 0.1281E+04 0.4349E-04 0.9318E+01 0.2750E+06 0.2347E+02  9.027 0.0105 0.1997E-04 0.1000E+01
1565 0.2794E-01 0.1272E+04 0.4208E-04 0.9295E+01 0.2741E+06 0.2365E+02  9.012 0.0104 0.1997E-04 0.1000E+01
1570 0.2874E-01 0.1263E+04 0.4071E-04 0.9271E+01 0.2732E+06 0.2383E+02  8.997 0.0103 0.1997E-04 0.1000E+01
1575 0.2957E-01 0.1254E+04 0.3938E-04 0.9248E+01 0.2722E+06 0.2401E+02  8.982 0.0102 0.1997E-04 0.1000E+01
1580 0.3041E-01 0.1245E+04 0.3810E-04 0.9226E+01 0.2713E+06 0.2419E+02  8.966 0.0102 0.1997E-04 0.1000E+01
1585 0.3129E-01 0.1236E+04 0.3685E-04 0.9203E+01 0.2703E+06 0.2437E+02  8.951 0.0101 0.1997E-04 0.1000E+01
1590 0.3219E-01 0.1228E+04 0.3565E-04 0.9181E+01 0.2694E+06 0.2455E+02  8.936 0.0100 0.1997E-04 0.1000E+01
1595 0.3311E-01 0.1219E+04 0.3447E-04 0.9159E+01 0.2684E+06 0.2474E+02  8.920 0.0099 0.1997E-04 0.1000E+01
1600 0.3407E-01 0.1210E+04 0.3333E-04 0.9137E+01 0.2674E+06 0.2492E+02  8.905 0.0098 0.1997E-04 0.1000E+01
1605 0.3505E-01 0.1201E+04 0.3223E-04 0.9115E+01 0.2664E+06 0.2510E+02  8.890 0.0097 0.1997E-04 0.1000E+01
1610 0.3606E-01 0.1193E+04 0.3117E-04 0.9093E+01 0.2654E+06 0.2528E+02  8.875 0.0095 0.1997E-04 0.1000E+01
1615 0.3710E-01 0.1184E+04 0.3014E-04 0.9072E+01 0.2644E+06 0.2546E+02  8.859 0.0094 0.1997E-04 0.1000E+01
1620 0.3818E-01 0.1176E+04 0.2914E-04 0.9051E+01 0.2634E+06 0.2564E+02  8.844 0.0093 0.1997E-04 0.1000E+01
1625 0.3928E-01 0.1167E+04 0.2818E-04 0.9029E+01 0.2624E+06 0.2582E+02  8.829 0.0092 0.1997E-04 0.1000E+01
1630 0.4042E-01 0.1159E+04 0.2725E-04 0.9009E+01 0.2614E+06 0.2600E+02  8.814 0.0090 0.1997E-04 0.1000E+01
1635 0.4158E-01 0.1150E+04 0.2634E-04 0.8988E+01 0.2604E+06 0.2619E+02  8.799 0.0089 0.1997E-04 0.1000E+01
1640 0.4279E-01 0.1142E+04 0.2547E-04 0.8968E+01 0.2594E+06 0.2637E+02  8.784 0.0088 0.1997E-04 0.1000E+01
1645 0.4403E-01 0.1134E+04 0.2462E-04 0.8947E+01 0.2583E+06 0.2655E+02  8.768 0.0086 0.1997E-04 0.1000E+01
1650 0.4530E-01 0.1125E+04 0.2380E-04 0.8927E+01 0.2573E+06 0.2673E+02  8.753 0.0085 0.1997E-04 0.1000E+01
1655 0.4661E-01 0.1117E+04 0.2300E-04 0.8907E+01 0.2562E+06 0.2691E+02  8.738 0.0083 0.1997E-04 0.1000E+01
1660 0.4797E-01 0.1109E+04 0.2223E-04 0.8887E+01 0.2552E+06 0.2709E+02  8.723 0.0082 0.1997E-04 0.1000E+01
1665 0.4936E-01 0.1100E+04 0.2148E-04 0.8868E+01 0.2541E+06 0.2728E+02  8.708 0.0080 0.1997E-04 0.1000E+01
1668 0.5000E-01 0.1097E+04 0.2115E-04 0.8859E+01 0.2537E+06 0.2736E+02  8.701 0.0080 0.1997E-04 0.1000E+01
1670 0.5058E-01 0.1093E+04 0.2086E-04 0.8851E+01 0.2532E+06 0.2743E+02  8.695 0.0079 0.1997E-04 0.1000E+01
1675 0.5205E-01 0.1085E+04 0.2014E-04 0.8832E+01 0.2522E+06 0.2761E+02  8.680 0.0078 0.1997E-04 0.1000E+01
1680 0.5357E-01 0.1077E+04 0.1945E-04 0.8813E+01 0.2511E+06 0.2779E+02  8.665 0.0076 0.1997E-04 0.1000E+01
1685 0.5513E-01 0.1069E+04 0.1879E-04 0.8794E+01 0.2500E+06 0.2797E+02  8.650 0.0074 0.1997E-04 0.1000E+01
1690 0.5675E-01 0.1060E+04 0.1814E-04 0.8775E+01 0.2489E+06 0.2816E+02  8.635 0.0073 0.1997E-04 0.1000E+01
1695 0.5841E-01 0.1052E+04 0.1751E-04 0.8757E+01 0.2479E+06 0.2834E+02  8.620 0.0071 0.1997E-04 0.1000E+01
1700 0.6012E-01 0.1044E+04 0.1691E-04 0.8738E+01 0.2468E+06 0.2852E+02  8.604 0.0070 0.1997E-04 0.1000E+01
1705 0.6189E-01 0.1036E+04 0.1632E-04 0.8720E+01 0.2457E+06 0.2870E+02  8.589 0.0068 0.1997E-04 0.1000E+01
1710 0.6371E-01 0.1028E+04 0.1575E-04 0.8702E+01 0.2446E+06 0.2888E+02  8.574 0.0067 0.1997E-04 0.1000E+01
1715 0.6558E-01 0.1020E+04 0.1519E-04 0.8684E+01 0.2435E+06 0.2906E+02  8.559 0.0065 0.1997E-04 0.1000E+01
1720 0.6752E-01 0.1012E+04 0.1465E-04 0.8666E+01 0.2424E+06 0.2924E+02  8.544 0.0063 0.1996E-04 0.1000E+01
1725 0.6951E-01 0.1004E+04 0.1413E-04 0.8648E+01 0.2413E+06 0.2942E+02  8.529 0.0062 0.1996E-04 0.1000E+01
1727 0.7000E-01 0.1002E+04 0.1400E-04 0.8644E+01 0.2410E+06 0.2947E+02  8.526 0.0062 0.1996E-04 0.1000E+01
1730 0.7124E-01 0.9966E+03 0.1370E-04 0.8634E+01 0.2403E+06 0.2957E+02  8.517 0.0061 0.1996E-04 0.1000E+01
1735 0.7335E-01 0.9883E+03 0.1319E-04 0.8616E+01 0.2392E+06 0.2975E+02  8.502 0.0059 0.1996E-04 0.1000E+01
1740 0.7554E-01 0.9799E+03 0.1270E-04 0.8599E+01 0.2381E+06 0.2993E+02  8.487 0.0058 0.1996E-04 0.1000E+01
1745 0.7781E-01 0.9713E+03 0.1221E-04 0.8582E+01 0.2370E+06 0.3011E+02  8.472 0.0056 0.1996E-04 0.1000E+01
1750 0.8016E-01 0.9627E+03 0.1174E-04 0.8565E+01 0.2358E+06 0.3029E+02  8.457 0.0055 0.1996E-04 0.1000E+01
1755 0.8258E-01 0.9540E+03 0.1127E-04 0.8549E+01 0.2347E+06 0.3047E+02  8.442 0.0054 0.1996E-04 0.1000E+01
1760 0.8510E-01 0.9453E+03 0.1083E-04 0.8532E+01 0.2336E+06 0.3065E+02  8.427 0.0052 0.1996E-04 0.1000E+01
1765 0.8771E-01 0.9366E+03 0.1039E-04 0.8515E+01 0.2324E+06 0.3083E+02  8.412 0.0051 0.1996E-04 0.1000E+01
1770 0.9040E-01 0.9279E+03 0.9973E-05 0.8499E+01 0.2313E+06 0.3101E+02  8.397 0.0050 0.1996E-04 0.1000E+01
1775 0.9320E-01 0.9192E+03 0.9567E-05 0.8483E+01 0.2301E+06 0.3119E+02  8.382 0.0048 0.1996E-04 0.1000E+01
1780 0.9610E-01 0.9105E+03 0.9176E-05 0.8467E+01 0.2290E+06 0.3137E+02  8.367 0.0047 0.1996E-04 0.1000E+01
1785 0.9910E-01 0.9018E+03 0.8799E-05 0.8451E+01 0.2279E+06 0.3154E+02  8.352 0.0046 0.1996E-04 0.1000E+01
1787 0.1000E+00 0.8993E+03 0.8691E-05 0.8446E+01 0.2275E+06 0.3160E+02  8.348 0.0046 0.1996E-04 0.1000E+01
1790 0.1019E+00 0.8941E+03 0.8474E-05 0.8437E+01 0.2268E+06 0.3170E+02  8.339 0.0045 0.1996E-04 0.1000E+01
1795 0.1051E+00 0.8855E+03 0.8121E-05 0.8421E+01 0.2257E+06 0.3188E+02  8.324 0.0044 0.1996E-04 0.1000E+01
1800 0.1085E+00 0.8769E+03 0.7781E-05 0.8406E+01 0.2245E+06 0.3206E+02  8.309 0.0042 0.1996E-04 0.1000E+01
1805 0.1119E+00 0.8683E+03 0.7454E-05 0.8391E+01 0.2234E+06 0.3223E+02  8.294 0.0041 0.1996E-04 0.1000E+01
1810 0.1155E+00 0.8598E+03 0.7139E-05 0.8375E+01 0.2222E+06 0.3241E+02  8.279 0.0040 0.1996E-04 0.1000E+01
1815 0.1193E+00 0.8512E+03 0.6835E-05 0.8360E+01 0.2211E+06 0.3258E+02  8.264 0.0039 0.1996E-04 0.1000E+01
1820 0.1232E+00 0.8428E+03 0.6544E-05 0.8345E+01 0.2199E+06 0.3276E+02  8.249 0.0038 0.1996E-04 0.1000E+01
1825 0.1272E+00 0.8343E+03 0.6263E-05 0.8330E+01 0.2187E+06 0.3293E+02  8.234 0.0037 0.1996E-04 0.1000E+01
1830 0.1314E+00 0.8259E+03 0.5993E-05 0.8316E+01 0.2176E+06 0.3311E+02  8.220 0.0036 0.1996E-04 0.1000E+01
1835 0.1358E+00 0.8175E+03 0.5733E-05 0.8301E+01 0.2164E+06 0.3328E+02  8.205 0.0035 0.1996E-04 0.1000E+01
1840 0.1404E+00 0.8092E+03 0.5483E-05 0.8287E+01 0.2152E+06 0.3346E+02  8.190 0.0034 0.1996E-04 0.1000E+01
1845 0.1451E+00 0.8009E+03 0.5243E-05 0.8272E+01 0.2141E+06 0.3363E+02  8.175 0.0032 0.1996E-04 0.1000E+01
1850 0.1500E+00 0.7926E+03 0.5013E-05 0.8258E+01 0.2129E+06 0.3380E+02  8.160 0.0031 0.1996E-04 0.1000E+01
1851 0.1500E+00 0.7926E+03 0.5012E-05 0.8258E+01 0.2129E+06 0.3380E+02  8.160 0.0031 0.1996E-04 0.1000E+01
1855 0.1541E+00 0.7859E+03 0.4831E-05 0.8247E+01 0.2120E+06 0.3394E+02  8.148 0.0031 0.1996E-04 0.1000E+01
1860 0.1593E+00 0.7777E+03 0.4617E-05 0.8233E+01 0.2108E+06 0.3411E+02  8.133 0.0030 0.1996E-04 0.1000E+01
1865 0.1648E+00 0.7695E+03 0.4411E-05 0.8219E+01 0.2096E+06 0.3428E+02  8.118 0.0029 0.1996E-04 0.1000E+01
1870 0.1706E+00 0.7614E+03 0.4214E-05 0.8205E+01 0.2085E+06 0.3446E+02  8.103 0.0028 0.1996E-04 0.1000E+01
1875 0.1765E+00 0.7533E+03 0.4025E-05 0.8192E+01 0.2073E+06 0.3463E+02  8.089 0.0027 0.1996E-04 0.1000E+01
1880 0.1827E+00 0.7453E+03 0.3844E-05 0.8178E+01 0.2061E+06 0.3480E+02  8.074 0.0026 0.1996E-04 0.1000E+01
1885 0.1892E+00 0.7374E+03 0.3671E-05 0.8165E+01 0.2050E+06 0.3496E+02  8.059 0.0025 0.1996E-04 0.1000E+01
1890 0.1959E+00 0.7295E+03 0.3505E-05 0.8152E+01 0.2038E+06 0.3513E+02  8.044 0.0024 0.1996E-04 0.1000E+01
1893 0.2000E+00 0.7249E+03 0.3411E-05 0.8144E+01 0.2031E+06 0.3523E+02  8.035 0.0024 0.1996E-04 0.1000E+01
1895 0.2028E+00 0.7218E+03 0.3348E-05 0.8139E+01 0.2026E+06 0.3530E+02  8.029 0.0023 0.1996E-04 0.1000E+01
1900 0.2101E+00 0.7140E+03 0.3197E-05 0.8126E+01 0.2015E+06 0.3547E+02  8.014 0.0023 0.1996E-04 0.1000E+01
1905 0.2177E+00 0.7063E+03 0.3051E-05 0.8113E+01 0.2003E+06 0.3563E+02  8.000 0.0022 0.1996E-04 0.1000E+01
1910 0.2256E+00 0.6987E+03 0.2912E-05 0.8100E+01 0.1992E+06 0.3580E+02  7.985 0.0021 0.1996E-04 0.1000E+01
1915 0.2339E+00 0.6912E+03 0.2780E-05 0.8087E+01 0.1980E+06 0.3597E+02  7.970 0.0020 0.1996E-04 0.1000E+01
1920 0.2425E+00 0.6837E+03 0.2653E-05 0.8075E+01 0.1968E+06 0.3613E+02  7.955 0.0019 0.1996E-04 0.1000E+01
1925 0.2500E+00 0.6774E+03 0.2550E-05 0.8064E+01 0.1959E+06 0.3627E+02  7.943 0.0019 0.1996E-04 0.1000E+01
1925 0.2500E+00 0.6774E+03 0.2550E-05 0.8064E+01 0.1959E+06 0.3627E+02  7.943 0.0019 0.1996E-04 0.1000E+01
1930 0.2592E+00 0.6700E+03 0.2434E-05 0.8052E+01 0.1947E+06 0.3644E+02  7.928 0.0018 0.1996E-04 0.1000E+01
1935 0.2689E+00 0.6628E+03 0.2323E-05 0.8039E+01 0.1936E+06 0.3660E+02  7.913 0.0017 0.1996E-04 0.1000E+01
1940 0.2789E+00 0.6556E+03 0.2217E-05 0.8027E+01 0.1924E+06 0.3677E+02  7.898 0.0017 0.1996E-04 0.1000E+01
1945 0.2894E+00 0.6485E+03 0.2116E-05 0.8015E+01 0.1913E+06 0.3693E+02  7.883 0.0016 0.1996E-04 0.1000E+01
1950 0.3000E+00 0.6416E+03 0.2021E-05 0.8003E+01 0.1902E+06 0.3709E+02  7.869 0.0016 0.1996E-04 0.1000E+01
1950 0.3000E+00 0.6416E+03 0.2021E-05 0.8003E+01 0.1902E+06 0.3709E+02  7.869 0.0016 0.1996E-04 0.1000E+01
1955 0.3113E+00 0.6346E+03 0.1929E-05 0.7992E+01 0.1890E+06 0.3725E+02  7.854 0.0015 0.1996E-04 0.1000E+01
1960 0.3231E+00 0.6277E+03 0.1841E-05 0.7980E+01 0.1879E+06 0.3741E+02  7.839 0.0014 0.1996E-04 0.1000E+01
1965 0.3354E+00 0.6209E+03 0.1757E-05 0.7968E+01 0.1867E+06 0.3757E+02  7.824 0.0014 0.1996E-04 0.1000E+01
1970 0.3482E+00 0.6141E+03 0.1677E-05 0.7957E+01 0.1856E+06 0.3773E+02  7.810 0.0013 0.1996E-04 0.1000E+01
1971 0.3500E+00 0.6132E+03 0.1666E-05 0.7955E+01 0.1854E+06 0.3775E+02  7.808 0.0013 0.1996E-04 0.1000E+01
1975 0.3607E+00 0.6078E+03 0.1605E-05 0.7946E+01 0.1845E+06 0.3788E+02  7.796 0.0013 0.1996E-04 0.1000E+01
1980 0.3746E+00 0.6011E+03 0.1531E-05 0.7935E+01 0.1834E+06 0.3804E+02  7.781 0.0012 0.1996E-04 0.1000E+01
1985 0.3890E+00 0.5944E+03 0.1460E-05 0.7923E+01 0.1823E+06 0.3820E+02  7.766 0.0012 0.1996E-04 0.1000E+01
1989 0.4000E+00 0.5895E+03 0.1409E-05 0.7915E+01 0.1815E+06 0.3831E+02  7.755 0.0011 0.1996E-04 0.1000E+01
1990 0.4030E+00 0.5882E+03 0.1396E-05 0.7913E+01 0.1812E+06 0.3834E+02  7.752 0.0011 0.1996E-04 0.1000E+01
1995 0.4187E+00 0.5816E+03 0.1330E-05 0.7902E+01 0.1801E+06 0.3850E+02  7.737 0.0011 0.1996E-04 0.1000E+01
2000 0.4350E+00 0.5750E+03 0.1268E-05 0.7891E+01 0.1790E+06 0.3866E+02  7.723 0.0010 0.1996E-04 0.1000E+01
2005 0.4500E+00 0.5692E+03 0.1214E-05 0.7881E+01 0.1780E+06 0.3879E+02  7.710 0.0010 0.1996E-04 0.1000E+01
2005 0.4500E+00 0.5692E+03 0.1214E-05 0.7881E+01 0.1780E+06 0.3879E+02  7.710 0.0010 0.1996E-04 0.1000E+01
2010 0.4677E+00 0.5626E+03 0.1156E-05 0.7870E+01 0.1769E+06 0.3895E+02  7.695 0.0009 0.1996E-04 0.1000E+01
2015 0.4862E+00 0.5561E+03 0.1100E-05 0.7860E+01 0.1758E+06 0.3910E+02  7.680 0.0009 0.1996E-04 0.1000E+01
2019 0.5000E+00 0.5513E+03 0.1061E-05 0.7852E+01 0.1750E+06 0.3921E+02  7.669 0.0009 0.1996E-04 0.1000E+01
2020 0.5039E+00 0.5500E+03 0.1050E-05 0.7850E+01 0.1748E+06 0.3924E+02  7.666 0.0009 0.1996E-04 0.1000E+01
2025 0.5240E+00 0.5435E+03 0.9984E-06 0.7839E+01 0.1737E+06 0.3940E+02  7.652 0.0008 0.1996E-04 0.1000E+01
2030 0.5450E+00 0.5369E+03 0.9489E-06 0.7829E+01 0.1726E+06 0.3955E+02  7.637 0.0008 0.1996E-04 0.1000E+01
2032 0.5500E+00 0.5354E+03 0.9377E-06 0.7827E+01 0.1723E+06 0.3958E+02  7.633 0.0008 0.1996E-04 0.1000E+01
2035 0.5632E+00 0.5316E+03 0.9094E-06 0.7820E+01 0.1717E+06 0.3968E+02  7.625 0.0008 0.1996E-04 0.1000E+01
2040 0.5859E+00 0.5251E+03 0.8638E-06 0.7810E+01 0.1706E+06 0.3983E+02  7.610 0.0007 0.1996E-04 0.1000E+01
2043 0.6000E+00 0.5213E+03 0.8377E-06 0.7804E+01 0.1699E+06 0.3992E+02  7.601 0.0007 0.1996E-04 0.1000E+01
2045 0.6097E+00 0.5188E+03 0.8206E-06 0.7800E+01 0.1695E+06 0.3998E+02  7.595 0.0007 0.1996E-04 0.1000E+01
2050 0.6346E+00 0.5124E+03 0.7792E-06 0.7790E+01 0.1684E+06 0.4013E+02  7.580 0.0007 0.1996E-04 0.1000E+01
2053 0.6500E+00 0.5087E+03 0.7554E-06 0.7784E+01 0.1678E+06 0.4022E+02  7.572 0.0007 0.1996E-04 0.1000E+01
2055 0.6606E+00 0.5061E+03 0.7399E-06 0.7780E+01 0.1673E+06 0.4027E+02  7.566 0.0006 0.1996E-04 0.1000E+01
2060 0.6879E+00 0.4999E+03 0.7023E-06 0.7770E+01 0.1662E+06 0.4042E+02  7.551 0.0006 0.1996E-04 0.1000E+01
2063 0.7000E+00 0.4973E+03 0.6868E-06 0.7766E+01 0.1658E+06 0.4049E+02  7.545 0.0006 0.1996E-04 0.1000E+01
2065 0.7115E+00 0.4948E+03 0.6726E-06 0.7762E+01 0.1654E+06 0.4055E+02  7.539 0.0006 0.1996E-04 0.1000E+01
2070 0.7412E+00 0.4887E+03 0.6383E-06 0.7752E+01 0.1643E+06 0.4069E+02  7.524 0.0006 0.1996E-04 0.1000E+01
2072 0.7500E+00 0.4869E+03 0.6288E-06 0.7749E+01 0.1640E+06 0.4074E+02  7.520 0.0006 0.1996E-04 0.1000E+01
2075 0.7687E+00 0.4833E+03 0.6094E-06 0.7744E+01 0.1633E+06 0.4082E+02  7.511 0.0005 0.1996E-04 0.1000E+01
2080 0.8000E+00 0.4776E+03 0.5795E-06 0.7734E+01 0.1623E+06 0.4096E+02  7.497 0.0005 0.1996E-04 0.1000E+01
2080 0.8000E+00 0.4776E+03 0.5795E-06 0.7734E+01 0.1623E+06 0.4096E+02  7.497 0.0005 0.1996E-04 0.1000E+01
2085 0.8338E+00 0.4717E+03 0.5502E-06 0.7725E+01 0.1612E+06 0.4111E+02  7.482 0.0005 0.1996E-04 0.1000E+01
2088 0.8500E+00 0.4690E+03 0.5373E-06 0.7720E+01 0.1607E+06 0.4118E+02  7.475 0.0005 0.1996E-04 0.1000E+01
2090 0.8642E+00 0.4667E+03 0.5263E-06 0.7717E+01 0.1603E+06 0.4123E+02  7.469 0.0005 0.1996E-04 0.1000E+01
2095 0.9000E+00 0.4612E+03 0.5007E-06 0.7707E+01 0.1593E+06 0.4138E+02  7.455 0.0004 0.1996E-04 0.1000E+01
2095 0.9000E+00 0.4612E+03 0.5007E-06 0.7707E+01 0.1593E+06 0.4138E+02  7.455 0.0004 0.1996E-04 0.1000E+01
2100 0.9385E+00 0.4556E+03 0.4757E-06 0.7698E+01 0.1582E+06 0.4152E+02  7.440 0.0004 0.1996E-04 0.1000E+01
2102 0.9500E+00 0.4540E+03 0.4686E-06 0.7695E+01 0.1579E+06 0.4156E+02  7.436 0.0004 0.1996E-04 0.1000E+01
2105 0.9742E+00 0.4507E+03 0.4545E-06 0.7690E+01 0.1573E+06 0.4165E+02  7.427 0.0004 0.1996E-04 0.1000E+01
2109 0.1000E+01 0.4473E+03 0.4403E-06 0.7684E+01 0.1567E+06 0.4174E+02  7.418 0.0004 0.1996E-04 0.1000E+01
2110 0.1008E+01 0.4462E+03 0.4359E-06 0.7682E+01 0.1564E+06 0.4176E+02  7.415 0.0004 0.1996E-04 0.1000E+01
2115 0.1052E+01 0.4409E+03 0.4143E-06 0.7673E+01 0.1554E+06 0.4191E+02  7.400 0.0004 0.1996E-04 0.1000E+01
2120 0.1097E+01 0.4356E+03 0.3937E-06 0.7664E+01 0.1544E+06 0.4205E+02  7.385 0.0003 0.1996E-04 0.1000E+01
2125 0.1144E+01 0.4303E+03 0.3743E-06 0.7655E+01 0.1533E+06 0.4219E+02  7.370 0.0003 0.1996E-04 0.1000E+01
2130 0.1194E+01 0.4252E+03 0.3558E-06 0.7646E+01 0.1523E+06 0.4233E+02  7.356 0.0003 0.1996E-04 0.1000E+01
2135 0.1246E+01 0.4201E+03 0.3383E-06 0.7638E+01 0.1513E+06 0.4247E+02  7.341 0.0003 0.1996E-04 0.1000E+01
2140 0.1300E+01 0.4150E+03 0.3216E-06 0.7629E+01 0.1503E+06 0.4260E+02  7.326 0.0002 0.1996E-04 0.1000E+01
2145 0.1356E+01 0.4100E+03 0.3057E-06 0.7620E+01 0.1493E+06 0.4274E+02  7.311 0.0002 0.1996E-04 0.1000E+01
2150 0.1415E+01 0.4051E+03 0.2907E-06 0.7612E+01 0.1482E+06 0.4288E+02  7.297 0.0002 0.1996E-04 0.1000E+01
2155 0.1477E+01 0.4003E+03 0.2764E-06 0.7603E+01 0.1472E+06 0.4302E+02  7.282 0.0002 0.1996E-04 0.1000E+01
2157 0.1500E+01 0.3985E+03 0.2713E-06 0.7600E+01 0.1469E+06 0.4307E+02  7.276 0.0001 0.1996E-04 0.1000E+01
2160 0.1539E+01 0.3956E+03 0.2632E-06 0.7595E+01 0.1463E+06 0.4315E+02  7.268 0.0001 0.1996E-04 0.1000E+01
2165 0.1606E+01 0.3909E+03 0.2502E-06 0.7587E+01 0.1453E+06 0.4328E+02  7.253 0.0001 0.1996E-04 0.1000E+01
2170 0.1676E+01 0.3862E+03 0.2379E-06 0.7578E+01 0.1443E+06 0.4342E+02  7.238 0.0001 0.1996E-04 0.1000E+01
2175 0.1749E+01 0.3815E+03 0.2261E-06 0.7570E+01 0.1433E+06 0.4355E+02  7.224 0.0001 0.1996E-04 0.1000E+01
2180 0.1825E+01 0.3769E+03 0.2149E-06 0.7562E+01 0.1423E+06 0.4368E+02  7.209 0.0001 0.1996E-04 0.1000E+01
2185 0.1905E+01 0.3724E+03 0.2043E-06 0.7554E+01 0.1413E+06 0.4381E+02  7.194 0.0001 0.1996E-04 0.1000E+01
2190 0.1989E+01 0.3678E+03 0.1942E-06 0.7546E+01 0.1404E+06 0.4394E+02  7.179 0.0001 0.1996E-04 0.1000E+01
2191 0.2000E+01 0.3672E+03 0.1928E-06 0.7545E+01 0.1402E+06 0.4396E+02  7.177 0.0001 0.1996E-04 0.1000E+01
2195 0.2070E+01 0.3637E+03 0.1851E-06 0.7538E+01 0.1395E+06 0.4407E+02  7.166 0.0001 0.1996E-04 0.1000E+01
2200 0.2160E+01 0.3592E+03 0.1759E-06 0.7531E+01 0.1385E+06 0.4420E+02  7.151 0.0001 0.1996E-04 0.1000E+01
2205 0.2255E+01 0.3549E+03 0.1672E-06 0.7523E+01 0.1376E+06 0.4432E+02  7.136 0.0000 0.1996E-04 0.1000E+01
2210 0.2354E+01 0.3505E+03 0.1588E-06 0.7515E+01 0.1366E+06 0.4445E+02  7.122 0.0000 0.1996E-04 0.1000E+01
2215 0.2458E+01 0.3463E+03 0.1509E-06 0.7507E+01 0.1357E+06 0.4458E+02  7.107 0.0000 0.1996E-04 0.1000E+01
2217 0.2500E+01 0.3446E+03 0.1479E-06 0.7504E+01 0.1353E+06 0.4463E+02  7.101 0.0000 0.1996E-04 0.1000E+01
2220 0.2565E+01 0.3420E+03 0.1434E-06 0.7500E+01 0.1347E+06 0.4471E+02  7.092 0.0000 0.1996E-04 0.1000E+01
2225 0.2678E+01 0.3379E+03 0.1362E-06 0.7492E+01 0.1338E+06 0.4483E+02  7.078 0.0000 0.1996E-04 0.1000E+01
2230 0.2796E+01 0.3337E+03 0.1294E-06 0.7485E+01 0.1329E+06 0.4496E+02  7.063 0.0000 0.1996E-04 0.1000E+01
2235 0.2919E+01 0.3297E+03 0.1230E-06 0.7477E+01 0.1319E+06 0.4508E+02  7.049 0.0000 0.1996E-04 0.1000E+01
2239 0.3000E+01 0.3271E+03 0.1190E-06 0.7473E+01 0.1314E+06 0.4516E+02  7.039 0.0000 0.1996E-04 0.1000E+01
2240 0.3026E+01 0.3263E+03 0.1178E-06 0.7471E+01 0.1312E+06 0.4519E+02  7.036 0.0000 0.1996E-04 0.1000E+01
2245 0.3159E+01 0.3223E+03 0.1119E-06 0.7464E+01 0.1303E+06 0.4531E+02  7.022 0.0000 0.1996E-04 0.1000E+01
2250 0.3299E+01 0.3183E+03 0.1063E-06 0.7457E+01 0.1294E+06 0.4543E+02  7.007 0.0000 0.1996E-04 0.1000E+01
2255 0.3445E+01 0.3144E+03 0.1009E-06 0.7449E+01 0.1284E+06 0.4555E+02  6.993 0.0000 0.1996E-04 0.1000E+01
2257 0.3500E+01 0.3129E+03 0.9905E-07 0.7447E+01 0.1281E+06 0.4560E+02  6.987 0.0000 0.1996E-04 0.1000E+01
2260 0.3592E+01 0.3106E+03 0.9604E-07 0.7443E+01 0.1276E+06 0.4567E+02  6.979 0.0000 0.1996E-04 0.1000E+01
2265 0.3751E+01 0.3068E+03 0.9122E-07 0.7436E+01 0.1267E+06 0.4579E+02  6.964 0.0000 0.1996E-04 0.1000E+01
2270 0.3917E+01 0.3030E+03 0.8665E-07 0.7429E+01 0.1258E+06 0.4591E+02  6.949 0.0000 0.1996E-04 0.1000E+01
2273 0.4000E+01 0.3012E+03 0.8452E-07 0.7425E+01 0.1254E+06 0.4597E+02  6.942 0.0000 0.1996E-04 0.1000E+01
2275 0.4070E+01 0.2997E+03 0.8280E-07 0.7422E+01 0.1250E+06 0.4602E+02  6.937 0.0000 0.1996E-04 0.1000E+01
2280 0.4250E+01 0.2960E+03 0.7864E-07 0.7416E+01 0.1241E+06 0.4613E+02  6.922 0.0000 0.1996E-04 0.1000E+01
2285 0.4438E+01 0.2924E+03 0.7470E-07 0.7409E+01 0.1233E+06 0.4625E+02  6.908 0.0000 0.1996E-04 0.1000E+01
2287 0.4500E+01 0.2912E+03 0.7347E-07 0.7407E+01 0.1230E+06 0.4629E+02  6.903 0.0000 0.1996E-04 0.1000E+01
2290 0.4618E+01 0.2890E+03 0.7124E-07 0.7402E+01 0.1225E+06 0.4636E+02  6.894 0.0000 0.1996E-04 0.1000E+01
2295 0.4823E+01 0.2855E+03 0.6766E-07 0.7396E+01 0.1216E+06 0.4648E+02  6.880 0.0000 0.1996E-04 0.1000E+01
2300 0.5000E+01 0.2825E+03 0.6481E-07 0.7390E+01 0.1209E+06 0.4657E+02  6.868 0.0000 0.1996E-04 0.1000E+01
2300 0.5000E+01 0.2825E+03 0.6481E-07 0.7390E+01 0.1209E+06 0.4657E+02  6.868 0.0000 0.1996E-04 0.1000E+01
2305 0.5221E+01 0.2791E+03 0.6157E-07 0.7384E+01 0.1200E+06 0.4669E+02  6.853 0.0000 0.1996E-04 0.1000E+01
2310 0.5453E+01 0.2756E+03 0.5849E-07 0.7377E+01 0.1192E+06 0.4680E+02  6.839 0.0000 0.1996E-04 0.1000E+01
2311 0.5500E+01 0.2749E+03 0.5789E-07 0.7376E+01 0.1190E+06 0.4682E+02  6.836 0.0000 0.1996E-04 0.1000E+01
2315 0.5694E+01 0.2722E+03 0.5557E-07 0.7371E+01 0.1184E+06 0.4692E+02  6.824 0.0000 0.1996E-04 0.1000E+01
2320 0.5947E+01 0.2689E+03 0.5279E-07 0.7364E+01 0.1175E+06 0.4703E+02  6.810 0.0000 0.1996E-04 0.1000E+01
2322 0.6000E+01 0.2682E+03 0.5224E-07 0.7363E+01 0.1173E+06 0.4705E+02  6.807 0.0000 0.1996E-04 0.1000E+01
2325 0.6158E+01 0.2662E+03 0.5065E-07 0.7359E+01 0.1168E+06 0.4712E+02  6.798 0.0000 0.1996E-04 0.1000E+01
2330 0.6431E+01 0.2629E+03 0.4813E-07 0.7353E+01 0.1160E+06 0.4723E+02  6.784 0.0000 0.1996E-04 0.1000E+01
2332 0.6500E+01 0.2621E+03 0.4753E-07 0.7351E+01 0.1158E+06 0.4726E+02  6.780 0.0000 0.1996E-04 0.1000E+01
2335 0.6671E+01 0.2602E+03 0.4610E-07 0.7348E+01 0.1153E+06 0.4733E+02  6.772 0.0000 0.1996E-04 0.1000E+01
2340 0.6966E+01 0.2570E+03 0.4381E-07 0.7341E+01 0.1145E+06 0.4744E+02  6.757 0.0000 0.1996E-04 0.1000E+01
2341 0.7000E+01 0.2567E+03 0.4357E-07 0.7341E+01 0.1144E+06 0.4745E+02  6.756 0.0000 0.1996E-04 0.1000E+01
2345 0.7246E+01 0.2542E+03 0.4184E-07 0.7336E+01 0.1138E+06 0.4754E+02  6.744 0.0000 0.1996E-04 0.1000E+01
2349 0.7500E+01 0.2517E+03 0.4019E-07 0.7331E+01 0.1131E+06 0.4762E+02  6.733 0.0000 0.1996E-04 0.1000E+01
2350 0.7565E+01 0.2511E+03 0.3978E-07 0.7330E+01 0.1129E+06 0.4764E+02  6.730 0.0000 0.1996E-04 0.1000E+01
2355 0.7899E+01 0.2481E+03 0.3783E-07 0.7324E+01 0.1121E+06 0.4775E+02  6.716 0.0000 0.1996E-04 0.1000E+01
2357 0.8000E+01 0.2472E+03 0.3728E-07 0.7322E+01 0.1119E+06 0.4778E+02  6.711 0.0000 0.1996E-04 0.1000E+01
2360 0.8209E+01 0.2454E+03 0.3618E-07 0.7318E+01 0.1114E+06 0.4785E+02  6.703 0.0000 0.1996E-04 0.1000E+01
2365 0.8500E+01 0.2430E+03 0.3474E-07 0.7314E+01 0.1108E+06 0.4793E+02  6.691 0.0000 0.1996E-04 0.1000E+01
2365 0.8500E+01 0.2430E+03 0.3474E-07 0.7314E+01 0.1108E+06 0.4793E+02  6.691 0.0000 0.1996E-04 0.1000E+01
2370 0.8878E+01 0.2401E+03 0.3304E-07 0.7308E+01 0.1100E+06 0.4804E+02  6.677 0.0000 0.1996E-04 0.1000E+01
2372 0.9000E+01 0.2392E+03 0.3253E-07 0.7306E+01 0.1097E+06 0.4808E+02  6.672 0.0000 0.1996E-04 0.1000E+01
2375 0.9240E+01 0.2374E+03 0.3155E-07 0.7302E+01 0.1092E+06 0.4814E+02  6.664 0.0000 0.1996E-04 0.1000E+01
2379 0.9500E+01 0.2356E+03 0.3057E-07 0.7299E+01 0.1087E+06 0.4821E+02  6.654 0.0000 0.1996E-04 0.1000E+01
2380 0.9583E+01 0.2350E+03 0.3026E-07 0.7298E+01 0.1086E+06 0.4823E+02  6.651 0.0000 0.1996E-04 0.1000E+01
2385 0.1000E+02 0.2323E+03 0.2883E-07 0.7292E+01 0.1078E+06 0.4833E+02  6.637 0.0000 0.1996E-04 0.1000E+01
2385 0.1000E+02 0.2323E+03 0.2883E-07 0.7292E+01 0.1078E+06 0.4833E+02  6.637 0.0000 0.1996E-04 0.1000E+01
2390 0.1045E+02 0.2295E+03 0.2743E-07 0.7286E+01 0.1070E+06 0.4844E+02  6.623 0.0000 0.1996E-04 0.1000E+01
2391 0.1050E+02 0.2292E+03 0.2727E-07 0.7285E+01 0.1069E+06 0.4845E+02  6.621 0.0000 0.1996E-04 0.1000E+01
2395 0.1087E+02 0.2270E+03 0.2622E-07 0.7281E+01 0.1063E+06 0.4854E+02  6.609 0.0000 0.1996E-04 0.1000E+01
2397 0.1100E+02 0.2263E+03 0.2588E-07 0.7279E+01 0.1061E+06 0.4856E+02  6.605 0.0000 0.1996E-04 0.1000E+01
2400 0.1129E+02 0.2247E+03 0.2512E-07 0.7276E+01 0.1056E+06 0.4863E+02  6.597 0.0000 0.1996E-04 0.1000E+01
2403 0.1150E+02 0.2235E+03 0.2461E-07 0.7274E+01 0.1053E+06 0.4867E+02  6.591 0.0000 0.1996E-04 0.1000E+01
2405 0.1170E+02 0.2225E+03 0.2413E-07 0.7271E+01 0.1050E+06 0.4871E+02  6.585 0.0000 0.1996E-04 0.1000E+01
2408 0.1200E+02 0.2210E+03 0.2346E-07 0.7268E+01 0.1045E+06 0.4877E+02  6.576 0.0000 0.1996E-04 0.1000E+01
2410 0.1221E+02 0.2199E+03 0.2301E-07 0.7266E+01 0.1042E+06 0.4881E+02  6.571 0.0000 0.1996E-04 0.1000E+01
2413 0.1250E+02 0.2185E+03 0.2241E-07 0.7263E+01 0.1038E+06 0.4887E+02  6.563 0.0000 0.1996E-04 0.1000E+01
2415 0.1272E+02 0.2175E+03 0.2198E-07 0.7261E+01 0.1035E+06 0.4891E+02  6.557 0.0000 0.1996E-04 0.1000E+01
2418 0.1300E+02 0.2163E+03 0.2146E-07 0.7258E+01 0.1031E+06 0.4896E+02  6.549 0.0000 0.1996E-04 0.1000E+01
2420 0.1322E+02 0.2153E+03 0.2107E-07 0.7256E+01 0.1028E+06 0.4900E+02  6.544 0.0000 0.1996E-04 0.1000E+01
2423 0.1350E+02 0.2141E+03 0.2058E-07 0.7253E+01 0.1024E+06 0.4905E+02  6.537 0.0000 0.1996E-04 0.1000E+01
2425 0.1373E+02 0.2131E+03 0.2020E-07 0.7251E+01 0.1021E+06 0.4909E+02  6.531 0.0000 0.1996E-04 0.1000E+01
2428 0.1400E+02 0.2120E+03 0.1976E-07 0.7248E+01 0.1018E+06 0.4914E+02  6.524 0.0000 0.1996E-04 0.1000E+01
2430 0.1423E+02 0.2111E+03 0.1941E-07 0.7246E+01 0.1015E+06 0.4918E+02  6.519 0.0000 0.1996E-04 0.1000E+01
2433 0.1450E+02 0.2100E+03 0.1902E-07 0.7244E+01 0.1012E+06 0.4922E+02  6.513 0.0000 0.1996E-04 0.1000E+01
2435 0.1474E+02 0.2091E+03 0.1869E-07 0.7242E+01 0.1009E+06 0.4926E+02  6.507 0.0000 0.1996E-04 0.1000E+01
2438 0.1500E+02 0.2082E+03 0.1833E-07 0.7240E+01 0.1006E+06 0.4930E+02  6.501 0.0000 0.1996E-04 0.1000E+01
2440 0.1525E+02 0.2073E+03 0.1801E-07 0.7238E+01 0.1003E+06 0.4934E+02  6.495 0.0000 0.1996E-04 0.1000E+01
2443 0.1550E+02 0.2064E+03 0.1768E-07 0.7236E+01 0.1000E+06 0.4938E+02  6.490 0.0000 0.1996E-04 0.1000E+01
2445 0.1575E+02 0.2054E+03 0.1735E-07 0.7234E+01 0.9969E+05 0.4942E+02  6.484 0.0000 0.1996E-04 0.1000E+01
2447 0.1600E+02 0.2046E+03 0.1707E-07 0.7232E+01 0.9942E+05 0.4946E+02  6.478 0.0000 0.1996E-04 0.1000E+01
2450 0.1640E+02 0.2033E+03 0.1663E-07 0.7229E+01 0.9899E+05 0.4951E+02  6.470 0.0000 0.1996E-04 0.1000E+01
2451 0.1650E+02 0.2030E+03 0.1651E-07 0.7228E+01 0.9888E+05 0.4953E+02  6.468 0.0000 0.1996E-04 0.1000E+01
2455 0.1700E+02 0.2014E+03 0.1599E-07 0.7224E+01 0.9836E+05 0.4960E+02  6.458 0.0000 0.1996E-04 0.1000E+01
2455 0.1700E+02 0.2014E+03 0.1599E-07 0.7224E+01 0.9836E+05 0.4960E+02  6.458 0.0000 0.1996E-04 0.1000E+01
2459 0.1750E+02 0.1999E+03 0.1551E-07 0.7221E+01 0.9785E+05 0.4966E+02  6.448 0.0000 0.1996E-04 0.1000E+01
2460 0.1764E+02 0.1995E+03 0.1538E-07 0.7220E+01 0.9771E+05 0.4968E+02  6.445 0.0000 0.1996E-04 0.1000E+01
2463 0.1800E+02 0.1985E+03 0.1506E-07 0.7217E+01 0.9736E+05 0.4973E+02  6.438 0.0000 0.1996E-04 0.1000E+01
2465 0.1829E+02 0.1977E+03 0.1481E-07 0.7215E+01 0.9708E+05 0.4977E+02  6.432 0.0000 0.1996E-04 0.1000E+01
2467 0.1850E+02 0.1971E+03 0.1464E-07 0.7214E+01 0.9688E+05 0.4979E+02  6.428 0.0000 0.1996E-04 0.1000E+01
2470 0.1895E+02 0.1959E+03 0.1428E-07 0.7211E+01 0.9647E+05 0.4985E+02  6.420 0.0000 0.1996E-04 0.1000E+01
2471 0.1900E+02 0.1958E+03 0.1423E-07 0.7211E+01 0.9642E+05 0.4986E+02  6.419 0.0000 0.1996E-04 0.1000E+01
2475 0.1950E+02 0.1945E+03 0.1386E-07 0.7207E+01 0.9597E+05 0.4992E+02  6.410 0.0000 0.1996E-04 0.1000E+01
2475 0.1950E+02 0.1945E+03 0.1386E-07 0.7207E+01 0.9597E+05 0.4992E+02  6.410 0.0000 0.1996E-04 0.1000E+01
2479 0.2000E+02 0.1933E+03 0.1351E-07 0.7204E+01 0.9552E+05 0.4997E+02  6.401 0.0000 0.1996E-04 0.1000E+01
