 $INPUT
 IMODEL	=             1
 N	=           120
 MINSTP	=             0
 VEOS	=  1.000000000000000
 ILOOP	=             1
 STATIC	=   F
 FRACT	=  2.5000000000000001E-03
 SHINE	=  0.3000000000000000
 SHAVE	=  9.9999999999999995E-08
 POUT	=  5000000.000000000
 AMETH	=             2
 CMETH	=             1
 NOBOND	=             1
 TBEG	=  5.0000000000000004E-06
 TIMEF	=  10.00000000000000
 DTIMEO	=  5.0000000000000003E-02
 STEPO	=  0.5000000000000000
 LCORR	=   T
 LSTART	=   F
 MAXSTP	=          7000
 SPK	=  15.00000000000000
 STARL	=  0.0000000000000000E+00
 DIST	=  0.4300000000000000
 ALB	=  0.3500000000000000
 TEFFS	=  5770.000000000000
 LCONV	=   T
 LTRANS	=   T
 LPOUT	=   F
 LFILL	=   F
 LCONT	=   T
 LBURN	=   T
 MAG	=  'O '
 GAM	=  '7X'
 MASS	=  17.09226000000000
 YHEA	=  0.2500000000000000
 YDI	=  2.0000000000000002E-05
 HB	=  1.000000000000000
 $end
 
 
 Gam,Mass,Yhe,Ydi,Dist,starl,alb=  7X  17.092   0.250 0.200E-04 0.430E+00 0.000E+00 0.350E+00
  I  Time(Gyrs) Teff        Lumin      Rad(Gcm)  Tc         Rhoc       S      Ratio  Yd         Yl


   5 0.2472E-06 0.2096E+04 0.3711E-01 0.1016E+03 0.8922E+05 0.8196E-01 14.987 0.0000 0.2000E-04 0.1000E+01
  10 0.5667E-06 0.2104E+04 0.3639E-01 0.9984E+02 0.9023E+05 0.8453E-01 14.968 0.0000 0.2000E-04 0.1000E+01
  15 0.8943E-06 0.2112E+04 0.3569E-01 0.9812E+02 0.9123E+05 0.8713E-01 14.948 0.0000 0.2000E-04 0.1000E+01
  20 0.1231E-05 0.2120E+04 0.3500E-01 0.9645E+02 0.9222E+05 0.8979E-01 14.929 0.0000 0.2000E-04 0.1000E+01
  25 0.1578E-05 0.2128E+04 0.3433E-01 0.9483E+02 0.9320E+05 0.9251E-01 14.910 0.0000 0.2000E-04 0.1000E+01
  30 0.1936E-05 0.2135E+04 0.3367E-01 0.9326E+02 0.9419E+05 0.9531E-01 14.891 0.0000 0.2000E-04 0.1000E+01
  35 0.2305E-05 0.2143E+04 0.3303E-01 0.9173E+02 0.9517E+05 0.9815E-01 14.872 0.0000 0.2000E-04 0.1000E+01
  40 0.2685E-05 0.2150E+04 0.3240E-01 0.9025E+02 0.9616E+05 0.1010E+00 14.853 0.0000 0.2000E-04 0.1000E+01
  45 0.3078E-05 0.2157E+04 0.3179E-01 0.8879E+02 0.9714E+05 0.1040E+00 14.834 0.0000 0.2000E-04 0.1000E+01
  50 0.3483E-05 0.2164E+04 0.3118E-01 0.8738E+02 0.9813E+05 0.1071E+00 14.815 0.0000 0.2000E-04 0.1000E+01
  55 0.3901E-05 0.2171E+04 0.3058E-01 0.8600E+02 0.9911E+05 0.1102E+00 14.796 0.0000 0.2000E-04 0.1000E+01
  60 0.4333E-05 0.2177E+04 0.3000E-01 0.8465E+02 0.1001E+06 0.1133E+00 14.776 0.0000 0.2000E-04 0.1000E+01
  65 0.4779E-05 0.2184E+04 0.2942E-01 0.8334E+02 0.1011E+06 0.1166E+00 14.757 0.0000 0.2000E-04 0.1000E+01
  68 0.0000E+00 0.2187E+04 0.2915E-01 0.8271E+02 0.1016E+06 0.1181E+00 14.748 0.0000 0.2000E-04 0.1000E+01
  70 0.1849E-06 0.2190E+04 0.2893E-01 0.8220E+02 0.1020E+06 0.1195E+00 14.740 0.0000 0.2000E-04 0.1000E+01
  75 0.6582E-06 0.2196E+04 0.2837E-01 0.8095E+02 0.1030E+06 0.1228E+00 14.721 0.0000 0.2000E-04 0.1000E+01
  80 0.1148E-05 0.2202E+04 0.2783E-01 0.7972E+02 0.1039E+06 0.1263E+00 14.701 0.0000 0.2000E-04 0.1000E+01
  85 0.1652E-05 0.2208E+04 0.2729E-01 0.7852E+02 0.1049E+06 0.1298E+00 14.681 0.0000 0.2000E-04 0.1000E+01
  90 0.2170E-05 0.2214E+04 0.2677E-01 0.7735E+02 0.1059E+06 0.1334E+00 14.662 0.0000 0.2000E-04 0.1000E+01
  95 0.2702E-05 0.2220E+04 0.2626E-01 0.7622E+02 0.1069E+06 0.1370E+00 14.642 0.0000 0.2000E-04 0.1000E+01
 100 0.3250E-05 0.2225E+04 0.2577E-01 0.7511E+02 0.1079E+06 0.1408E+00 14.623 0.0000 0.2000E-04 0.1000E+01
 105 0.3815E-05 0.2231E+04 0.2528E-01 0.7402E+02 0.1088E+06 0.1446E+00 14.603 0.0000 0.2000E-04 0.1000E+01
 110 0.4398E-05 0.2236E+04 0.2480E-01 0.7296E+02 0.1098E+06 0.1485E+00 14.584 0.0000 0.2000E-04 0.1000E+01
 115 0.4999E-05 0.2242E+04 0.2433E-01 0.7192E+02 0.1108E+06 0.1525E+00 14.564 0.0000 0.2000E-04 0.1000E+01
 120 0.5619E-05 0.2247E+04 0.2387E-01 0.7091E+02 0.1117E+06 0.1566E+00 14.544 0.0000 0.2000E-04 0.1000E+01
 125 0.6256E-05 0.2252E+04 0.2342E-01 0.6991E+02 0.1127E+06 0.1608E+00 14.524 0.0000 0.2000E-04 0.1000E+01
 130 0.6913E-05 0.2257E+04 0.2298E-01 0.6894E+02 0.1136E+06 0.1651E+00 14.505 0.0000 0.2000E-04 0.1000E+01
 135 0.7588E-05 0.2262E+04 0.2255E-01 0.6799E+02 0.1145E+06 0.1694E+00 14.485 0.0000 0.2000E-04 0.1000E+01
 140 0.8283E-05 0.2267E+04 0.2213E-01 0.6707E+02 0.1155E+06 0.1739E+00 14.465 0.0000 0.2000E-04 0.1000E+01
 145 0.8997E-05 0.2272E+04 0.2171E-01 0.6616E+02 0.1164E+06 0.1784E+00 14.445 0.0000 0.2000E-04 0.1000E+01
 150 0.9731E-05 0.2276E+04 0.2131E-01 0.6527E+02 0.1173E+06 0.1830E+00 14.425 0.0000 0.2000E-04 0.1000E+01
 155 0.1049E-04 0.2281E+04 0.2091E-01 0.6440E+02 0.1183E+06 0.1877E+00 14.405 0.0000 0.2000E-04 0.1000E+01
 160 0.1126E-04 0.2285E+04 0.2052E-01 0.6355E+02 0.1192E+06 0.1925E+00 14.386 0.0000 0.2000E-04 0.1000E+01
 165 0.1206E-04 0.2290E+04 0.2014E-01 0.6272E+02 0.1201E+06 0.1974E+00 14.366 0.0000 0.2000E-04 0.1000E+01
 170 0.1289E-04 0.2294E+04 0.1977E-01 0.6190E+02 0.1211E+06 0.2024E+00 14.346 0.0000 0.2000E-04 0.1000E+01
 175 0.1374E-04 0.2298E+04 0.1940E-01 0.6110E+02 0.1220E+06 0.2075E+00 14.326 0.0000 0.2000E-04 0.1000E+01
 180 0.1461E-04 0.2303E+04 0.1904E-01 0.6031E+02 0.1230E+06 0.2127E+00 14.305 0.0000 0.2000E-04 0.1000E+01
 185 0.1551E-04 0.2307E+04 0.1869E-01 0.5954E+02 0.1239E+06 0.2181E+00 14.285 0.0000 0.2000E-04 0.1000E+01
 190 0.1644E-04 0.2311E+04 0.1834E-01 0.5878E+02 0.1249E+06 0.2235E+00 14.265 0.0000 0.2000E-04 0.1000E+01
 195 0.1740E-04 0.2315E+04 0.1800E-01 0.5803E+02 0.1258E+06 0.2291E+00 14.244 0.0000 0.2000E-04 0.1000E+01
 200 0.1839E-04 0.2318E+04 0.1766E-01 0.5729E+02 0.1268E+06 0.2348E+00 14.224 0.0000 0.2000E-04 0.1000E+01
 205 0.1940E-04 0.2322E+04 0.1733E-01 0.5657E+02 0.1278E+06 0.2406E+00 14.204 0.0000 0.2000E-04 0.1000E+01
 210 0.2044E-04 0.2326E+04 0.1701E-01 0.5587E+02 0.1287E+06 0.2466E+00 14.183 0.0000 0.2000E-04 0.1000E+01
 215 0.2150E-04 0.2330E+04 0.1670E-01 0.5518E+02 0.1297E+06 0.2526E+00 14.163 0.0000 0.2000E-04 0.1000E+01
 220 0.2259E-04 0.2333E+04 0.1639E-01 0.5451E+02 0.1306E+06 0.2587E+00 14.142 0.0000 0.2000E-04 0.1000E+01
 225 0.2371E-04 0.2336E+04 0.1609E-01 0.5385E+02 0.1316E+06 0.2650E+00 14.122 0.0000 0.2000E-04 0.1000E+01
 230 0.2486E-04 0.2340E+04 0.1580E-01 0.5320E+02 0.1325E+06 0.2713E+00 14.102 0.0000 0.2000E-04 0.1000E+01
 235 0.2603E-04 0.2343E+04 0.1551E-01 0.5257E+02 0.1335E+06 0.2778E+00 14.081 0.0000 0.2000E-04 0.1000E+01
 240 0.2724E-04 0.2346E+04 0.1523E-01 0.5195E+02 0.1344E+06 0.2844E+00 14.061 0.0000 0.2000E-04 0.1000E+01
 245 0.2848E-04 0.2349E+04 0.1495E-01 0.5134E+02 0.1354E+06 0.2912E+00 14.041 0.0000 0.2000E-04 0.1000E+01
 250 0.2975E-04 0.2352E+04 0.1468E-01 0.5074E+02 0.1363E+06 0.2980E+00 14.020 0.0000 0.2000E-04 0.1000E+01
 255 0.3106E-04 0.2355E+04 0.1442E-01 0.5015E+02 0.1373E+06 0.3051E+00 14.000 0.0000 0.2000E-04 0.1000E+01
 260 0.3241E-04 0.2358E+04 0.1415E-01 0.4957E+02 0.1383E+06 0.3123E+00 13.979 0.0000 0.2000E-04 0.1000E+01
 265 0.3379E-04 0.2361E+04 0.1389E-01 0.4899E+02 0.1393E+06 0.3197E+00 13.958 0.0000 0.2000E-04 0.1000E+01
 270 0.3522E-04 0.2364E+04 0.1364E-01 0.4843E+02 0.1403E+06 0.3273E+00 13.938 0.0000 0.2000E-04 0.1000E+01
 275 0.3669E-04 0.2367E+04 0.1339E-01 0.4787E+02 0.1412E+06 0.3350E+00 13.917 0.0000 0.2000E-04 0.1000E+01
 280 0.3820E-04 0.2369E+04 0.1314E-01 0.4732E+02 0.1422E+06 0.3429E+00 13.896 0.0000 0.2000E-04 0.1000E+01
 285 0.3976E-04 0.2372E+04 0.1290E-01 0.4679E+02 0.1432E+06 0.3510E+00 13.875 0.0000 0.2000E-04 0.1000E+01
 290 0.4136E-04 0.2374E+04 0.1267E-01 0.4626E+02 0.1442E+06 0.3592E+00 13.854 0.0000 0.2000E-04 0.1000E+01
 295 0.4301E-04 0.2377E+04 0.1243E-01 0.4573E+02 0.1453E+06 0.3677E+00 13.833 0.0000 0.2000E-04 0.1000E+01
 300 0.4470E-04 0.2379E+04 0.1221E-01 0.4522E+02 0.1463E+06 0.3764E+00 13.812 0.0000 0.2000E-04 0.1000E+01
 305 0.4645E-04 0.2382E+04 0.1198E-01 0.4471E+02 0.1473E+06 0.3852E+00 13.791 0.0000 0.2000E-04 0.1000E+01
 310 0.4824E-04 0.2384E+04 0.1176E-01 0.4421E+02 0.1483E+06 0.3943E+00 13.770 0.0000 0.2000E-04 0.1000E+01
 315 0.5008E-04 0.2386E+04 0.1154E-01 0.4371E+02 0.1494E+06 0.4035E+00 13.749 0.0000 0.2000E-04 0.1000E+01
 320 0.5198E-04 0.2389E+04 0.1133E-01 0.4323E+02 0.1504E+06 0.4130E+00 13.727 0.0000 0.2000E-04 0.1000E+01
 325 0.5393E-04 0.2391E+04 0.1112E-01 0.4275E+02 0.1515E+06 0.4227E+00 13.706 0.0000 0.2000E-04 0.1000E+01
 330 0.5594E-04 0.2393E+04 0.1091E-01 0.4228E+02 0.1526E+06 0.4326E+00 13.684 0.0000 0.2000E-04 0.1000E+01
 335 0.5801E-04 0.2395E+04 0.1071E-01 0.4181E+02 0.1536E+06 0.4428E+00 13.663 0.0000 0.2000E-04 0.1000E+01
 340 0.6014E-04 0.2397E+04 0.1051E-01 0.4135E+02 0.1547E+06 0.4533E+00 13.641 0.0000 0.2000E-04 0.1000E+01
 345 0.6233E-04 0.2399E+04 0.1032E-01 0.4089E+02 0.1558E+06 0.4640E+00 13.620 0.0000 0.2000E-04 0.1000E+01
 350 0.6459E-04 0.2401E+04 0.1012E-01 0.4044E+02 0.1569E+06 0.4749E+00 13.598 0.0000 0.2000E-04 0.1000E+01
 355 0.6691E-04 0.2403E+04 0.9934E-02 0.4000E+02 0.1580E+06 0.4861E+00 13.576 0.0000 0.2000E-04 0.1000E+01
 360 0.6928E-04 0.2405E+04 0.9749E-02 0.3957E+02 0.1591E+06 0.4976E+00 13.554 0.0000 0.2000E-04 0.1000E+01
 365 0.7172E-04 0.2407E+04 0.9570E-02 0.3914E+02 0.1602E+06 0.5092E+00 13.532 0.0000 0.2000E-04 0.1000E+01
 370 0.7423E-04 0.2408E+04 0.9394E-02 0.3872E+02 0.1613E+06 0.5212E+00 13.510 0.0000 0.2000E-04 0.1000E+01
 375 0.7681E-04 0.2410E+04 0.9220E-02 0.3830E+02 0.1624E+06 0.5334E+00 13.489 0.0000 0.2000E-04 0.1000E+01
 380 0.7945E-04 0.2412E+04 0.9051E-02 0.3789E+02 0.1635E+06 0.5459E+00 13.467 0.0000 0.2000E-04 0.1000E+01
 385 0.8216E-04 0.2414E+04 0.8884E-02 0.3749E+02 0.1646E+06 0.5586E+00 13.445 0.0000 0.2000E-04 0.1000E+01
 390 0.8495E-04 0.2415E+04 0.8720E-02 0.3709E+02 0.1657E+06 0.5717E+00 13.423 0.0000 0.2000E-04 0.1000E+01
 395 0.8781E-04 0.2417E+04 0.8560E-02 0.3670E+02 0.1668E+06 0.5850E+00 13.401 0.0000 0.2000E-04 0.1000E+01
 400 0.9075E-04 0.2418E+04 0.8403E-02 0.3632E+02 0.1679E+06 0.5986E+00 13.379 0.0000 0.2000E-04 0.1000E+01
 405 0.9378E-04 0.2420E+04 0.8250E-02 0.3593E+02 0.1690E+06 0.6126E+00 13.356 0.0000 0.2000E-04 0.1000E+01
 410 0.9689E-04 0.2422E+04 0.8100E-02 0.3556E+02 0.1701E+06 0.6269E+00 13.334 0.0000 0.2000E-04 0.1000E+01
 415 0.1001E-03 0.2423E+04 0.7953E-02 0.3519E+02 0.1713E+06 0.6415E+00 13.312 0.0000 0.2000E-04 0.1000E+01
 420 0.1034E-03 0.2425E+04 0.7808E-02 0.3482E+02 0.1724E+06 0.6565E+00 13.290 0.0000 0.2000E-04 0.1000E+01
 425 0.1067E-03 0.2427E+04 0.7666E-02 0.3446E+02 0.1735E+06 0.6718E+00 13.267 0.0000 0.2000E-04 0.1000E+01
 430 0.1102E-03 0.2428E+04 0.7526E-02 0.3410E+02 0.1747E+06 0.6874E+00 13.245 0.0000 0.2000E-04 0.1000E+01
 435 0.1137E-03 0.2429E+04 0.7389E-02 0.3375E+02 0.1758E+06 0.7034E+00 13.222 0.0000 0.2000E-04 0.1000E+01
 440 0.1174E-03 0.2431E+04 0.7255E-02 0.3340E+02 0.1770E+06 0.7198E+00 13.200 0.0000 0.2000E-04 0.1000E+01
 445 0.1211E-03 0.2432E+04 0.7122E-02 0.3306E+02 0.1781E+06 0.7366E+00 13.177 0.0000 0.2000E-04 0.1000E+01
 450 0.1250E-03 0.2434E+04 0.6992E-02 0.3272E+02 0.1793E+06 0.7537E+00 13.155 0.0000 0.2000E-04 0.1000E+01
 455 0.1289E-03 0.2435E+04 0.6864E-02 0.3238E+02 0.1804E+06 0.7713E+00 13.132 0.0000 0.2000E-04 0.1000E+01
 460 0.1330E-03 0.2436E+04 0.6738E-02 0.3205E+02 0.1816E+06 0.7893E+00 13.110 0.0000 0.2000E-04 0.1000E+01
 465 0.1372E-03 0.2437E+04 0.6616E-02 0.3173E+02 0.1827E+06 0.8076E+00 13.087 0.0000 0.2000E-04 0.1000E+01
 470 0.1415E-03 0.2439E+04 0.6497E-02 0.3141E+02 0.1839E+06 0.8264E+00 13.064 0.0000 0.2000E-04 0.1000E+01
 475 0.1459E-03 0.2440E+04 0.6380E-02 0.3109E+02 0.1851E+06 0.8456E+00 13.041 0.0000 0.2000E-04 0.1000E+01
 480 0.1504E-03 0.2441E+04 0.6264E-02 0.3077E+02 0.1862E+06 0.8653E+00 13.018 0.0000 0.2000E-04 0.1000E+01
 485 0.1550E-03 0.2442E+04 0.6150E-02 0.3047E+02 0.1874E+06 0.8854E+00 12.995 0.0000 0.2000E-04 0.1000E+01
 490 0.1598E-03 0.2443E+04 0.6039E-02 0.3016E+02 0.1886E+06 0.9059E+00 12.972 0.0000 0.2000E-04 0.1000E+01
 495 0.1647E-03 0.2445E+04 0.5929E-02 0.2986E+02 0.1897E+06 0.9269E+00 12.949 0.0000 0.2000E-04 0.1000E+01
 500 0.1697E-03 0.2446E+04 0.5821E-02 0.2956E+02 0.1909E+06 0.9484E+00 12.926 0.0000 0.2000E-04 0.1000E+01
 505 0.1749E-03 0.2446E+04 0.5714E-02 0.2927E+02 0.1921E+06 0.9704E+00 12.903 0.0000 0.2000E-04 0.1000E+01
 510 0.1802E-03 0.2447E+04 0.5609E-02 0.2897E+02 0.1933E+06 0.9929E+00 12.880 0.0000 0.2000E-04 0.1000E+01
 515 0.1857E-03 0.2448E+04 0.5506E-02 0.2869E+02 0.1944E+06 0.1016E+01 12.857 0.0000 0.2000E-04 0.1000E+01
 520 0.1913E-03 0.2449E+04 0.5405E-02 0.2840E+02 0.1956E+06 0.1039E+01 12.833 0.0000 0.2000E-04 0.1000E+01
 525 0.1970E-03 0.2450E+04 0.5306E-02 0.2812E+02 0.1968E+06 0.1063E+01 12.810 0.0000 0.2000E-04 0.1000E+01
 530 0.2029E-03 0.2451E+04 0.5210E-02 0.2785E+02 0.1980E+06 0.1088E+01 12.787 0.0000 0.2000E-04 0.1000E+01
 535 0.2090E-03 0.2452E+04 0.5116E-02 0.2758E+02 0.1991E+06 0.1113E+01 12.763 0.0000 0.2000E-04 0.1000E+01
 540 0.2152E-03 0.2452E+04 0.5022E-02 0.2731E+02 0.2003E+06 0.1139E+01 12.740 0.0000 0.2000E-04 0.1000E+01
 545 0.2216E-03 0.2453E+04 0.4931E-02 0.2704E+02 0.2014E+06 0.1165E+01 12.716 0.0000 0.2000E-04 0.1000E+01
 550 0.2281E-03 0.2454E+04 0.4840E-02 0.2678E+02 0.2026E+06 0.1191E+01 12.693 0.0000 0.2000E-04 0.1000E+01
 555 0.2349E-03 0.2454E+04 0.4751E-02 0.2652E+02 0.2037E+06 0.1219E+01 12.669 0.0000 0.2000E-04 0.1000E+01
 560 0.2418E-03 0.2455E+04 0.4664E-02 0.2626E+02 0.2049E+06 0.1247E+01 12.646 0.0000 0.2000E-04 0.1000E+01
 565 0.2488E-03 0.2455E+04 0.4577E-02 0.2601E+02 0.2060E+06 0.1275E+01 12.622 0.0000 0.2000E-04 0.1000E+01
 570 0.2561E-03 0.2455E+04 0.4493E-02 0.2576E+02 0.2072E+06 0.1304E+01 12.598 0.0000 0.2000E-04 0.1000E+01
 575 0.2636E-03 0.2456E+04 0.4408E-02 0.2552E+02 0.2083E+06 0.1334E+01 12.574 0.0000 0.2000E-04 0.1000E+01
 580 0.2713E-03 0.2456E+04 0.4326E-02 0.2527E+02 0.2094E+06 0.1365E+01 12.551 0.0000 0.2000E-04 0.1000E+01
 585 0.2791E-03 0.2456E+04 0.4245E-02 0.2503E+02 0.2105E+06 0.1396E+01 12.527 0.0000 0.2000E-04 0.1000E+01
 590 0.2872E-03 0.2456E+04 0.4165E-02 0.2479E+02 0.2116E+06 0.1427E+01 12.503 0.0000 0.2000E-04 0.1000E+01
 595 0.2956E-03 0.2456E+04 0.4085E-02 0.2456E+02 0.2128E+06 0.1460E+01 12.479 0.0000 0.2000E-04 0.1000E+01
 600 0.3041E-03 0.2456E+04 0.4007E-02 0.2433E+02 0.2139E+06 0.1493E+01 12.454 0.0000 0.2000E-04 0.1000E+01
 605 0.3129E-03 0.2455E+04 0.3931E-02 0.2410E+02 0.2150E+06 0.1527E+01 12.430 0.0000 0.2000E-04 0.1000E+01
 610 0.3220E-03 0.2455E+04 0.3855E-02 0.2387E+02 0.2161E+06 0.1562E+01 12.406 0.0000 0.2000E-04 0.1000E+01
 615 0.3313E-03 0.2455E+04 0.3780E-02 0.2364E+02 0.2172E+06 0.1598E+01 12.381 0.0000 0.2000E-04 0.1000E+01
 620 0.3410E-03 0.2454E+04 0.3706E-02 0.2342E+02 0.2183E+06 0.1634E+01 12.357 0.0000 0.2000E-04 0.1000E+01
 625 0.3509E-03 0.2454E+04 0.3632E-02 0.2320E+02 0.2194E+06 0.1672E+01 12.332 0.0000 0.2000E-04 0.1000E+01
 630 0.3612E-03 0.2453E+04 0.3559E-02 0.2298E+02 0.2205E+06 0.1711E+01 12.307 0.0000 0.2000E-04 0.1000E+01
 635 0.3718E-03 0.2452E+04 0.3486E-02 0.2276E+02 0.2216E+06 0.1750E+01 12.282 0.0000 0.2000E-04 0.1000E+01
 640 0.3827E-03 0.2451E+04 0.3414E-02 0.2255E+02 0.2227E+06 0.1791E+01 12.257 0.0000 0.2000E-04 0.1000E+01
 645 0.3939E-03 0.2449E+04 0.3342E-02 0.2233E+02 0.2237E+06 0.1832E+01 12.232 0.0000 0.2000E-04 0.1000E+01
 650 0.4055E-03 0.2448E+04 0.3272E-02 0.2212E+02 0.2248E+06 0.1875E+01 12.206 0.0000 0.2000E-04 0.1000E+01
 655 0.4175E-03 0.2446E+04 0.3202E-02 0.2191E+02 0.2259E+06 0.1919E+01 12.181 0.0000 0.2000E-04 0.1000E+01
 660 0.4298E-03 0.2444E+04 0.3133E-02 0.2171E+02 0.2270E+06 0.1963E+01 12.155 0.0000 0.2000E-04 0.1000E+01
 665 0.4424E-03 0.2443E+04 0.3066E-02 0.2150E+02 0.2280E+06 0.2008E+01 12.130 0.0000 0.2000E-04 0.1000E+01
 670 0.4553E-03 0.2441E+04 0.3000E-02 0.2130E+02 0.2291E+06 0.2055E+01 12.104 0.0000 0.2000E-04 0.1000E+01
 675 0.4687E-03 0.2439E+04 0.2937E-02 0.2111E+02 0.2301E+06 0.2102E+01 12.079 0.0000 0.2000E-04 0.1000E+01
 680 0.4824E-03 0.2438E+04 0.2876E-02 0.2091E+02 0.2312E+06 0.2151E+01 12.053 0.0000 0.2000E-04 0.1000E+01
 685 0.4965E-03 0.2436E+04 0.2816E-02 0.2072E+02 0.2322E+06 0.2200E+01 12.028 0.0000 0.2000E-04 0.1000E+01
 690 0.5109E-03 0.2435E+04 0.2757E-02 0.2053E+02 0.2333E+06 0.2251E+01 12.002 0.0000 0.2000E-04 0.1000E+01
 695 0.5258E-03 0.2433E+04 0.2700E-02 0.2034E+02 0.2343E+06 0.2303E+01 11.976 0.0000 0.2000E-04 0.1000E+01
 700 0.5412E-03 0.2431E+04 0.2643E-02 0.2015E+02 0.2353E+06 0.2356E+01 11.950 0.0000 0.2000E-04 0.1000E+01
 705 0.5569E-03 0.2429E+04 0.2587E-02 0.1997E+02 0.2364E+06 0.2410E+01 11.924 0.0000 0.2000E-04 0.1000E+01
 710 0.5732E-03 0.2427E+04 0.2532E-02 0.1979E+02 0.2374E+06 0.2465E+01 11.898 0.0000 0.2000E-04 0.1000E+01
 715 0.5898E-03 0.2425E+04 0.2478E-02 0.1961E+02 0.2384E+06 0.2522E+01 11.872 0.0000 0.2000E-04 0.1000E+01
 720 0.6069E-03 0.2423E+04 0.2425E-02 0.1943E+02 0.2394E+06 0.2580E+01 11.846 0.0000 0.2000E-04 0.1000E+01
 725 0.6244E-03 0.2421E+04 0.2374E-02 0.1926E+02 0.2404E+06 0.2639E+01 11.820 0.0000 0.2000E-04 0.1000E+01
 730 0.6423E-03 0.2419E+04 0.2323E-02 0.1909E+02 0.2414E+06 0.2699E+01 11.794 0.0000 0.2000E-04 0.1000E+01
 735 0.6606E-03 0.2417E+04 0.2274E-02 0.1892E+02 0.2424E+06 0.2760E+01 11.768 0.0000 0.2000E-04 0.1000E+01
 740 0.6793E-03 0.2414E+04 0.2226E-02 0.1875E+02 0.2434E+06 0.2822E+01 11.743 0.0000 0.2000E-04 0.1000E+01
 745 0.6984E-03 0.2412E+04 0.2179E-02 0.1859E+02 0.2443E+06 0.2885E+01 11.717 0.0000 0.2000E-04 0.1000E+01
 750 0.7181E-03 0.2409E+04 0.2132E-02 0.1843E+02 0.2453E+06 0.2949E+01 11.691 0.0000 0.2000E-04 0.1000E+01
 755 0.7381E-03 0.2407E+04 0.2087E-02 0.1827E+02 0.2462E+06 0.3014E+01 11.666 0.0000 0.2000E-04 0.1000E+01
 760 0.7587E-03 0.2404E+04 0.2042E-02 0.1812E+02 0.2472E+06 0.3080E+01 11.640 0.0000 0.2000E-04 0.1000E+01
 765 0.7797E-03 0.2401E+04 0.1999E-02 0.1797E+02 0.2481E+06 0.3147E+01 11.615 0.0000 0.2000E-04 0.1000E+01
 770 0.8011E-03 0.2398E+04 0.1956E-02 0.1781E+02 0.2490E+06 0.3216E+01 11.589 0.0000 0.2000E-04 0.1000E+01
 775 0.8231E-03 0.2395E+04 0.1914E-02 0.1767E+02 0.2499E+06 0.3285E+01 11.564 0.0000 0.2000E-04 0.1000E+01
 780 0.8456E-03 0.2392E+04 0.1873E-02 0.1752E+02 0.2507E+06 0.3356E+01 11.538 0.0000 0.2000E-04 0.1000E+01
 785 0.8685E-03 0.2389E+04 0.1832E-02 0.1738E+02 0.2516E+06 0.3427E+01 11.513 0.0000 0.2000E-04 0.1000E+01
 790 0.8914E-03 0.2386E+04 0.1793E-02 0.1724E+02 0.2524E+06 0.3498E+01 11.489 0.0000 0.2000E-04 0.1000E+01
 795 0.9144E-03 0.2382E+04 0.1756E-02 0.1711E+02 0.2532E+06 0.3569E+01 11.465 0.0000 0.2000E-04 0.1000E+01
 800 0.9374E-03 0.2379E+04 0.1720E-02 0.1698E+02 0.2540E+06 0.3640E+01 11.441 0.0000 0.2000E-04 0.1000E+01
 805 0.9605E-03 0.2376E+04 0.1685E-02 0.1685E+02 0.2547E+06 0.3710E+01 11.418 0.0000 0.2000E-04 0.1000E+01
 810 0.9836E-03 0.2372E+04 0.1651E-02 0.1673E+02 0.2554E+06 0.3779E+01 11.396 0.0000 0.2000E-04 0.1000E+01
 815 0.1007E-02 0.2369E+04 0.1618E-02 0.1662E+02 0.2561E+06 0.3848E+01 11.374 0.0000 0.2000E-04 0.1000E+01
 820 0.1030E-02 0.2365E+04 0.1587E-02 0.1650E+02 0.2568E+06 0.3917E+01 11.352 0.0000 0.2000E-04 0.1000E+01
 825 0.1053E-02 0.2361E+04 0.1556E-02 0.1640E+02 0.2574E+06 0.3985E+01 11.331 0.0000 0.2000E-04 0.1000E+01
 830 0.1076E-02 0.2357E+04 0.1527E-02 0.1629E+02 0.2580E+06 0.4052E+01 11.310 0.0000 0.2000E-04 0.1000E+01
 835 0.1099E-02 0.2354E+04 0.1498E-02 0.1619E+02 0.2586E+06 0.4120E+01 11.290 0.0000 0.2000E-04 0.1000E+01
 840 0.1122E-02 0.2350E+04 0.1469E-02 0.1609E+02 0.2592E+06 0.4187E+01 11.270 0.0000 0.2000E-04 0.1000E+01
 845 0.1146E-02 0.2345E+04 0.1441E-02 0.1599E+02 0.2597E+06 0.4254E+01 11.251 0.0000 0.2000E-04 0.1000E+01
 850 0.1169E-02 0.2341E+04 0.1414E-02 0.1590E+02 0.2603E+06 0.4321E+01 11.231 0.0000 0.2000E-04 0.1000E+01
 855 0.1193E-02 0.2337E+04 0.1388E-02 0.1581E+02 0.2608E+06 0.4387E+01 11.212 0.0000 0.2000E-04 0.1000E+01
 860 0.1217E-02 0.2333E+04 0.1362E-02 0.1571E+02 0.2613E+06 0.4454E+01 11.194 0.0000 0.2000E-04 0.1000E+01
 865 0.1241E-02 0.2328E+04 0.1337E-02 0.1563E+02 0.2618E+06 0.4520E+01 11.175 0.0000 0.2000E-04 0.1000E+01
 870 0.1265E-02 0.2324E+04 0.1313E-02 0.1554E+02 0.2622E+06 0.4586E+01 11.157 0.0000 0.2000E-04 0.1000E+01
 875 0.1289E-02 0.2320E+04 0.1289E-02 0.1546E+02 0.2627E+06 0.4652E+01 11.139 0.0000 0.2000E-04 0.1000E+01
 880 0.1313E-02 0.2316E+04 0.1266E-02 0.1537E+02 0.2631E+06 0.4718E+01 11.121 0.0000 0.2000E-04 0.1000E+01
 885 0.1338E-02 0.2311E+04 0.1243E-02 0.1529E+02 0.2636E+06 0.4784E+01 11.104 0.0000 0.2000E-04 0.1000E+01
 890 0.1363E-02 0.2307E+04 0.1221E-02 0.1521E+02 0.2640E+06 0.4850E+01 11.086 0.0000 0.2000E-04 0.1000E+01
 895 0.1388E-02 0.2302E+04 0.1199E-02 0.1514E+02 0.2644E+06 0.4916E+01 11.069 0.0000 0.2000E-04 0.1000E+01
 900 0.1413E-02 0.2298E+04 0.1178E-02 0.1506E+02 0.2648E+06 0.4983E+01 11.052 0.0000 0.2000E-04 0.1000E+01
 905 0.1439E-02 0.2294E+04 0.1157E-02 0.1499E+02 0.2652E+06 0.5049E+01 11.035 0.0000 0.2000E-04 0.1000E+01
 910 0.1465E-02 0.2289E+04 0.1137E-02 0.1491E+02 0.2656E+06 0.5116E+01 11.018 0.0000 0.2000E-04 0.1000E+01
 915 0.1491E-02 0.2285E+04 0.1117E-02 0.1484E+02 0.2659E+06 0.5182E+01 11.002 0.0000 0.2000E-04 0.1000E+01
 920 0.1517E-02 0.2280E+04 0.1098E-02 0.1477E+02 0.2663E+06 0.5249E+01 10.985 0.0000 0.2000E-04 0.1000E+01
 925 0.1544E-02 0.2275E+04 0.1079E-02 0.1470E+02 0.2666E+06 0.5315E+01 10.969 0.0000 0.2000E-04 0.1000E+01
 930 0.1571E-02 0.2271E+04 0.1060E-02 0.1463E+02 0.2670E+06 0.5382E+01 10.953 0.0000 0.2000E-04 0.1000E+01
 935 0.1598E-02 0.2266E+04 0.1042E-02 0.1456E+02 0.2673E+06 0.5449E+01 10.937 0.0000 0.2000E-04 0.1000E+01
 940 0.1626E-02 0.2262E+04 0.1024E-02 0.1449E+02 0.2676E+06 0.5517E+01 10.921 0.0000 0.2000E-04 0.1000E+01
 945 0.1654E-02 0.2257E+04 0.1006E-02 0.1443E+02 0.2679E+06 0.5585E+01 10.905 0.0000 0.2000E-04 0.1000E+01
 950 0.1682E-02 0.2252E+04 0.9887E-03 0.1436E+02 0.2682E+06 0.5653E+01 10.889 0.0000 0.2000E-04 0.1000E+01
 955 0.1711E-02 0.2247E+04 0.9715E-03 0.1430E+02 0.2685E+06 0.5721E+01 10.874 0.0000 0.2000E-04 0.1000E+01
 960 0.1740E-02 0.2243E+04 0.9547E-03 0.1424E+02 0.2688E+06 0.5789E+01 10.858 0.0000 0.2000E-04 0.1000E+01
 965 0.1769E-02 0.2238E+04 0.9382E-03 0.1417E+02 0.2690E+06 0.5858E+01 10.843 0.0000 0.2000E-04 0.1000E+01
 970 0.1799E-02 0.2233E+04 0.9219E-03 0.1411E+02 0.2693E+06 0.5927E+01 10.827 0.0000 0.2000E-04 0.1000E+01
 975 0.1829E-02 0.2228E+04 0.9060E-03 0.1405E+02 0.2696E+06 0.5996E+01 10.812 0.0000 0.2000E-04 0.1000E+01
 980 0.1860E-02 0.2223E+04 0.8903E-03 0.1399E+02 0.2698E+06 0.6066E+01 10.796 0.0000 0.2000E-04 0.1000E+01
 985 0.1891E-02 0.2218E+04 0.8749E-03 0.1393E+02 0.2700E+06 0.6136E+01 10.781 0.0000 0.2000E-04 0.1000E+01
 990 0.1922E-02 0.2213E+04 0.8598E-03 0.1387E+02 0.2703E+06 0.6206E+01 10.766 0.0000 0.2000E-04 0.1000E+01
 995 0.1954E-02 0.2208E+04 0.8450E-03 0.1381E+02 0.2705E+06 0.6277E+01 10.751 0.0000 0.2000E-04 0.1000E+01
1000 0.1987E-02 0.2203E+04 0.8306E-03 0.1376E+02 0.2707E+06 0.6349E+01 10.736 0.0000 0.2000E-04 0.1000E+01
1005 0.2020E-02 0.2198E+04 0.8165E-03 0.1370E+02 0.2709E+06 0.6420E+01 10.721 0.0000 0.2000E-04 0.1000E+01
1010 0.2053E-02 0.2194E+04 0.8028E-03 0.1364E+02 0.2711E+06 0.6492E+01 10.706 0.0000 0.2000E-04 0.1000E+01
1015 0.2087E-02 0.2189E+04 0.7894E-03 0.1359E+02 0.2713E+06 0.6565E+01 10.691 0.0000 0.2000E-04 0.1000E+01
1020 0.2121E-02 0.2184E+04 0.7764E-03 0.1353E+02 0.2715E+06 0.6637E+01 10.676 0.0000 0.2000E-04 0.1000E+01
1025 0.2156E-02 0.2180E+04 0.7637E-03 0.1348E+02 0.2716E+06 0.6710E+01 10.661 0.0001 0.2000E-04 0.1000E+01
1030 0.2191E-02 0.2175E+04 0.7513E-03 0.1343E+02 0.2718E+06 0.6784E+01 10.647 0.0001 0.2000E-04 0.1000E+01
1035 0.2227E-02 0.2171E+04 0.7392E-03 0.1337E+02 0.2720E+06 0.6858E+01 10.632 0.0001 0.2000E-04 0.1000E+01
1040 0.2263E-02 0.2166E+04 0.7275E-03 0.1332E+02 0.2721E+06 0.6932E+01 10.617 0.0001 0.2000E-04 0.1000E+01
1045 0.2300E-02 0.2162E+04 0.7161E-03 0.1327E+02 0.2723E+06 0.7007E+01 10.603 0.0001 0.2000E-04 0.1000E+01
1050 0.2337E-02 0.2158E+04 0.7051E-03 0.1322E+02 0.2724E+06 0.7082E+01 10.588 0.0001 0.2000E-04 0.1000E+01
1055 0.2375E-02 0.2154E+04 0.6944E-03 0.1317E+02 0.2725E+06 0.7158E+01 10.573 0.0001 0.2000E-04 0.1000E+01
1060 0.2413E-02 0.2150E+04 0.6840E-03 0.1311E+02 0.2727E+06 0.7234E+01 10.559 0.0001 0.2000E-04 0.1000E+01
1065 0.2452E-02 0.2146E+04 0.6739E-03 0.1306E+02 0.2728E+06 0.7311E+01 10.544 0.0001 0.2000E-04 0.1000E+01
1070 0.2491E-02 0.2142E+04 0.6641E-03 0.1302E+02 0.2729E+06 0.7388E+01 10.530 0.0001 0.2000E-04 0.1000E+01
1075 0.2531E-02 0.2138E+04 0.6545E-03 0.1297E+02 0.2730E+06 0.7466E+01 10.516 0.0001 0.2000E-04 0.1000E+01
1080 0.2571E-02 0.2135E+04 0.6452E-03 0.1292E+02 0.2731E+06 0.7544E+01 10.501 0.0001 0.2000E-04 0.1000E+01
1085 0.2612E-02 0.2131E+04 0.6360E-03 0.1287E+02 0.2732E+06 0.7622E+01 10.487 0.0001 0.2000E-04 0.1000E+01
1090 0.2653E-02 0.2127E+04 0.6269E-03 0.1282E+02 0.2732E+06 0.7701E+01 10.473 0.0001 0.2000E-04 0.1000E+01
1095 0.2695E-02 0.2123E+04 0.6179E-03 0.1277E+02 0.2733E+06 0.7780E+01 10.458 0.0001 0.2000E-04 0.1000E+01
1100 0.2737E-02 0.2120E+04 0.6091E-03 0.1273E+02 0.2734E+06 0.7860E+01 10.444 0.0001 0.2000E-04 0.1000E+01
1105 0.2780E-02 0.2116E+04 0.6005E-03 0.1268E+02 0.2734E+06 0.7940E+01 10.430 0.0001 0.2000E-04 0.1000E+01
1110 0.2823E-02 0.2112E+04 0.5919E-03 0.1264E+02 0.2735E+06 0.8021E+01 10.416 0.0001 0.2000E-04 0.1000E+01
1115 0.2867E-02 0.2108E+04 0.5834E-03 0.1259E+02 0.2735E+06 0.8102E+01 10.401 0.0001 0.2000E-04 0.1000E+01
1120 0.2911E-02 0.2105E+04 0.5750E-03 0.1254E+02 0.2736E+06 0.8184E+01 10.387 0.0001 0.2000E-04 0.1000E+01
1125 0.2956E-02 0.2101E+04 0.5667E-03 0.1250E+02 0.2736E+06 0.8266E+01 10.373 0.0001 0.2000E-04 0.1000E+01
1130 0.3000E-02 0.2097E+04 0.5587E-03 0.1246E+02 0.2736E+06 0.8345E+01 10.360 0.0001 0.2000E-04 0.1000E+01
1130 0.3000E-02 0.2097E+04 0.5587E-03 0.1246E+02 0.2736E+06 0.8345E+01 10.360 0.0001 0.2000E-04 0.1000E+01
1135 0.3046E-02 0.2093E+04 0.5504E-03 0.1241E+02 0.2736E+06 0.8428E+01 10.346 0.0001 0.2000E-04 0.1000E+01
1140 0.3093E-02 0.2088E+04 0.5421E-03 0.1237E+02 0.2736E+06 0.8512E+01 10.332 0.0001 0.2000E-04 0.1000E+01
1145 0.3140E-02 0.2084E+04 0.5338E-03 0.1233E+02 0.2736E+06 0.8596E+01 10.317 0.0001 0.2000E-04 0.1000E+01
1150 0.3189E-02 0.2079E+04 0.5255E-03 0.1228E+02 0.2736E+06 0.8681E+01 10.303 0.0001 0.2000E-04 0.1000E+01
1155 0.3237E-02 0.2075E+04 0.5172E-03 0.1224E+02 0.2736E+06 0.8766E+01 10.289 0.0001 0.2000E-04 0.1000E+01
1160 0.3287E-02 0.2070E+04 0.5089E-03 0.1220E+02 0.2736E+06 0.8851E+01 10.275 0.0001 0.2000E-04 0.1000E+01
1165 0.3337E-02 0.2065E+04 0.5006E-03 0.1216E+02 0.2735E+06 0.8937E+01 10.262 0.0001 0.2000E-04 0.1000E+01
1170 0.3388E-02 0.2060E+04 0.4923E-03 0.1212E+02 0.2735E+06 0.9024E+01 10.248 0.0001 0.2000E-04 0.1000E+01
1175 0.3440E-02 0.2055E+04 0.4840E-03 0.1208E+02 0.2734E+06 0.9111E+01 10.234 0.0001 0.2000E-04 0.1000E+01
1180 0.3493E-02 0.2049E+04 0.4757E-03 0.1204E+02 0.2734E+06 0.9198E+01 10.220 0.0001 0.2000E-04 0.1000E+01
1185 0.3546E-02 0.2044E+04 0.4675E-03 0.1200E+02 0.2733E+06 0.9286E+01 10.206 0.0002 0.2000E-04 0.1000E+01
1190 0.3600E-02 0.2038E+04 0.4593E-03 0.1196E+02 0.2733E+06 0.9374E+01 10.192 0.0002 0.2000E-04 0.1000E+01
1195 0.3656E-02 0.2032E+04 0.4511E-03 0.1192E+02 0.2732E+06 0.9463E+01 10.178 0.0002 0.2000E-04 0.1000E+01
1200 0.3712E-02 0.2026E+04 0.4428E-03 0.1188E+02 0.2731E+06 0.9553E+01 10.164 0.0002 0.2000E-04 0.1000E+01
1205 0.3769E-02 0.2020E+04 0.4346E-03 0.1184E+02 0.2730E+06 0.9642E+01 10.151 0.0002 0.2000E-04 0.1000E+01
1210 0.3827E-02 0.2013E+04 0.4262E-03 0.1180E+02 0.2729E+06 0.9733E+01 10.137 0.0002 0.2000E-04 0.1000E+01
1215 0.3886E-02 0.2007E+04 0.4178E-03 0.1176E+02 0.2728E+06 0.9824E+01 10.123 0.0002 0.2000E-04 0.1000E+01
1220 0.3947E-02 0.2000E+04 0.4093E-03 0.1172E+02 0.2727E+06 0.9916E+01 10.109 0.0002 0.2000E-04 0.1000E+01
1225 0.4008E-02 0.1992E+04 0.4007E-03 0.1169E+02 0.2726E+06 0.1001E+02 10.096 0.0002 0.2000E-04 0.1000E+01
1230 0.4071E-02 0.1985E+04 0.3922E-03 0.1165E+02 0.2724E+06 0.1010E+02 10.082 0.0002 0.2000E-04 0.1000E+01
1235 0.4135E-02 0.1977E+04 0.3835E-03 0.1161E+02 0.2723E+06 0.1019E+02 10.068 0.0002 0.2000E-04 0.1000E+01
1240 0.4200E-02 0.1968E+04 0.3748E-03 0.1158E+02 0.2721E+06 0.1029E+02 10.055 0.0002 0.2000E-04 0.1000E+01
1245 0.4267E-02 0.1960E+04 0.3659E-03 0.1154E+02 0.2720E+06 0.1038E+02 10.041 0.0002 0.2000E-04 0.1000E+01
1250 0.4335E-02 0.1951E+04 0.3568E-03 0.1150E+02 0.2718E+06 0.1047E+02 10.027 0.0002 0.2000E-04 0.1000E+01
1255 0.4405E-02 0.1941E+04 0.3476E-03 0.1147E+02 0.2716E+06 0.1057E+02 10.014 0.0002 0.2000E-04 0.1000E+01
1260 0.4476E-02 0.1930E+04 0.3382E-03 0.1143E+02 0.2715E+06 0.1066E+02 10.000 0.0002 0.2000E-04 0.1000E+01
1265 0.4550E-02 0.1920E+04 0.3286E-03 0.1140E+02 0.2713E+06 0.1076E+02  9.987 0.0002 0.2000E-04 0.1000E+01
1270 0.4625E-02 0.1908E+04 0.3190E-03 0.1136E+02 0.2711E+06 0.1085E+02  9.973 0.0002 0.2000E-04 0.1000E+01
1275 0.4703E-02 0.1897E+04 0.3094E-03 0.1133E+02 0.2709E+06 0.1095E+02  9.960 0.0003 0.2000E-04 0.1000E+01
1280 0.4783E-02 0.1884E+04 0.2997E-03 0.1130E+02 0.2707E+06 0.1105E+02  9.946 0.0003 0.2000E-04 0.1000E+01
1285 0.4866E-02 0.1872E+04 0.2902E-03 0.1126E+02 0.2704E+06 0.1114E+02  9.933 0.0003 0.2000E-04 0.1000E+01
1290 0.4951E-02 0.1859E+04 0.2807E-03 0.1123E+02 0.2702E+06 0.1124E+02  9.919 0.0003 0.2000E-04 0.1000E+01
1295 0.5039E-02 0.1846E+04 0.2714E-03 0.1120E+02 0.2700E+06 0.1134E+02  9.906 0.0003 0.2000E-04 0.1000E+01
1300 0.5129E-02 0.1833E+04 0.2622E-03 0.1116E+02 0.2697E+06 0.1144E+02  9.892 0.0003 0.2000E-04 0.1000E+01
1305 0.5223E-02 0.1820E+04 0.2532E-03 0.1113E+02 0.2695E+06 0.1154E+02  9.879 0.0003 0.2000E-04 0.1000E+01
1310 0.5320E-02 0.1806E+04 0.2442E-03 0.1110E+02 0.2692E+06 0.1164E+02  9.865 0.0003 0.2000E-04 0.1000E+01
1315 0.5421E-02 0.1792E+04 0.2354E-03 0.1107E+02 0.2690E+06 0.1174E+02  9.852 0.0003 0.2000E-04 0.1000E+01
1320 0.5525E-02 0.1779E+04 0.2269E-03 0.1103E+02 0.2687E+06 0.1184E+02  9.839 0.0004 0.2000E-04 0.1000E+01
1325 0.5632E-02 0.1765E+04 0.2188E-03 0.1100E+02 0.2684E+06 0.1194E+02  9.825 0.0004 0.2000E-04 0.1000E+01
1330 0.5744E-02 0.1752E+04 0.2110E-03 0.1097E+02 0.2681E+06 0.1204E+02  9.812 0.0004 0.2000E-04 0.1000E+01
1335 0.5859E-02 0.1738E+04 0.2035E-03 0.1094E+02 0.2678E+06 0.1214E+02  9.799 0.0004 0.2000E-04 0.1000E+01
1340 0.5978E-02 0.1725E+04 0.1963E-03 0.1091E+02 0.2675E+06 0.1224E+02  9.785 0.0004 0.2000E-04 0.1000E+01
1345 0.6101E-02 0.1712E+04 0.1895E-03 0.1088E+02 0.2672E+06 0.1235E+02  9.772 0.0004 0.2000E-04 0.1000E+01
1350 0.6228E-02 0.1700E+04 0.1830E-03 0.1085E+02 0.2669E+06 0.1245E+02  9.759 0.0004 0.2000E-04 0.1000E+01
1355 0.6359E-02 0.1688E+04 0.1768E-03 0.1082E+02 0.2666E+06 0.1255E+02  9.745 0.0004 0.2000E-04 0.1000E+01
1360 0.6495E-02 0.1676E+04 0.1709E-03 0.1079E+02 0.2662E+06 0.1265E+02  9.732 0.0005 0.2000E-04 0.1000E+01
1365 0.6635E-02 0.1664E+04 0.1653E-03 0.1076E+02 0.2659E+06 0.1276E+02  9.719 0.0005 0.2000E-04 0.1000E+01
1370 0.6779E-02 0.1653E+04 0.1599E-03 0.1073E+02 0.2656E+06 0.1286E+02  9.706 0.0005 0.2000E-04 0.1000E+01
1375 0.6928E-02 0.1641E+04 0.1548E-03 0.1070E+02 0.2652E+06 0.1297E+02  9.693 0.0005 0.2000E-04 0.1000E+01
1380 0.7081E-02 0.1631E+04 0.1500E-03 0.1067E+02 0.2648E+06 0.1307E+02  9.679 0.0005 0.2000E-04 0.1000E+01
1385 0.7238E-02 0.1620E+04 0.1455E-03 0.1064E+02 0.2645E+06 0.1318E+02  9.666 0.0005 0.2000E-04 0.1000E+01
1390 0.7401E-02 0.1611E+04 0.1412E-03 0.1061E+02 0.2641E+06 0.1328E+02  9.653 0.0005 0.2000E-04 0.1000E+01
1395 0.7567E-02 0.1601E+04 0.1372E-03 0.1059E+02 0.2637E+06 0.1339E+02  9.640 0.0005 0.2000E-04 0.1000E+01
1400 0.7738E-02 0.1592E+04 0.1335E-03 0.1056E+02 0.2633E+06 0.1350E+02  9.627 0.0005 0.2000E-04 0.1000E+01
1405 0.7914E-02 0.1584E+04 0.1301E-03 0.1053E+02 0.2629E+06 0.1360E+02  9.614 0.0005 0.2000E-04 0.1000E+01
1410 0.8093E-02 0.1576E+04 0.1268E-03 0.1050E+02 0.2625E+06 0.1371E+02  9.600 0.0006 0.2000E-04 0.1000E+01
1415 0.8276E-02 0.1569E+04 0.1238E-03 0.1048E+02 0.2621E+06 0.1382E+02  9.587 0.0006 0.2000E-04 0.1000E+01
1420 0.8464E-02 0.1561E+04 0.1208E-03 0.1045E+02 0.2617E+06 0.1393E+02  9.574 0.0006 0.2000E-04 0.1000E+01
1425 0.8655E-02 0.1554E+04 0.1180E-03 0.1042E+02 0.2613E+06 0.1403E+02  9.561 0.0006 0.2000E-04 0.1000E+01
1430 0.8851E-02 0.1547E+04 0.1152E-03 0.1040E+02 0.2608E+06 0.1414E+02  9.548 0.0006 0.2000E-04 0.1000E+01
1435 0.9050E-02 0.1540E+04 0.1126E-03 0.1037E+02 0.2604E+06 0.1425E+02  9.535 0.0006 0.2000E-04 0.1000E+01
1440 0.9254E-02 0.1533E+04 0.1100E-03 0.1034E+02 0.2599E+06 0.1436E+02  9.522 0.0006 0.2000E-04 0.1000E+01
1445 0.9463E-02 0.1526E+04 0.1074E-03 0.1032E+02 0.2595E+06 0.1447E+02  9.509 0.0006 0.2000E-04 0.1000E+01
1450 0.9676E-02 0.1519E+04 0.1049E-03 0.1029E+02 0.2590E+06 0.1458E+02  9.496 0.0006 0.2000E-04 0.1000E+01
1455 0.9893E-02 0.1511E+04 0.1024E-03 0.1026E+02 0.2586E+06 0.1469E+02  9.483 0.0006 0.2000E-04 0.1000E+01
1460 0.1012E-01 0.1504E+04 0.9991E-04 0.1024E+02 0.2581E+06 0.1480E+02  9.470 0.0006 0.2000E-04 0.1000E+01
1465 0.1034E-01 0.1497E+04 0.9745E-04 0.1021E+02 0.2576E+06 0.1491E+02  9.457 0.0006 0.2000E-04 0.1000E+01
1470 0.1057E-01 0.1489E+04 0.9505E-04 0.1019E+02 0.2571E+06 0.1502E+02  9.444 0.0006 0.2000E-04 0.1000E+01
1475 0.1081E-01 0.1482E+04 0.9270E-04 0.1016E+02 0.2566E+06 0.1513E+02  9.431 0.0006 0.2000E-04 0.1000E+01
1480 0.1105E-01 0.1474E+04 0.9039E-04 0.1014E+02 0.2561E+06 0.1524E+02  9.418 0.0006 0.2000E-04 0.1000E+01
1485 0.1130E-01 0.1466E+04 0.8812E-04 0.1011E+02 0.2556E+06 0.1536E+02  9.405 0.0006 0.2000E-04 0.1000E+01
1490 0.1155E-01 0.1459E+04 0.8589E-04 0.1009E+02 0.2551E+06 0.1547E+02  9.392 0.0006 0.2000E-04 0.1000E+01
1495 0.1181E-01 0.1451E+04 0.8370E-04 0.1007E+02 0.2546E+06 0.1558E+02  9.379 0.0006 0.2000E-04 0.1000E+01
1500 0.1208E-01 0.1443E+04 0.8154E-04 0.1004E+02 0.2541E+06 0.1569E+02  9.366 0.0006 0.2000E-04 0.1000E+01
1505 0.1235E-01 0.1436E+04 0.7943E-04 0.1002E+02 0.2536E+06 0.1581E+02  9.354 0.0007 0.2000E-04 0.1000E+01
1510 0.1263E-01 0.1428E+04 0.7735E-04 0.9995E+01 0.2530E+06 0.1592E+02  9.341 0.0007 0.2000E-04 0.1000E+01
1515 0.1292E-01 0.1420E+04 0.7532E-04 0.9971E+01 0.2525E+06 0.1603E+02  9.328 0.0007 0.2000E-04 0.1000E+01
1520 0.1321E-01 0.1412E+04 0.7329E-04 0.9948E+01 0.2519E+06 0.1615E+02  9.315 0.0007 0.2000E-04 0.1000E+01
1525 0.1351E-01 0.1404E+04 0.7130E-04 0.9925E+01 0.2514E+06 0.1626E+02  9.302 0.0007 0.2000E-04 0.1000E+01
1530 0.1382E-01 0.1396E+04 0.6937E-04 0.9902E+01 0.2508E+06 0.1637E+02  9.289 0.0007 0.2000E-04 0.1000E+01
1535 0.1413E-01 0.1388E+04 0.6750E-04 0.9879E+01 0.2503E+06 0.1649E+02  9.276 0.0007 0.2000E-04 0.1000E+01
1540 0.1445E-01 0.1380E+04 0.6568E-04 0.9857E+01 0.2497E+06 0.1660E+02  9.264 0.0007 0.2000E-04 0.1000E+01
1545 0.1478E-01 0.1373E+04 0.6394E-04 0.9834E+01 0.2491E+06 0.1672E+02  9.251 0.0007 0.2000E-04 0.1000E+01
1550 0.1512E-01 0.1365E+04 0.6225E-04 0.9812E+01 0.2485E+06 0.1683E+02  9.238 0.0007 0.2000E-04 0.1000E+01
1555 0.1547E-01 0.1357E+04 0.6060E-04 0.9790E+01 0.2480E+06 0.1695E+02  9.225 0.0007 0.2000E-04 0.1000E+01
1560 0.1583E-01 0.1350E+04 0.5901E-04 0.9768E+01 0.2474E+06 0.1707E+02  9.212 0.0007 0.2000E-04 0.1000E+01
1565 0.1619E-01 0.1342E+04 0.5746E-04 0.9747E+01 0.2468E+06 0.1718E+02  9.200 0.0007 0.2000E-04 0.1000E+01
1570 0.1656E-01 0.1335E+04 0.5595E-04 0.9725E+01 0.2462E+06 0.1730E+02  9.187 0.0007 0.2000E-04 0.1000E+01
1575 0.1694E-01 0.1327E+04 0.5445E-04 0.9704E+01 0.2456E+06 0.1741E+02  9.174 0.0007 0.2000E-04 0.1000E+01
1580 0.1733E-01 0.1320E+04 0.5300E-04 0.9682E+01 0.2450E+06 0.1753E+02  9.161 0.0007 0.2000E-04 0.1000E+01
1585 0.1773E-01 0.1312E+04 0.5159E-04 0.9661E+01 0.2443E+06 0.1765E+02  9.149 0.0007 0.2000E-04 0.1000E+01
1590 0.1814E-01 0.1305E+04 0.5021E-04 0.9640E+01 0.2437E+06 0.1776E+02  9.136 0.0007 0.2000E-04 0.1000E+01
1595 0.1856E-01 0.1298E+04 0.4887E-04 0.9620E+01 0.2431E+06 0.1788E+02  9.123 0.0007 0.2000E-04 0.1000E+01
1600 0.1899E-01 0.1290E+04 0.4756E-04 0.9599E+01 0.2425E+06 0.1800E+02  9.110 0.0007 0.2000E-04 0.1000E+01
1605 0.1943E-01 0.1283E+04 0.4628E-04 0.9578E+01 0.2418E+06 0.1811E+02  9.098 0.0007 0.2000E-04 0.1000E+01
1610 0.1988E-01 0.1276E+04 0.4504E-04 0.9558E+01 0.2412E+06 0.1823E+02  9.085 0.0007 0.2000E-04 0.1000E+01
1615 0.2035E-01 0.1268E+04 0.4382E-04 0.9538E+01 0.2405E+06 0.1835E+02  9.072 0.0007 0.2000E-04 0.1000E+01
1620 0.2082E-01 0.1261E+04 0.4264E-04 0.9518E+01 0.2399E+06 0.1847E+02  9.060 0.0007 0.2000E-04 0.1000E+01
1625 0.2130E-01 0.1254E+04 0.4148E-04 0.9498E+01 0.2392E+06 0.1858E+02  9.047 0.0006 0.2000E-04 0.1000E+01
1630 0.2180E-01 0.1246E+04 0.4035E-04 0.9478E+01 0.2386E+06 0.1870E+02  9.034 0.0006 0.2000E-04 0.1000E+01
1635 0.2231E-01 0.1239E+04 0.3924E-04 0.9458E+01 0.2379E+06 0.1882E+02  9.022 0.0006 0.2000E-04 0.1000E+01
1640 0.2283E-01 0.1231E+04 0.3817E-04 0.9439E+01 0.2372E+06 0.1894E+02  9.009 0.0006 0.2000E-04 0.1000E+01
1645 0.2337E-01 0.1224E+04 0.3712E-04 0.9420E+01 0.2366E+06 0.1906E+02  8.996 0.0006 0.2000E-04 0.1000E+01
1650 0.2392E-01 0.1217E+04 0.3609E-04 0.9400E+01 0.2359E+06 0.1918E+02  8.984 0.0006 0.2000E-04 0.1000E+01
1655 0.2448E-01 0.1210E+04 0.3510E-04 0.9381E+01 0.2352E+06 0.1930E+02  8.971 0.0006 0.2000E-04 0.1000E+01
1660 0.2506E-01 0.1202E+04 0.3413E-04 0.9363E+01 0.2345E+06 0.1941E+02  8.959 0.0006 0.2000E-04 0.1000E+01
1665 0.2565E-01 0.1195E+04 0.3319E-04 0.9344E+01 0.2338E+06 0.1953E+02  8.946 0.0006 0.2000E-04 0.1000E+01
1670 0.2625E-01 0.1188E+04 0.3227E-04 0.9325E+01 0.2331E+06 0.1965E+02  8.933 0.0006 0.2000E-04 0.1000E+01
1675 0.2687E-01 0.1181E+04 0.3137E-04 0.9307E+01 0.2324E+06 0.1977E+02  8.921 0.0006 0.2000E-04 0.1000E+01
1680 0.2751E-01 0.1174E+04 0.3049E-04 0.9288E+01 0.2317E+06 0.1989E+02  8.908 0.0006 0.2000E-04 0.1000E+01
1685 0.2816E-01 0.1167E+04 0.2964E-04 0.9270E+01 0.2310E+06 0.2001E+02  8.896 0.0006 0.2000E-04 0.1000E+01
1690 0.2883E-01 0.1159E+04 0.2881E-04 0.9252E+01 0.2303E+06 0.2013E+02  8.883 0.0006 0.2000E-04 0.1000E+01
1695 0.2952E-01 0.1152E+04 0.2800E-04 0.9234E+01 0.2296E+06 0.2025E+02  8.870 0.0006 0.2000E-04 0.1000E+01
1700 0.3022E-01 0.1145E+04 0.2722E-04 0.9216E+01 0.2289E+06 0.2037E+02  8.858 0.0006 0.2000E-04 0.1000E+01
1705 0.3094E-01 0.1138E+04 0.2646E-04 0.9199E+01 0.2282E+06 0.2049E+02  8.845 0.0006 0.2000E-04 0.1000E+01
1710 0.3168E-01 0.1131E+04 0.2572E-04 0.9181E+01 0.2274E+06 0.2061E+02  8.833 0.0006 0.2000E-04 0.1000E+01
1715 0.3244E-01 0.1124E+04 0.2499E-04 0.9164E+01 0.2267E+06 0.2073E+02  8.820 0.0005 0.2000E-04 0.1000E+01
1720 0.3321E-01 0.1117E+04 0.2429E-04 0.9146E+01 0.2260E+06 0.2085E+02  8.808 0.0005 0.2000E-04 0.1000E+01
1725 0.3401E-01 0.1110E+04 0.2360E-04 0.9129E+01 0.2252E+06 0.2097E+02  8.795 0.0005 0.2000E-04 0.1000E+01
1730 0.3483E-01 0.1104E+04 0.2294E-04 0.9112E+01 0.2245E+06 0.2109E+02  8.783 0.0005 0.2000E-04 0.1000E+01
1735 0.3566E-01 0.1097E+04 0.2229E-04 0.9095E+01 0.2238E+06 0.2121E+02  8.770 0.0005 0.2000E-04 0.1000E+01
1740 0.3652E-01 0.1090E+04 0.2166E-04 0.9078E+01 0.2230E+06 0.2133E+02  8.758 0.0005 0.2000E-04 0.1000E+01
1745 0.3740E-01 0.1083E+04 0.2104E-04 0.9061E+01 0.2223E+06 0.2145E+02  8.745 0.0005 0.2000E-04 0.1000E+01
1750 0.3830E-01 0.1076E+04 0.2044E-04 0.9045E+01 0.2215E+06 0.2157E+02  8.733 0.0005 0.2000E-04 0.1000E+01
1755 0.3923E-01 0.1069E+04 0.1985E-04 0.9028E+01 0.2208E+06 0.2169E+02  8.720 0.0005 0.2000E-04 0.1000E+01
1760 0.4018E-01 0.1062E+04 0.1927E-04 0.9012E+01 0.2200E+06 0.2181E+02  8.708 0.0005 0.2000E-04 0.1000E+01
1765 0.4116E-01 0.1056E+04 0.1871E-04 0.8996E+01 0.2192E+06 0.2193E+02  8.695 0.0005 0.2000E-04 0.1000E+01
1770 0.4216E-01 0.1049E+04 0.1816E-04 0.8979E+01 0.2185E+06 0.2205E+02  8.683 0.0005 0.2000E-04 0.1000E+01
1775 0.4319E-01 0.1042E+04 0.1763E-04 0.8963E+01 0.2177E+06 0.2217E+02  8.670 0.0005 0.2000E-04 0.1000E+01
1780 0.4424E-01 0.1035E+04 0.1710E-04 0.8948E+01 0.2169E+06 0.2229E+02  8.658 0.0004 0.2000E-04 0.1000E+01
1785 0.4533E-01 0.1028E+04 0.1660E-04 0.8932E+01 0.2161E+06 0.2241E+02  8.645 0.0004 0.2000E-04 0.1000E+01
1790 0.4644E-01 0.1021E+04 0.1611E-04 0.8916E+01 0.2154E+06 0.2253E+02  8.633 0.0004 0.2000E-04 0.1000E+01
1795 0.4759E-01 0.1014E+04 0.1563E-04 0.8900E+01 0.2146E+06 0.2265E+02  8.620 0.0004 0.2000E-04 0.1000E+01
1800 0.4876E-01 0.1008E+04 0.1516E-04 0.8885E+01 0.2138E+06 0.2277E+02  8.608 0.0004 0.2000E-04 0.1000E+01
1805 0.4997E-01 0.1001E+04 0.1471E-04 0.8870E+01 0.2130E+06 0.2289E+02  8.595 0.0004 0.2000E-04 0.1000E+01
1806 0.5000E-01 0.1001E+04 0.1469E-04 0.8869E+01 0.2130E+06 0.2289E+02  8.595 0.0004 0.2000E-04 0.1000E+01
1810 0.5099E-01 0.9953E+03 0.1434E-04 0.8857E+01 0.2124E+06 0.2299E+02  8.585 0.0004 0.2000E-04 0.1000E+01
1815 0.5226E-01 0.9886E+03 0.1391E-04 0.8842E+01 0.2116E+06 0.2311E+02  8.573 0.0004 0.2000E-04 0.1000E+01
1820 0.5356E-01 0.9818E+03 0.1348E-04 0.8827E+01 0.2108E+06 0.2323E+02  8.560 0.0004 0.2000E-04 0.1000E+01
1825 0.5490E-01 0.9751E+03 0.1307E-04 0.8812E+01 0.2100E+06 0.2335E+02  8.548 0.0004 0.2000E-04 0.1000E+01
1830 0.5627E-01 0.9683E+03 0.1267E-04 0.8797E+01 0.2092E+06 0.2347E+02  8.535 0.0004 0.2000E-04 0.1000E+01
1835 0.5768E-01 0.9615E+03 0.1228E-04 0.8782E+01 0.2084E+06 0.2359E+02  8.523 0.0004 0.2000E-04 0.1000E+01
1840 0.5914E-01 0.9547E+03 0.1190E-04 0.8768E+01 0.2076E+06 0.2371E+02  8.510 0.0003 0.2000E-04 0.1000E+01
1845 0.6063E-01 0.9479E+03 0.1152E-04 0.8753E+01 0.2068E+06 0.2383E+02  8.498 0.0003 0.2000E-04 0.1000E+01
1850 0.6217E-01 0.9411E+03 0.1115E-04 0.8739E+01 0.2060E+06 0.2395E+02  8.485 0.0003 0.2000E-04 0.1000E+01
1855 0.6375E-01 0.9341E+03 0.1079E-04 0.8724E+01 0.2052E+06 0.2407E+02  8.473 0.0003 0.2000E-04 0.1000E+01
1860 0.6537E-01 0.9272E+03 0.1044E-04 0.8710E+01 0.2044E+06 0.2419E+02  8.461 0.0003 0.2000E-04 0.1000E+01
1865 0.6705E-01 0.9202E+03 0.1010E-04 0.8696E+01 0.2035E+06 0.2430E+02  8.448 0.0003 0.2000E-04 0.1000E+01
1870 0.6877E-01 0.9132E+03 0.9763E-05 0.8682E+01 0.2027E+06 0.2442E+02  8.436 0.0003 0.2000E-04 0.1000E+01
1874 0.7000E-01 0.9083E+03 0.9535E-05 0.8672E+01 0.2022E+06 0.2451E+02  8.427 0.0003 0.2000E-04 0.1000E+01
1875 0.7036E-01 0.9069E+03 0.9470E-05 0.8669E+01 0.2020E+06 0.2453E+02  8.425 0.0003 0.2000E-04 0.1000E+01
1880 0.7218E-01 0.8999E+03 0.9152E-05 0.8656E+01 0.2012E+06 0.2465E+02  8.412 0.0003 0.2000E-04 0.1000E+01
1885 0.7406E-01 0.8929E+03 0.8843E-05 0.8642E+01 0.2004E+06 0.2477E+02  8.400 0.0003 0.2000E-04 0.1000E+01
1890 0.7600E-01 0.8859E+03 0.8542E-05 0.8628E+01 0.1995E+06 0.2489E+02  8.387 0.0003 0.2000E-04 0.1000E+01
1895 0.7800E-01 0.8789E+03 0.8249E-05 0.8615E+01 0.1987E+06 0.2500E+02  8.375 0.0003 0.2000E-04 0.1000E+01
1900 0.8007E-01 0.8719E+03 0.7964E-05 0.8601E+01 0.1979E+06 0.2512E+02  8.363 0.0003 0.2000E-04 0.1000E+01
1905 0.8220E-01 0.8650E+03 0.7688E-05 0.8588E+01 0.1971E+06 0.2524E+02  8.350 0.0003 0.2000E-04 0.1000E+01
1910 0.8439E-01 0.8580E+03 0.7420E-05 0.8575E+01 0.1962E+06 0.2536E+02  8.338 0.0003 0.2000E-04 0.1000E+01
1915 0.8666E-01 0.8510E+03 0.7160E-05 0.8561E+01 0.1954E+06 0.2548E+02  8.325 0.0002 0.2000E-04 0.1000E+01
1920 0.8900E-01 0.8440E+03 0.6907E-05 0.8548E+01 0.1946E+06 0.2560E+02  8.313 0.0002 0.2000E-04 0.1000E+01
1925 0.9141E-01 0.8371E+03 0.6663E-05 0.8535E+01 0.1937E+06 0.2571E+02  8.301 0.0002 0.2000E-04 0.1000E+01
1930 0.9390E-01 0.8302E+03 0.6427E-05 0.8522E+01 0.1929E+06 0.2583E+02  8.288 0.0002 0.2000E-04 0.1000E+01
1935 0.9647E-01 0.8233E+03 0.6197E-05 0.8510E+01 0.1921E+06 0.2595E+02  8.276 0.0002 0.2000E-04 0.1000E+01
1940 0.9913E-01 0.8165E+03 0.5975E-05 0.8497E+01 0.1912E+06 0.2606E+02  8.264 0.0002 0.2000E-04 0.1000E+01
1942 0.1000E+00 0.8143E+03 0.5906E-05 0.8493E+01 0.1910E+06 0.2610E+02  8.260 0.0002 0.2000E-04 0.1000E+01
1945 0.1017E+00 0.8102E+03 0.5777E-05 0.8485E+01 0.1905E+06 0.2617E+02  8.252 0.0002 0.2000E-04 0.1000E+01
1950 0.1045E+00 0.8033E+03 0.5568E-05 0.8473E+01 0.1896E+06 0.2629E+02  8.240 0.0002 0.2000E-04 0.1000E+01
1955 0.1074E+00 0.7965E+03 0.5366E-05 0.8460E+01 0.1888E+06 0.2640E+02  8.227 0.0002 0.2000E-04 0.1000E+01
1960 0.1104E+00 0.7897E+03 0.5170E-05 0.8448E+01 0.1880E+06 0.2652E+02  8.215 0.0002 0.2000E-04 0.1000E+01
1965 0.1136E+00 0.7830E+03 0.4981E-05 0.8436E+01 0.1871E+06 0.2664E+02  8.203 0.0002 0.2000E-04 0.1000E+01
1970 0.1168E+00 0.7762E+03 0.4798E-05 0.8423E+01 0.1863E+06 0.2675E+02  8.190 0.0002 0.2000E-04 0.1000E+01
1975 0.1201E+00 0.7695E+03 0.4621E-05 0.8411E+01 0.1855E+06 0.2687E+02  8.178 0.0002 0.2000E-04 0.1000E+01
1980 0.1236E+00 0.7629E+03 0.4450E-05 0.8399E+01 0.1846E+06 0.2698E+02  8.165 0.0002 0.2000E-04 0.1000E+01
1985 0.1271E+00 0.7562E+03 0.4285E-05 0.8387E+01 0.1838E+06 0.2710E+02  8.153 0.0002 0.2000E-04 0.1000E+01
1990 0.1308E+00 0.7496E+03 0.4125E-05 0.8375E+01 0.1830E+06 0.2721E+02  8.141 0.0002 0.2000E-04 0.1000E+01
1995 0.1346E+00 0.7430E+03 0.3971E-05 0.8364E+01 0.1821E+06 0.2733E+02  8.128 0.0002 0.2000E-04 0.1000E+01
2000 0.1386E+00 0.7365E+03 0.3822E-05 0.8352E+01 0.1813E+06 0.2744E+02  8.116 0.0002 0.2000E-04 0.1000E+01
2005 0.1426E+00 0.7300E+03 0.3679E-05 0.8340E+01 0.1805E+06 0.2755E+02  8.104 0.0002 0.2000E-04 0.1000E+01
2010 0.1469E+00 0.7235E+03 0.3541E-05 0.8329E+01 0.1796E+06 0.2767E+02  8.091 0.0001 0.2000E-04 0.1000E+01
2014 0.1500E+00 0.7189E+03 0.3443E-05 0.8321E+01 0.1790E+06 0.2775E+02  8.082 0.0001 0.2000E-04 0.1000E+01
2015 0.1509E+00 0.7176E+03 0.3417E-05 0.8318E+01 0.1789E+06 0.2777E+02  8.080 0.0001 0.2000E-04 0.1000E+01
2020 0.1554E+00 0.7112E+03 0.3288E-05 0.8307E+01 0.1780E+06 0.2788E+02  8.068 0.0001 0.2000E-04 0.1000E+01
2025 0.1600E+00 0.7048E+03 0.3163E-05 0.8296E+01 0.1772E+06 0.2800E+02  8.055 0.0001 0.2000E-04 0.1000E+01
2030 0.1649E+00 0.6985E+03 0.3043E-05 0.8284E+01 0.1764E+06 0.2811E+02  8.043 0.0001 0.2000E-04 0.1000E+01
2035 0.1698E+00 0.6923E+03 0.2928E-05 0.8273E+01 0.1755E+06 0.2822E+02  8.030 0.0001 0.2000E-04 0.1000E+01
2040 0.1750E+00 0.6860E+03 0.2816E-05 0.8262E+01 0.1747E+06 0.2833E+02  8.018 0.0001 0.2000E-04 0.1000E+01
2045 0.1803E+00 0.6799E+03 0.2709E-05 0.8251E+01 0.1739E+06 0.2845E+02  8.006 0.0001 0.2000E-04 0.1000E+01
2050 0.1858E+00 0.6737E+03 0.2606E-05 0.8240E+01 0.1731E+06 0.2856E+02  7.993 0.0001 0.2000E-04 0.1000E+01
2055 0.1916E+00 0.6676E+03 0.2506E-05 0.8230E+01 0.1722E+06 0.2867E+02  7.981 0.0001 0.2000E-04 0.1000E+01
2060 0.1975E+00 0.6616E+03 0.2410E-05 0.8219E+01 0.1714E+06 0.2878E+02  7.969 0.0001 0.2000E-04 0.1000E+01
2063 0.2000E+00 0.6591E+03 0.2371E-05 0.8214E+01 0.1711E+06 0.2882E+02  7.964 0.0001 0.2000E-04 0.1000E+01
2065 0.2025E+00 0.6567E+03 0.2335E-05 0.8210E+01 0.1707E+06 0.2887E+02  7.959 0.0001 0.2000E-04 0.1000E+01
2070 0.2087E+00 0.6507E+03 0.2245E-05 0.8199E+01 0.1699E+06 0.2898E+02  7.946 0.0001 0.2000E-04 0.1000E+01
2075 0.2153E+00 0.6448E+03 0.2159E-05 0.8189E+01 0.1691E+06 0.2909E+02  7.934 0.0001 0.2000E-04 0.1000E+01
2080 0.2220E+00 0.6390E+03 0.2077E-05 0.8178E+01 0.1683E+06 0.2920E+02  7.922 0.0001 0.2000E-04 0.1000E+01
2085 0.2290E+00 0.6332E+03 0.1997E-05 0.8168E+01 0.1674E+06 0.2931E+02  7.909 0.0001 0.2000E-04 0.1000E+01
2090 0.2362E+00 0.6274E+03 0.1921E-05 0.8158E+01 0.1666E+06 0.2942E+02  7.897 0.0001 0.2000E-04 0.1000E+01
2095 0.2436E+00 0.6217E+03 0.1847E-05 0.8148E+01 0.1658E+06 0.2953E+02  7.885 0.0001 0.2000E-04 0.1000E+01
2100 0.2500E+00 0.6171E+03 0.1789E-05 0.8139E+01 0.1651E+06 0.2962E+02  7.874 0.0001 0.2000E-04 0.1000E+01
2100 0.2500E+00 0.6171E+03 0.1789E-05 0.8139E+01 0.1651E+06 0.2962E+02  7.874 0.0001 0.2000E-04 0.1000E+01
2105 0.2579E+00 0.6115E+03 0.1720E-05 0.8129E+01 0.1643E+06 0.2972E+02  7.862 0.0001 0.2000E-04 0.1000E+01
2110 0.2662E+00 0.6059E+03 0.1655E-05 0.8119E+01 0.1635E+06 0.2983E+02  7.850 0.0001 0.2000E-04 0.1000E+01
2115 0.2747E+00 0.6004E+03 0.1591E-05 0.8109E+01 0.1627E+06 0.2994E+02  7.837 0.0001 0.2000E-04 0.1000E+01
2120 0.2835E+00 0.5949E+03 0.1530E-05 0.8099E+01 0.1619E+06 0.3005E+02  7.825 0.0001 0.2000E-04 0.1000E+01
2125 0.2926E+00 0.5895E+03 0.1472E-05 0.8089E+01 0.1611E+06 0.3015E+02  7.813 0.0001 0.2000E-04 0.1000E+01
2129 0.3000E+00 0.5852E+03 0.1427E-05 0.8082E+01 0.1604E+06 0.3024E+02  7.803 0.0001 0.2000E-04 0.1000E+01
2130 0.3019E+00 0.5842E+03 0.1416E-05 0.8080E+01 0.1603E+06 0.3026E+02  7.801 0.0001 0.2000E-04 0.1000E+01
2135 0.3117E+00 0.5788E+03 0.1361E-05 0.8070E+01 0.1594E+06 0.3036E+02  7.788 0.0001 0.2000E-04 0.1000E+01
2140 0.3218E+00 0.5734E+03 0.1308E-05 0.8060E+01 0.1586E+06 0.3047E+02  7.776 0.0001 0.2000E-04 0.1000E+01
2145 0.3322E+00 0.5681E+03 0.1257E-05 0.8051E+01 0.1578E+06 0.3058E+02  7.764 0.0001 0.2000E-04 0.1000E+01
2150 0.3430E+00 0.5627E+03 0.1208E-05 0.8041E+01 0.1570E+06 0.3068E+02  7.751 0.0001 0.2000E-04 0.1000E+01
2154 0.3500E+00 0.5594E+03 0.1178E-05 0.8035E+01 0.1565E+06 0.3075E+02  7.744 0.0001 0.2000E-04 0.1000E+01
2155 0.3522E+00 0.5584E+03 0.1168E-05 0.8034E+01 0.1564E+06 0.3077E+02  7.741 0.0001 0.2000E-04 0.1000E+01
2160 0.3638E+00 0.5531E+03 0.1122E-05 0.8024E+01 0.1556E+06 0.3087E+02  7.729 0.0001 0.2000E-04 0.1000E+01
2165 0.3757E+00 0.5478E+03 0.1078E-05 0.8015E+01 0.1548E+06 0.3098E+02  7.717 0.0001 0.2000E-04 0.1000E+01
2170 0.3881E+00 0.5426E+03 0.1035E-05 0.8006E+01 0.1540E+06 0.3108E+02  7.704 0.0000 0.2000E-04 0.1000E+01
2175 0.4000E+00 0.5377E+03 0.9960E-06 0.7997E+01 0.1533E+06 0.3118E+02  7.693 0.0000 0.2000E-04 0.1000E+01
2175 0.4000E+00 0.5377E+03 0.9960E-06 0.7997E+01 0.1533E+06 0.3118E+02  7.693 0.0000 0.2000E-04 0.1000E+01
2180 0.4133E+00 0.5325E+03 0.9557E-06 0.7988E+01 0.1525E+06 0.3128E+02  7.681 0.0000 0.2000E-04 0.1000E+01
2185 0.4270E+00 0.5273E+03 0.9168E-06 0.7979E+01 0.1517E+06 0.3138E+02  7.668 0.0000 0.2000E-04 0.1000E+01
2190 0.4413E+00 0.5221E+03 0.8791E-06 0.7970E+01 0.1509E+06 0.3148E+02  7.656 0.0000 0.2000E-04 0.1000E+01
2193 0.4500E+00 0.5191E+03 0.8576E-06 0.7965E+01 0.1504E+06 0.3154E+02  7.649 0.0000 0.2000E-04 0.1000E+01
2195 0.4560E+00 0.5170E+03 0.8433E-06 0.7961E+01 0.1501E+06 0.3158E+02  7.644 0.0000 0.2000E-04 0.1000E+01
2200 0.4714E+00 0.5118E+03 0.8084E-06 0.7952E+01 0.1493E+06 0.3169E+02  7.631 0.0000 0.2000E-04 0.1000E+01
2205 0.4873E+00 0.5067E+03 0.7749E-06 0.7944E+01 0.1485E+06 0.3179E+02  7.619 0.0000 0.2000E-04 0.1000E+01
2209 0.5000E+00 0.5028E+03 0.7500E-06 0.7937E+01 0.1479E+06 0.3187E+02  7.610 0.0000 0.2000E-04 0.1000E+01
2210 0.5034E+00 0.5018E+03 0.7437E-06 0.7935E+01 0.1478E+06 0.3189E+02  7.607 0.0000 0.2000E-04 0.1000E+01
2215 0.5205E+00 0.4968E+03 0.7127E-06 0.7926E+01 0.1470E+06 0.3199E+02  7.595 0.0000 0.2000E-04 0.1000E+01
2220 0.5383E+00 0.4918E+03 0.6830E-06 0.7918E+01 0.1462E+06 0.3209E+02  7.583 0.0000 0.2000E-04 0.1000E+01
2224 0.5500E+00 0.4886E+03 0.6647E-06 0.7912E+01 0.1457E+06 0.3215E+02  7.575 0.0000 0.2000E-04 0.1000E+01
2225 0.5537E+00 0.4876E+03 0.6590E-06 0.7911E+01 0.1456E+06 0.3217E+02  7.572 0.0000 0.2000E-04 0.1000E+01
2230 0.5728E+00 0.4827E+03 0.6314E-06 0.7902E+01 0.1448E+06 0.3227E+02  7.560 0.0000 0.2000E-04 0.1000E+01
2235 0.5926E+00 0.4778E+03 0.6048E-06 0.7894E+01 0.1440E+06 0.3237E+02  7.548 0.0000 0.2000E-04 0.1000E+01
2237 0.6000E+00 0.4760E+03 0.5954E-06 0.7891E+01 0.1438E+06 0.3241E+02  7.543 0.0000 0.2000E-04 0.1000E+01
2240 0.6124E+00 0.4731E+03 0.5803E-06 0.7886E+01 0.1433E+06 0.3247E+02  7.536 0.0000 0.2000E-04 0.1000E+01
2245 0.6337E+00 0.4683E+03 0.5559E-06 0.7877E+01 0.1425E+06 0.3256E+02  7.524 0.0000 0.2000E-04 0.1000E+01
2249 0.6500E+00 0.4648E+03 0.5385E-06 0.7871E+01 0.1420E+06 0.3264E+02  7.515 0.0000 0.2000E-04 0.1000E+01
2250 0.6545E+00 0.4638E+03 0.5339E-06 0.7870E+01 0.1418E+06 0.3266E+02  7.512 0.0000 0.2000E-04 0.1000E+01
2255 0.6774E+00 0.4591E+03 0.5115E-06 0.7861E+01 0.1411E+06 0.3275E+02  7.500 0.0000 0.2000E-04 0.1000E+01
2260 0.7000E+00 0.4547E+03 0.4912E-06 0.7854E+01 0.1403E+06 0.3285E+02  7.488 0.0000 0.2000E-04 0.1000E+01
2260 0.7000E+00 0.4547E+03 0.4912E-06 0.7854E+01 0.1403E+06 0.3285E+02  7.488 0.0000 0.2000E-04 0.1000E+01
2265 0.7246E+00 0.4501E+03 0.4707E-06 0.7845E+01 0.1396E+06 0.3294E+02  7.476 0.0000 0.2000E-04 0.1000E+01
2270 0.7500E+00 0.4457E+03 0.4513E-06 0.7838E+01 0.1388E+06 0.3304E+02  7.464 0.0000 0.2000E-04 0.1000E+01
2270 0.7500E+00 0.4457E+03 0.4513E-06 0.7838E+01 0.1388E+06 0.3304E+02  7.464 0.0000 0.2000E-04 0.1000E+01
2275 0.7765E+00 0.4412E+03 0.4326E-06 0.7830E+01 0.1381E+06 0.3314E+02  7.451 0.0000 0.2000E-04 0.1000E+01
2280 0.8000E+00 0.4374E+03 0.4172E-06 0.7823E+01 0.1374E+06 0.3322E+02  7.441 0.0000 0.2000E-04 0.1000E+01
2280 0.8000E+00 0.4374E+03 0.4172E-06 0.7823E+01 0.1374E+06 0.3322E+02  7.441 0.0000 0.2000E-04 0.1000E+01
2285 0.8284E+00 0.4331E+03 0.4000E-06 0.7815E+01 0.1367E+06 0.3331E+02  7.429 0.0000 0.2000E-04 0.1000E+01
2289 0.8500E+00 0.4299E+03 0.3878E-06 0.7809E+01 0.1361E+06 0.3338E+02  7.420 0.0000 0.2000E-04 0.1000E+01
2290 0.8559E+00 0.4290E+03 0.3845E-06 0.7808E+01 0.1360E+06 0.3340E+02  7.417 0.0000 0.2000E-04 0.1000E+01
2295 0.8864E+00 0.4247E+03 0.3687E-06 0.7800E+01 0.1353E+06 0.3350E+02  7.405 0.0000 0.2000E-04 0.1000E+01
2298 0.9000E+00 0.4229E+03 0.3620E-06 0.7796E+01 0.1349E+06 0.3354E+02  7.400 0.0000 0.2000E-04 0.1000E+01
2300 0.9127E+00 0.4212E+03 0.3560E-06 0.7793E+01 0.1346E+06 0.3358E+02  7.395 0.0000 0.2000E-04 0.1000E+01
2305 0.9452E+00 0.4170E+03 0.3414E-06 0.7786E+01 0.1339E+06 0.3367E+02  7.382 0.0000 0.2000E-04 0.1000E+01
2306 0.9500E+00 0.4164E+03 0.3393E-06 0.7785E+01 0.1338E+06 0.3368E+02  7.381 0.0000 0.2000E-04 0.1000E+01
2310 0.9770E+00 0.4131E+03 0.3281E-06 0.7778E+01 0.1332E+06 0.3376E+02  7.371 0.0000 0.2000E-04 0.1000E+01
2314 0.1000E+01 0.4104E+03 0.3192E-06 0.7773E+01 0.1327E+06 0.3382E+02  7.363 0.0000 0.2000E-04 0.1000E+01
2315 0.1007E+01 0.4096E+03 0.3165E-06 0.7772E+01 0.1326E+06 0.3384E+02  7.360 0.0000 0.2000E-04 0.1000E+01
2320 0.1043E+01 0.4055E+03 0.3035E-06 0.7764E+01 0.1318E+06 0.3393E+02  7.348 0.0000 0.2000E-04 0.1000E+01
2325 0.1080E+01 0.4015E+03 0.2911E-06 0.7757E+01 0.1311E+06 0.3403E+02  7.336 0.0000 0.2000E-04 0.1000E+01
2330 0.1119E+01 0.3975E+03 0.2791E-06 0.7750E+01 0.1304E+06 0.3412E+02  7.324 0.0000 0.2000E-04 0.1000E+01
2335 0.1159E+01 0.3935E+03 0.2677E-06 0.7742E+01 0.1297E+06 0.3421E+02  7.311 0.0000 0.2000E-04 0.1000E+01
2340 0.1201E+01 0.3896E+03 0.2567E-06 0.7735E+01 0.1290E+06 0.3430E+02  7.299 0.0000 0.2000E-04 0.1000E+01
2345 0.1244E+01 0.3857E+03 0.2462E-06 0.7728E+01 0.1282E+06 0.3439E+02  7.287 0.0000 0.2000E-04 0.1000E+01
2350 0.1289E+01 0.3819E+03 0.2361E-06 0.7720E+01 0.1275E+06 0.3448E+02  7.275 0.0000 0.2000E-04 0.1000E+01
2355 0.1335E+01 0.3781E+03 0.2264E-06 0.7713E+01 0.1268E+06 0.3457E+02  7.263 0.0000 0.2000E-04 0.1000E+01
2360 0.1384E+01 0.3743E+03 0.2171E-06 0.7706E+01 0.1261E+06 0.3466E+02  7.250 0.0000 0.2000E-04 0.1000E+01
2365 0.1433E+01 0.3706E+03 0.2082E-06 0.7699E+01 0.1254E+06 0.3475E+02  7.238 0.0000 0.2000E-04 0.1000E+01
2370 0.1485E+01 0.3669E+03 0.1997E-06 0.7692E+01 0.1247E+06 0.3484E+02  7.226 0.0000 0.2000E-04 0.1000E+01
2372 0.1500E+01 0.3658E+03 0.1973E-06 0.7690E+01 0.1245E+06 0.3487E+02  7.222 0.0000 0.2000E-04 0.1000E+01
2375 0.1532E+01 0.3636E+03 0.1924E-06 0.7686E+01 0.1241E+06 0.3492E+02  7.215 0.0000 0.2000E-04 0.1000E+01
2380 0.1588E+01 0.3600E+03 0.1845E-06 0.7679E+01 0.1234E+06 0.3501E+02  7.203 0.0000 0.2000E-04 0.1000E+01
2385 0.1645E+01 0.3564E+03 0.1768E-06 0.7672E+01 0.1227E+06 0.3510E+02  7.191 0.0000 0.2000E-04 0.1000E+01
2390 0.1704E+01 0.3528E+03 0.1695E-06 0.7665E+01 0.1220E+06 0.3519E+02  7.179 0.0000 0.2000E-04 0.1000E+01
2395 0.1766E+01 0.3493E+03 0.1625E-06 0.7658E+01 0.1213E+06 0.3527E+02  7.166 0.0000 0.2000E-04 0.1000E+01
2400 0.1830E+01 0.3457E+03 0.1558E-06 0.7652E+01 0.1206E+06 0.3536E+02  7.154 0.0000 0.2000E-04 0.1000E+01
2405 0.1896E+01 0.3422E+03 0.1493E-06 0.7645E+01 0.1199E+06 0.3545E+02  7.142 0.0000 0.2000E-04 0.1000E+01
2410 0.1965E+01 0.3388E+03 0.1432E-06 0.7638E+01 0.1193E+06 0.3553E+02  7.130 0.0000 0.2000E-04 0.1000E+01
2413 0.2000E+01 0.3371E+03 0.1402E-06 0.7635E+01 0.1189E+06 0.3558E+02  7.124 0.0000 0.2000E-04 0.1000E+01
2415 0.2029E+01 0.3357E+03 0.1378E-06 0.7632E+01 0.1187E+06 0.3561E+02  7.119 0.0000 0.2000E-04 0.1000E+01
2420 0.2102E+01 0.3323E+03 0.1321E-06 0.7626E+01 0.1180E+06 0.3569E+02  7.107 0.0000 0.2000E-04 0.1000E+01
2425 0.2178E+01 0.3290E+03 0.1266E-06 0.7619E+01 0.1173E+06 0.3578E+02  7.095 0.0000 0.2000E-04 0.1000E+01
2430 0.2257E+01 0.3256E+03 0.1214E-06 0.7613E+01 0.1166E+06 0.3586E+02  7.083 0.0000 0.2000E-04 0.1000E+01
2435 0.2339E+01 0.3224E+03 0.1163E-06 0.7606E+01 0.1160E+06 0.3595E+02  7.071 0.0000 0.2000E-04 0.1000E+01
2440 0.2424E+01 0.3191E+03 0.1115E-06 0.7600E+01 0.1153E+06 0.3603E+02  7.059 0.0000 0.2000E-04 0.1000E+01
2445 0.2500E+01 0.3163E+03 0.1075E-06 0.7595E+01 0.1148E+06 0.3610E+02  7.048 0.0000 0.2000E-04 0.1000E+01
2445 0.2500E+01 0.3163E+03 0.1075E-06 0.7595E+01 0.1148E+06 0.3610E+02  7.048 0.0000 0.2000E-04 0.1000E+01
2450 0.2591E+01 0.3131E+03 0.1031E-06 0.7588E+01 0.1141E+06 0.3619E+02  7.036 0.0000 0.2000E-04 0.1000E+01
2455 0.2685E+01 0.3099E+03 0.9878E-07 0.7582E+01 0.1135E+06 0.3627E+02  7.024 0.0000 0.2000E-04 0.1000E+01
2460 0.2782E+01 0.3068E+03 0.9468E-07 0.7576E+01 0.1128E+06 0.3635E+02  7.012 0.0000 0.2000E-04 0.1000E+01
2465 0.2883E+01 0.3037E+03 0.9074E-07 0.7570E+01 0.1122E+06 0.3643E+02  7.000 0.0000 0.2000E-04 0.1000E+01
2470 0.2988E+01 0.3006E+03 0.8698E-07 0.7564E+01 0.1115E+06 0.3651E+02  6.988 0.0000 0.2000E-04 0.1000E+01
2471 0.3000E+01 0.3002E+03 0.8657E-07 0.7563E+01 0.1114E+06 0.3652E+02  6.987 0.0000 0.2000E-04 0.1000E+01
2475 0.3087E+01 0.2978E+03 0.8368E-07 0.7558E+01 0.1109E+06 0.3659E+02  6.977 0.0000 0.2000E-04 0.1000E+01
2480 0.3199E+01 0.2948E+03 0.8022E-07 0.7552E+01 0.1103E+06 0.3667E+02  6.965 0.0000 0.2000E-04 0.1000E+01
2485 0.3315E+01 0.2918E+03 0.7689E-07 0.7546E+01 0.1097E+06 0.3675E+02  6.953 0.0000 0.2000E-04 0.1000E+01
2490 0.3435E+01 0.2889E+03 0.7373E-07 0.7540E+01 0.1090E+06 0.3683E+02  6.941 0.0000 0.2000E-04 0.1000E+01
2493 0.3500E+01 0.2873E+03 0.7212E-07 0.7537E+01 0.1087E+06 0.3687E+02  6.935 0.0000 0.2000E-04 0.1000E+01
2495 0.3550E+01 0.2862E+03 0.7091E-07 0.7535E+01 0.1085E+06 0.3690E+02  6.930 0.0000 0.2000E-04 0.1000E+01
2500 0.3679E+01 0.2833E+03 0.6798E-07 0.7529E+01 0.1078E+06 0.3698E+02  6.918 0.0000 0.2000E-04 0.1000E+01
2505 0.3813E+01 0.2804E+03 0.6518E-07 0.7523E+01 0.1072E+06 0.3706E+02  6.906 0.0000 0.2000E-04 0.1000E+01
2510 0.3951E+01 0.2776E+03 0.6248E-07 0.7518E+01 0.1066E+06 0.3714E+02  6.894 0.0000 0.2000E-04 0.1000E+01
2512 0.4000E+01 0.2766E+03 0.6159E-07 0.7516E+01 0.1064E+06 0.3717E+02  6.890 0.0000 0.2000E-04 0.1000E+01
2515 0.4086E+01 0.2749E+03 0.6005E-07 0.7512E+01 0.1060E+06 0.3721E+02  6.883 0.0000 0.2000E-04 0.1000E+01
2520 0.4235E+01 0.2722E+03 0.5757E-07 0.7506E+01 0.1054E+06 0.3729E+02  6.871 0.0000 0.2000E-04 0.1000E+01
2525 0.4388E+01 0.2694E+03 0.5521E-07 0.7501E+01 0.1048E+06 0.3737E+02  6.859 0.0000 0.2000E-04 0.1000E+01
2529 0.4500E+01 0.2675E+03 0.5359E-07 0.7497E+01 0.1044E+06 0.3742E+02  6.850 0.0000 0.2000E-04 0.1000E+01
2530 0.4532E+01 0.2670E+03 0.5315E-07 0.7496E+01 0.1043E+06 0.3744E+02  6.848 0.0000 0.2000E-04 0.1000E+01
2535 0.4696E+01 0.2643E+03 0.5098E-07 0.7490E+01 0.1037E+06 0.3751E+02  6.836 0.0000 0.2000E-04 0.1000E+01
2540 0.4866E+01 0.2617E+03 0.4890E-07 0.7485E+01 0.1031E+06 0.3759E+02  6.824 0.0000 0.2000E-04 0.1000E+01
2544 0.5000E+01 0.2596E+03 0.4737E-07 0.7481E+01 0.1026E+06 0.3765E+02  6.815 0.0000 0.2000E-04 0.1000E+01
2545 0.5036E+01 0.2591E+03 0.4697E-07 0.7480E+01 0.1025E+06 0.3766E+02  6.813 0.0000 0.2000E-04 0.1000E+01
2550 0.5222E+01 0.2565E+03 0.4502E-07 0.7474E+01 0.1019E+06 0.3774E+02  6.801 0.0000 0.2000E-04 0.1000E+01
2555 0.5416E+01 0.2539E+03 0.4315E-07 0.7469E+01 0.1013E+06 0.3781E+02  6.789 0.0000 0.2000E-04 0.1000E+01
2558 0.5500E+01 0.2528E+03 0.4238E-07 0.7466E+01 0.1010E+06 0.3785E+02  6.783 0.0000 0.2000E-04 0.1000E+01
2560 0.5580E+01 0.2517E+03 0.4167E-07 0.7464E+01 0.1008E+06 0.3788E+02  6.779 0.0000 0.2000E-04 0.1000E+01
2565 0.5787E+01 0.2492E+03 0.3996E-07 0.7459E+01 0.1002E+06 0.3795E+02  6.767 0.0000 0.2000E-04 0.1000E+01
2570 0.6000E+01 0.2467E+03 0.3832E-07 0.7453E+01 0.9956E+05 0.3803E+02  6.754 0.0000 0.2000E-04 0.1000E+01
2570 0.6000E+01 0.2467E+03 0.3832E-07 0.7453E+01 0.9956E+05 0.3803E+02  6.754 0.0000 0.2000E-04 0.1000E+01
2575 0.6222E+01 0.2442E+03 0.3675E-07 0.7448E+01 0.9897E+05 0.3810E+02  6.742 0.0000 0.2000E-04 0.1000E+01
2580 0.6451E+01 0.2418E+03 0.3524E-07 0.7443E+01 0.9837E+05 0.3818E+02  6.730 0.0000 0.2000E-04 0.1000E+01
2582 0.6500E+01 0.2413E+03 0.3494E-07 0.7442E+01 0.9825E+05 0.3819E+02  6.728 0.0000 0.2000E-04 0.1000E+01
2585 0.6642E+01 0.2398E+03 0.3407E-07 0.7438E+01 0.9790E+05 0.3824E+02  6.720 0.0000 0.2000E-04 0.1000E+01
2590 0.6887E+01 0.2374E+03 0.3270E-07 0.7433E+01 0.9731E+05 0.3831E+02  6.708 0.0000 0.2000E-04 0.1000E+01
2593 0.7000E+01 0.2364E+03 0.3210E-07 0.7431E+01 0.9704E+05 0.3835E+02  6.703 0.0000 0.2000E-04 0.1000E+01
2595 0.7101E+01 0.2354E+03 0.3157E-07 0.7429E+01 0.9681E+05 0.3838E+02  6.698 0.0000 0.2000E-04 0.1000E+01
2600 0.7362E+01 0.2331E+03 0.3031E-07 0.7424E+01 0.9622E+05 0.3845E+02  6.686 0.0000 0.2000E-04 0.1000E+01
2603 0.7500E+01 0.2319E+03 0.2968E-07 0.7421E+01 0.9592E+05 0.3849E+02  6.680 0.0000 0.2000E-04 0.1000E+01
2605 0.7608E+01 0.2310E+03 0.2920E-07 0.7419E+01 0.9569E+05 0.3852E+02  6.675 0.0000 0.2000E-04 0.1000E+01
2610 0.7876E+01 0.2288E+03 0.2808E-07 0.7414E+01 0.9513E+05 0.3859E+02  6.663 0.0000 0.2000E-04 0.1000E+01
2613 0.8000E+01 0.2279E+03 0.2759E-07 0.7412E+01 0.9488E+05 0.3862E+02  6.658 0.0000 0.2000E-04 0.1000E+01
2615 0.8111E+01 0.2270E+03 0.2717E-07 0.7410E+01 0.9466E+05 0.3864E+02  6.653 0.0000 0.2000E-04 0.1000E+01
2620 0.8395E+01 0.2249E+03 0.2615E-07 0.7405E+01 0.9410E+05 0.3871E+02  6.642 0.0000 0.2000E-04 0.1000E+01
2622 0.8500E+01 0.2242E+03 0.2579E-07 0.7404E+01 0.9390E+05 0.3874E+02  6.638 0.0000 0.2000E-04 0.1000E+01
2625 0.8677E+01 0.2229E+03 0.2520E-07 0.7401E+01 0.9357E+05 0.3878E+02  6.631 0.0000 0.2000E-04 0.1000E+01
2630 0.8978E+01 0.2209E+03 0.2426E-07 0.7396E+01 0.9302E+05 0.3885E+02  6.619 0.0000 0.2000E-04 0.1000E+01
2631 0.9000E+01 0.2208E+03 0.2420E-07 0.7396E+01 0.9299E+05 0.3885E+02  6.618 0.0000 0.2000E-04 0.1000E+01
2635 0.9248E+01 0.2192E+03 0.2348E-07 0.7392E+01 0.9255E+05 0.3891E+02  6.609 0.0000 0.2000E-04 0.1000E+01
2639 0.9500E+01 0.2176E+03 0.2279E-07 0.7388E+01 0.9212E+05 0.3896E+02  6.600 0.0000 0.2000E-04 0.1000E+01
2640 0.9565E+01 0.2172E+03 0.2262E-07 0.7387E+01 0.9202E+05 0.3897E+02  6.598 0.0000 0.2000E-04 0.1000E+01
2645 0.9894E+01 0.2153E+03 0.2180E-07 0.7383E+01 0.9148E+05 0.3904E+02  6.586 0.0000 0.2000E-04 0.1000E+01
2647 0.1000E+02 0.2147E+03 0.2154E-07 0.7381E+01 0.9131E+05 0.3906E+02  6.582 0.0000 0.2000E-04 0.1000E+01
