 $INPUT
 IMODEL	=             1
 N	=           120
 MINSTP	=             0
 VEOS	=  1.000000000000000
 ILOOP	=             1
 STATIC	=   F
 FRACT	=  2.5000000000000001E-03
 SHINE	=  0.3000000000000000
 SHAVE	=  9.9999999999999995E-08
 POUT	=  5000000.000000000
 AMETH	=             2
 CMETH	=             1
 NOBOND	=             1
 TBEG	=  5.0000000000000004E-06
 TIMEF	=  10.00000000000000
 DTIMEO	=  5.0000000000000003E-02
 STEPO	=  0.5000000000000000
 LCORR	=   T
 LSTART	=   F
 MAXSTP	=          5000
 SPK	=  11.06000000000000
 starl	=  0.0000000000000000E+00
 dist	=  5.200000000000000
 alb	=  0.3500000000000000
 teffs	=  5770.000000000000
 LCONV	=   T
 LTRANS	=   T
 LPOUT	=   T
 LFILL	=   F
 LCONT	=   T
 LBURN	=   T
 MAG	=  'O '
 GAM	=  '7X'
 MASS	=  1.310406000000000
 YHEA	=  0.2500000000000000
 YDI	=  2.0000000000000002E-05
 HB	=  1.000000000000000
 $end
 Gam,Mass,Yhe,Ydi,Dist,starl,alb=  7X   1.310   0.250 0.200E-04 0.520E+01 0.000E+00 0.350E+00
  I  Time(Gyrs) Teff        Lumin      Rad(Gcm)  Tc         Rhoc       S      Ratio  Yd         Yl


  50 0.4793E-06 0.5538E+03 0.1090E-03 0.7886E+02 0.1802E+05 0.4126E-01 11.003 0.0000 0.2000E-04 0.1000E+01
  55 0.1089E-05 0.5608E+03 0.1107E-03 0.7752E+02 0.1816E+05 0.4240E-01 10.996 0.0000 0.2000E-04 0.1000E+01
  60 0.1714E-05 0.5679E+03 0.1124E-03 0.7618E+02 0.1830E+05 0.4361E-01 10.989 0.0000 0.2000E-04 0.1000E+01
  65 0.2353E-05 0.5751E+03 0.1141E-03 0.7484E+02 0.1845E+05 0.4489E-01 10.982 0.0000 0.2000E-04 0.1000E+01
  70 0.2986E-05 0.5822E+03 0.1157E-03 0.7354E+02 0.1859E+05 0.4619E-01 10.975 0.0000 0.2000E-04 0.1000E+01
  75 0.3651E-05 0.5895E+03 0.1173E-03 0.7222E+02 0.1874E+05 0.4758E-01 10.967 0.0000 0.2000E-04 0.1000E+01
  80 0.4338E-05 0.5971E+03 0.1190E-03 0.7090E+02 0.1890E+05 0.4907E-01 10.959 0.0000 0.2000E-04 0.1000E+01
  85 0.5020E-05 0.6045E+03 0.1205E-03 0.6962E+02 0.1905E+05 0.5060E-01 10.952 0.0000 0.2000E-04 0.1000E+01
  90 0.5732E-05 0.6121E+03 0.1220E-03 0.6832E+02 0.1921E+05 0.5224E-01 10.943 0.0000 0.2000E-04 0.1000E+01
  95 0.6459E-05 0.6200E+03 0.1236E-03 0.6702E+02 0.1938E+05 0.5398E-01 10.935 0.0000 0.2000E-04 0.1000E+01
 100 0.7183E-05 0.6275E+03 0.1249E-03 0.6577E+02 0.1954E+05 0.5577E-01 10.927 0.0000 0.2000E-04 0.1000E+01
 105 0.7937E-05 0.6355E+03 0.1264E-03 0.6451E+02 0.1971E+05 0.5769E-01 10.918 0.0000 0.2000E-04 0.1000E+01
 110 0.8697E-05 0.6434E+03 0.1278E-03 0.6328E+02 0.1988E+05 0.5969E-01 10.909 0.0000 0.2000E-04 0.1000E+01
 115 0.9488E-05 0.6515E+03 0.1292E-03 0.6203E+02 0.2006E+05 0.6183E-01 10.900 0.0000 0.2000E-04 0.1000E+01
 120 0.1028E-04 0.6597E+03 0.1305E-03 0.6083E+02 0.2023E+05 0.6406E-01 10.891 0.0000 0.2000E-04 0.1000E+01
 125 0.1111E-04 0.6680E+03 0.1317E-03 0.5960E+02 0.2041E+05 0.6647E-01 10.881 0.0000 0.2000E-04 0.1000E+01
 130 0.1194E-04 0.6763E+03 0.1330E-03 0.5842E+02 0.2059E+05 0.6895E-01 10.871 0.0000 0.2000E-04 0.1000E+01
 135 0.1279E-04 0.6846E+03 0.1341E-03 0.5725E+02 0.2077E+05 0.7158E-01 10.862 0.0000 0.2000E-04 0.1000E+01
 140 0.1370E-04 0.6934E+03 0.1354E-03 0.5608E+02 0.2096E+05 0.7439E-01 10.851 0.0000 0.2000E-04 0.1000E+01
 145 0.1461E-04 0.7021E+03 0.1364E-03 0.5491E+02 0.2115E+05 0.7737E-01 10.841 0.0000 0.2000E-04 0.1000E+01
 150 0.1553E-04 0.7109E+03 0.1375E-03 0.5377E+02 0.2134E+05 0.8050E-01 10.830 0.0000 0.2000E-04 0.1000E+01
 155 0.1648E-04 0.7196E+03 0.1384E-03 0.5265E+02 0.2153E+05 0.8383E-01 10.820 0.0000 0.2000E-04 0.1000E+01
 160 0.1743E-04 0.7283E+03 0.1393E-03 0.5155E+02 0.2173E+05 0.8736E-01 10.809 0.0000 0.2000E-04 0.1000E+01
 165 0.1839E-04 0.7367E+03 0.1399E-03 0.5050E+02 0.2192E+05 0.9110E-01 10.798 0.0000 0.2000E-04 0.1000E+01
 170 0.1936E-04 0.7451E+03 0.1405E-03 0.4947E+02 0.2210E+05 0.9511E-01 10.787 0.0000 0.2000E-04 0.1000E+01
 175 0.2034E-04 0.7534E+03 0.1409E-03 0.4846E+02 0.2229E+05 0.9951E-01 10.776 0.0000 0.2000E-04 0.1000E+01
 180 0.2132E-04 0.7615E+03 0.1411E-03 0.4747E+02 0.2248E+05 0.1044E+00 10.765 0.0000 0.2000E-04 0.1000E+01
 185 0.2231E-04 0.7695E+03 0.1412E-03 0.4650E+02 0.2268E+05 0.1098E+00 10.754 0.0000 0.2000E-04 0.1000E+01
 190 0.2332E-04 0.7776E+03 0.1412E-03 0.4553E+02 0.2288E+05 0.1159E+00 10.743 0.0000 0.2000E-04 0.1000E+01
 195 0.2433E-04 0.7858E+03 0.1410E-03 0.4457E+02 0.2310E+05 0.1229E+00 10.733 0.0000 0.2000E-04 0.1000E+01
 200 0.2537E-04 0.7942E+03 0.1407E-03 0.4358E+02 0.2335E+05 0.1312E+00 10.722 0.0000 0.2000E-04 0.1000E+01
 205 0.2641E-04 0.8031E+03 0.1404E-03 0.4257E+02 0.2364E+05 0.1409E+00 10.711 0.0000 0.2000E-04 0.1000E+01
 210 0.2748E-04 0.8129E+03 0.1400E-03 0.4150E+02 0.2400E+05 0.1525E+00 10.700 0.0000 0.2000E-04 0.1000E+01
 215 0.2849E-04 0.8232E+03 0.1397E-03 0.4042E+02 0.2443E+05 0.1656E+00 10.690 0.0000 0.2000E-04 0.1000E+01
 220 0.2943E-04 0.8337E+03 0.1394E-03 0.3937E+02 0.2493E+05 0.1795E+00 10.680 0.0000 0.2000E-04 0.1000E+01
 225 0.3029E-04 0.8443E+03 0.1392E-03 0.3835E+02 0.2551E+05 0.1937E+00 10.672 0.0000 0.2000E-04 0.1000E+01
 230 0.3113E-04 0.8549E+03 0.1389E-03 0.3736E+02 0.2616E+05 0.2080E+00 10.664 0.0000 0.2000E-04 0.1000E+01
 235 0.3200E-04 0.8654E+03 0.1383E-03 0.3639E+02 0.2682E+05 0.2227E+00 10.656 0.0000 0.2000E-04 0.1000E+01
 240 0.3298E-04 0.8761E+03 0.1375E-03 0.3540E+02 0.2752E+05 0.2380E+00 10.647 0.0000 0.2000E-04 0.1000E+01
 245 0.3412E-04 0.8867E+03 0.1361E-03 0.3439E+02 0.2824E+05 0.2539E+00 10.638 0.0000 0.2000E-04 0.1000E+01
 250 0.3541E-04 0.8966E+03 0.1343E-03 0.3341E+02 0.2894E+05 0.2696E+00 10.627 0.0000 0.2000E-04 0.1000E+01
 255 0.3674E-04 0.9049E+03 0.1322E-03 0.3254E+02 0.2955E+05 0.2837E+00 10.616 0.0000 0.2000E-04 0.1000E+01
 260 0.3812E-04 0.9119E+03 0.1300E-03 0.3177E+02 0.3009E+05 0.2966E+00 10.605 0.0000 0.2000E-04 0.1000E+01
 265 0.3955E-04 0.9179E+03 0.1276E-03 0.3106E+02 0.3057E+05 0.3087E+00 10.594 0.0000 0.2000E-04 0.1000E+01
 270 0.4103E-04 0.9231E+03 0.1251E-03 0.3042E+02 0.3100E+05 0.3200E+00 10.583 0.0000 0.2000E-04 0.1000E+01
 275 0.4256E-04 0.9276E+03 0.1226E-03 0.2982E+02 0.3140E+05 0.3309E+00 10.572 0.0000 0.2000E-04 0.1000E+01
 280 0.4414E-04 0.9315E+03 0.1201E-03 0.2926E+02 0.3175E+05 0.3412E+00 10.561 0.0000 0.2000E-04 0.1000E+01
 285 0.4576E-04 0.9349E+03 0.1176E-03 0.2874E+02 0.3207E+05 0.3510E+00 10.550 0.0000 0.2000E-04 0.1000E+01
 290 0.4744E-04 0.9379E+03 0.1151E-03 0.2826E+02 0.3237E+05 0.3606E+00 10.540 0.0000 0.2000E-04 0.1000E+01
 295 0.4917E-04 0.9405E+03 0.1126E-03 0.2780E+02 0.3265E+05 0.3699E+00 10.529 0.0000 0.2000E-04 0.1000E+01
 300 0.5095E-04 0.9428E+03 0.1101E-03 0.2736E+02 0.3290E+05 0.3789E+00 10.518 0.0000 0.2000E-04 0.1000E+01
 305 0.5278E-04 0.9448E+03 0.1077E-03 0.2694E+02 0.3314E+05 0.3877E+00 10.507 0.0000 0.2000E-04 0.1000E+01
 310 0.5467E-04 0.9466E+03 0.1054E-03 0.2655E+02 0.3337E+05 0.3965E+00 10.496 0.0000 0.2000E-04 0.1000E+01
 315 0.5662E-04 0.9481E+03 0.1030E-03 0.2616E+02 0.3359E+05 0.4050E+00 10.485 0.0000 0.2000E-04 0.1000E+01
 320 0.5862E-04 0.9494E+03 0.1007E-03 0.2580E+02 0.3379E+05 0.4134E+00 10.474 0.0000 0.2000E-04 0.1000E+01
 325 0.6069E-04 0.9504E+03 0.9849E-04 0.2545E+02 0.3398E+05 0.4216E+00 10.464 0.0000 0.2000E-04 0.1000E+01
 330 0.6281E-04 0.9514E+03 0.9627E-04 0.2512E+02 0.3417E+05 0.4298E+00 10.453 0.0000 0.2000E-04 0.1000E+01
 335 0.6500E-04 0.9522E+03 0.9412E-04 0.2479E+02 0.3435E+05 0.4379E+00 10.442 0.0000 0.2000E-04 0.1000E+01
 340 0.6725E-04 0.9528E+03 0.9200E-04 0.2448E+02 0.3453E+05 0.4459E+00 10.431 0.0000 0.2000E-04 0.1000E+01
 345 0.6956E-04 0.9533E+03 0.8993E-04 0.2418E+02 0.3469E+05 0.4538E+00 10.420 0.0000 0.2000E-04 0.1000E+01
 350 0.7194E-04 0.9537E+03 0.8791E-04 0.2389E+02 0.3485E+05 0.4616E+00 10.409 0.0000 0.2000E-04 0.1000E+01
 355 0.7439E-04 0.9539E+03 0.8593E-04 0.2360E+02 0.3501E+05 0.4695E+00 10.398 0.0000 0.2000E-04 0.1000E+01
 360 0.7691E-04 0.9540E+03 0.8399E-04 0.2333E+02 0.3516E+05 0.4771E+00 10.387 0.0000 0.2000E-04 0.1000E+01
 365 0.7951E-04 0.9540E+03 0.8209E-04 0.2307E+02 0.3530E+05 0.4848E+00 10.377 0.0000 0.2000E-04 0.1000E+01
 370 0.8217E-04 0.9539E+03 0.8022E-04 0.2281E+02 0.3545E+05 0.4924E+00 10.366 0.0000 0.2000E-04 0.1000E+01
 375 0.8491E-04 0.9536E+03 0.7838E-04 0.2256E+02 0.3558E+05 0.4999E+00 10.355 0.0000 0.2000E-04 0.1000E+01
 380 0.8773E-04 0.9532E+03 0.7658E-04 0.2232E+02 0.3571E+05 0.5074E+00 10.344 0.0000 0.2000E-04 0.1000E+01
 385 0.9063E-04 0.9527E+03 0.7480E-04 0.2208E+02 0.3584E+05 0.5149E+00 10.333 0.0000 0.2000E-04 0.1000E+01
 390 0.9361E-04 0.9520E+03 0.7305E-04 0.2185E+02 0.3596E+05 0.5222E+00 10.322 0.0000 0.2000E-04 0.1000E+01
 395 0.9668E-04 0.9512E+03 0.7133E-04 0.2163E+02 0.3608E+05 0.5296E+00 10.311 0.0000 0.2000E-04 0.1000E+01
 400 0.9984E-04 0.9503E+03 0.6963E-04 0.2141E+02 0.3620E+05 0.5368E+00 10.300 0.0000 0.2000E-04 0.1000E+01
 405 0.1031E-03 0.9492E+03 0.6796E-04 0.2120E+02 0.3631E+05 0.5441E+00 10.289 0.0000 0.2000E-04 0.1000E+01
 410 0.1064E-03 0.9480E+03 0.6631E-04 0.2100E+02 0.3641E+05 0.5513E+00 10.278 0.0000 0.2000E-04 0.1000E+01
 415 0.1099E-03 0.9467E+03 0.6470E-04 0.2080E+02 0.3652E+05 0.5584E+00 10.267 0.0000 0.2000E-04 0.1000E+01
 420 0.1134E-03 0.9452E+03 0.6310E-04 0.2060E+02 0.3661E+05 0.5655E+00 10.256 0.0000 0.2000E-04 0.1000E+01
 425 0.1170E-03 0.9436E+03 0.6153E-04 0.2041E+02 0.3670E+05 0.5726E+00 10.245 0.0000 0.2000E-04 0.1000E+01
 430 0.1208E-03 0.9419E+03 0.5998E-04 0.2023E+02 0.3679E+05 0.5796E+00 10.234 0.0000 0.2000E-04 0.1000E+01
 435 0.1246E-03 0.9400E+03 0.5846E-04 0.2005E+02 0.3687E+05 0.5865E+00 10.223 0.0000 0.2000E-04 0.1000E+01
 440 0.1286E-03 0.9381E+03 0.5697E-04 0.1987E+02 0.3695E+05 0.5934E+00 10.212 0.0000 0.2000E-04 0.1000E+01
 445 0.1327E-03 0.9360E+03 0.5550E-04 0.1970E+02 0.3703E+05 0.6003E+00 10.201 0.0000 0.2000E-04 0.1000E+01
 450 0.1369E-03 0.9338E+03 0.5405E-04 0.1954E+02 0.3711E+05 0.6072E+00 10.190 0.0000 0.2000E-04 0.1000E+01
 455 0.1412E-03 0.9315E+03 0.5263E-04 0.1937E+02 0.3718E+05 0.6140E+00 10.179 0.0000 0.2000E-04 0.1000E+01
 460 0.1456E-03 0.9291E+03 0.5124E-04 0.1921E+02 0.3724E+05 0.6208E+00 10.168 0.0000 0.2000E-04 0.1000E+01
 465 0.1502E-03 0.9266E+03 0.4987E-04 0.1906E+02 0.3731E+05 0.6276E+00 10.157 0.0000 0.2000E-04 0.1000E+01
 470 0.1549E-03 0.9240E+03 0.4852E-04 0.1891E+02 0.3736E+05 0.6343E+00 10.146 0.0000 0.2000E-04 0.1000E+01
 475 0.1598E-03 0.9212E+03 0.4718E-04 0.1876E+02 0.3742E+05 0.6411E+00 10.135 0.0000 0.2000E-04 0.1000E+01
 480 0.1648E-03 0.9183E+03 0.4586E-04 0.1861E+02 0.3747E+05 0.6478E+00 10.124 0.0000 0.2000E-04 0.1000E+01
 485 0.1699E-03 0.9153E+03 0.4458E-04 0.1847E+02 0.3752E+05 0.6545E+00 10.112 0.0000 0.2000E-04 0.1000E+01
 490 0.1752E-03 0.9123E+03 0.4334E-04 0.1833E+02 0.3758E+05 0.6611E+00 10.101 0.0000 0.2000E-04 0.1000E+01
 495 0.1807E-03 0.9093E+03 0.4212E-04 0.1819E+02 0.3762E+05 0.6677E+00 10.090 0.0000 0.2000E-04 0.1000E+01
 500 0.1863E-03 0.9062E+03 0.4095E-04 0.1806E+02 0.3767E+05 0.6743E+00 10.079 0.0000 0.2000E-04 0.1000E+01
 505 0.1922E-03 0.9032E+03 0.3981E-04 0.1792E+02 0.3771E+05 0.6809E+00 10.068 0.0000 0.2000E-04 0.1000E+01
 510 0.1981E-03 0.9001E+03 0.3871E-04 0.1779E+02 0.3774E+05 0.6875E+00 10.057 0.0000 0.2000E-04 0.1000E+01
 515 0.2043E-03 0.8970E+03 0.3764E-04 0.1767E+02 0.3778E+05 0.6940E+00 10.046 0.0000 0.2000E-04 0.1000E+01
 520 0.2106E-03 0.8940E+03 0.3660E-04 0.1754E+02 0.3781E+05 0.7006E+00 10.035 0.0000 0.2000E-04 0.1000E+01
 525 0.2171E-03 0.8908E+03 0.3560E-04 0.1742E+02 0.3784E+05 0.7071E+00 10.024 0.0000 0.2000E-04 0.1000E+01
 530 0.2239E-03 0.8877E+03 0.3462E-04 0.1730E+02 0.3786E+05 0.7136E+00 10.013 0.0000 0.2000E-04 0.1000E+01
 535 0.2308E-03 0.8846E+03 0.3367E-04 0.1718E+02 0.3789E+05 0.7201E+00 10.002 0.0000 0.2000E-04 0.1000E+01
 540 0.2379E-03 0.8815E+03 0.3275E-04 0.1707E+02 0.3792E+05 0.7265E+00  9.991 0.0000 0.2000E-04 0.1000E+01
 545 0.2452E-03 0.8783E+03 0.3185E-04 0.1695E+02 0.3794E+05 0.7329E+00  9.980 0.0000 0.2000E-04 0.1000E+01
 550 0.2528E-03 0.8752E+03 0.3098E-04 0.1684E+02 0.3796E+05 0.7394E+00  9.968 0.0000 0.2000E-04 0.1000E+01
 555 0.2605E-03 0.8720E+03 0.3014E-04 0.1673E+02 0.3797E+05 0.7458E+00  9.957 0.0000 0.2000E-04 0.1000E+01
 560 0.2685E-03 0.8687E+03 0.2932E-04 0.1662E+02 0.3798E+05 0.7521E+00  9.946 0.0000 0.2000E-04 0.1000E+01
 565 0.2767E-03 0.8655E+03 0.2852E-04 0.1652E+02 0.3800E+05 0.7585E+00  9.935 0.0000 0.2000E-04 0.1000E+01
 570 0.2851E-03 0.8623E+03 0.2775E-04 0.1642E+02 0.3800E+05 0.7648E+00  9.924 0.0000 0.2000E-04 0.1000E+01
 575 0.2937E-03 0.8590E+03 0.2700E-04 0.1632E+02 0.3801E+05 0.7711E+00  9.913 0.0000 0.2000E-04 0.1000E+01
 580 0.3026E-03 0.8558E+03 0.2627E-04 0.1622E+02 0.3802E+05 0.7774E+00  9.902 0.0000 0.2000E-04 0.1000E+01
 585 0.3118E-03 0.8525E+03 0.2556E-04 0.1612E+02 0.3802E+05 0.7836E+00  9.891 0.0000 0.2000E-04 0.1000E+01
 590 0.3212E-03 0.8493E+03 0.2487E-04 0.1602E+02 0.3803E+05 0.7897E+00  9.880 0.0000 0.2000E-04 0.1000E+01
 595 0.3309E-03 0.8459E+03 0.2419E-04 0.1593E+02 0.3802E+05 0.7959E+00  9.869 0.0000 0.2000E-04 0.1000E+01
 600 0.3408E-03 0.8424E+03 0.2352E-04 0.1584E+02 0.3802E+05 0.8022E+00  9.858 0.0000 0.2000E-04 0.1000E+01
 605 0.3510E-03 0.8390E+03 0.2288E-04 0.1575E+02 0.3801E+05 0.8083E+00  9.846 0.0000 0.2000E-04 0.1000E+01
 610 0.3615E-03 0.8356E+03 0.2226E-04 0.1566E+02 0.3800E+05 0.8145E+00  9.835 0.0000 0.2000E-04 0.1000E+01
 615 0.3723E-03 0.8322E+03 0.2166E-04 0.1557E+02 0.3799E+05 0.8207E+00  9.824 0.0000 0.2000E-04 0.1000E+01
 620 0.3834E-03 0.8289E+03 0.2107E-04 0.1548E+02 0.3798E+05 0.8268E+00  9.813 0.0000 0.2000E-04 0.1000E+01
 625 0.3948E-03 0.8256E+03 0.2051E-04 0.1540E+02 0.3797E+05 0.8329E+00  9.802 0.0000 0.2000E-04 0.1000E+01
 630 0.4065E-03 0.8223E+03 0.1997E-04 0.1531E+02 0.3795E+05 0.8390E+00  9.791 0.0000 0.2000E-04 0.1000E+01
 635 0.4186E-03 0.8190E+03 0.1944E-04 0.1523E+02 0.3794E+05 0.8451E+00  9.780 0.0000 0.2000E-04 0.1000E+01
 640 0.4309E-03 0.8158E+03 0.1894E-04 0.1515E+02 0.3792E+05 0.8511E+00  9.769 0.0000 0.2000E-04 0.1000E+01
 645 0.4435E-03 0.8126E+03 0.1844E-04 0.1507E+02 0.3790E+05 0.8572E+00  9.758 0.0000 0.2000E-04 0.1000E+01
 650 0.4565E-03 0.8094E+03 0.1797E-04 0.1499E+02 0.3788E+05 0.8631E+00  9.747 0.0000 0.2000E-04 0.1000E+01
 655 0.4698E-03 0.8062E+03 0.1750E-04 0.1492E+02 0.3786E+05 0.8691E+00  9.736 0.0000 0.2000E-04 0.1000E+01
 660 0.4834E-03 0.8030E+03 0.1705E-04 0.1484E+02 0.3783E+05 0.8752E+00  9.725 0.0000 0.2000E-04 0.1000E+01
 665 0.4974E-03 0.7998E+03 0.1662E-04 0.1477E+02 0.3781E+05 0.8812E+00  9.713 0.0000 0.2000E-04 0.1000E+01
 670 0.5118E-03 0.7966E+03 0.1619E-04 0.1469E+02 0.3778E+05 0.8872E+00  9.702 0.0000 0.2000E-04 0.1000E+01
 675 0.5265E-03 0.7934E+03 0.1577E-04 0.1462E+02 0.3775E+05 0.8932E+00  9.691 0.0000 0.2000E-04 0.1000E+01
 680 0.5416E-03 0.7902E+03 0.1537E-04 0.1455E+02 0.3772E+05 0.8991E+00  9.680 0.0000 0.2000E-04 0.1000E+01
 685 0.5571E-03 0.7870E+03 0.1497E-04 0.1447E+02 0.3769E+05 0.9051E+00  9.669 0.0000 0.2000E-04 0.1000E+01
 690 0.5729E-03 0.7837E+03 0.1458E-04 0.1440E+02 0.3766E+05 0.9110E+00  9.658 0.0000 0.2000E-04 0.1000E+01
 695 0.5892E-03 0.7802E+03 0.1418E-04 0.1434E+02 0.3763E+05 0.9170E+00  9.647 0.0000 0.2000E-04 0.1000E+01
 700 0.6060E-03 0.7767E+03 0.1380E-04 0.1427E+02 0.3759E+05 0.9230E+00  9.636 0.0000 0.2000E-04 0.1000E+01
 705 0.6232E-03 0.7732E+03 0.1343E-04 0.1420E+02 0.3755E+05 0.9291E+00  9.625 0.0000 0.2000E-04 0.1000E+01
 710 0.6408E-03 0.7697E+03 0.1306E-04 0.1413E+02 0.3751E+05 0.9351E+00  9.614 0.0000 0.2000E-04 0.1000E+01
 715 0.6590E-03 0.7662E+03 0.1270E-04 0.1407E+02 0.3748E+05 0.9411E+00  9.603 0.0000 0.2000E-04 0.1000E+01
 720 0.6776E-03 0.7626E+03 0.1235E-04 0.1400E+02 0.3743E+05 0.9471E+00  9.592 0.0000 0.2000E-04 0.1000E+01
 725 0.6967E-03 0.7590E+03 0.1201E-04 0.1394E+02 0.3739E+05 0.9531E+00  9.581 0.0000 0.2000E-04 0.1000E+01
 730 0.7164E-03 0.7553E+03 0.1167E-04 0.1388E+02 0.3735E+05 0.9591E+00  9.570 0.0000 0.2000E-04 0.1000E+01
 735 0.7366E-03 0.7517E+03 0.1135E-04 0.1381E+02 0.3730E+05 0.9651E+00  9.559 0.0000 0.2000E-04 0.1000E+01
 740 0.7574E-03 0.7480E+03 0.1103E-04 0.1375E+02 0.3726E+05 0.9711E+00  9.548 0.0000 0.2000E-04 0.1000E+01
 745 0.7787E-03 0.7443E+03 0.1071E-04 0.1369E+02 0.3721E+05 0.9771E+00  9.537 0.0000 0.2000E-04 0.1000E+01
 750 0.8007E-03 0.7405E+03 0.1041E-04 0.1363E+02 0.3716E+05 0.9830E+00  9.526 0.0000 0.2000E-04 0.1000E+01
 755 0.8232E-03 0.7368E+03 0.1011E-04 0.1357E+02 0.3711E+05 0.9889E+00  9.515 0.0000 0.2000E-04 0.1000E+01
 760 0.8464E-03 0.7330E+03 0.9821E-05 0.1352E+02 0.3706E+05 0.9948E+00  9.504 0.0000 0.2000E-04 0.1000E+01
 765 0.8702E-03 0.7292E+03 0.9538E-05 0.1346E+02 0.3701E+05 0.1001E+01  9.493 0.0000 0.2000E-04 0.1000E+01
 770 0.8947E-03 0.7254E+03 0.9262E-05 0.1340E+02 0.3696E+05 0.1007E+01  9.482 0.0000 0.2000E-04 0.1000E+01
 775 0.9199E-03 0.7214E+03 0.8987E-05 0.1335E+02 0.3691E+05 0.1012E+01  9.471 0.0000 0.2000E-04 0.1000E+01
 780 0.9459E-03 0.7175E+03 0.8719E-05 0.1329E+02 0.3685E+05 0.1018E+01  9.460 0.0000 0.2000E-04 0.1000E+01
 785 0.9725E-03 0.7135E+03 0.8461E-05 0.1324E+02 0.3680E+05 0.1024E+01  9.449 0.0000 0.2000E-04 0.1000E+01
 790 0.1000E-02 0.7097E+03 0.8214E-05 0.1318E+02 0.3675E+05 0.1030E+01  9.438 0.0000 0.2000E-04 0.1000E+01
 795 0.1028E-02 0.7059E+03 0.7976E-05 0.1313E+02 0.3669E+05 0.1035E+01  9.427 0.0000 0.2000E-04 0.1000E+01
 800 0.1057E-02 0.7022E+03 0.7747E-05 0.1308E+02 0.3663E+05 0.1041E+01  9.416 0.0000 0.2000E-04 0.1000E+01
 805 0.1087E-02 0.6985E+03 0.7525E-05 0.1303E+02 0.3657E+05 0.1047E+01  9.405 0.0000 0.2000E-04 0.1000E+01
 810 0.1118E-02 0.6949E+03 0.7312E-05 0.1298E+02 0.3651E+05 0.1053E+01  9.394 0.0000 0.2000E-04 0.1000E+01
 815 0.1149E-02 0.6913E+03 0.7105E-05 0.1293E+02 0.3645E+05 0.1058E+01  9.383 0.0000 0.2000E-04 0.1000E+01
 820 0.1181E-02 0.6877E+03 0.6905E-05 0.1288E+02 0.3639E+05 0.1064E+01  9.372 0.0000 0.2000E-04 0.1000E+01
 825 0.1215E-02 0.6841E+03 0.6712E-05 0.1283E+02 0.3633E+05 0.1070E+01  9.361 0.0000 0.2000E-04 0.1000E+01
 830 0.1249E-02 0.6805E+03 0.6524E-05 0.1278E+02 0.3627E+05 0.1076E+01  9.350 0.0000 0.2000E-04 0.1000E+01
 835 0.1284E-02 0.6770E+03 0.6341E-05 0.1273E+02 0.3621E+05 0.1081E+01  9.339 0.0000 0.2000E-04 0.1000E+01
 840 0.1320E-02 0.6735E+03 0.6163E-05 0.1268E+02 0.3614E+05 0.1087E+01  9.328 0.0000 0.2000E-04 0.1000E+01
 845 0.1356E-02 0.6698E+03 0.5987E-05 0.1264E+02 0.3608E+05 0.1092E+01  9.317 0.0000 0.2000E-04 0.1000E+01
 850 0.1394E-02 0.6662E+03 0.5814E-05 0.1259E+02 0.3601E+05 0.1098E+01  9.306 0.0000 0.2000E-04 0.1000E+01
 855 0.1433E-02 0.6625E+03 0.5647E-05 0.1254E+02 0.3594E+05 0.1104E+01  9.296 0.0000 0.2000E-04 0.1000E+01
 860 0.1474E-02 0.6589E+03 0.5484E-05 0.1250E+02 0.3588E+05 0.1109E+01  9.285 0.0000 0.2000E-04 0.1000E+01
 865 0.1515E-02 0.6553E+03 0.5325E-05 0.1245E+02 0.3581E+05 0.1115E+01  9.274 0.0000 0.2000E-04 0.1000E+01
 870 0.1557E-02 0.6516E+03 0.5172E-05 0.1241E+02 0.3574E+05 0.1120E+01  9.263 0.0000 0.2000E-04 0.1000E+01
 875 0.1601E-02 0.6480E+03 0.5021E-05 0.1237E+02 0.3567E+05 0.1126E+01  9.252 0.0000 0.2000E-04 0.1000E+01
 880 0.1646E-02 0.6444E+03 0.4875E-05 0.1232E+02 0.3560E+05 0.1131E+01  9.241 0.0000 0.2000E-04 0.1000E+01
 885 0.1692E-02 0.6407E+03 0.4732E-05 0.1228E+02 0.3553E+05 0.1137E+01  9.230 0.0000 0.2000E-04 0.1000E+01
 890 0.1739E-02 0.6371E+03 0.4593E-05 0.1224E+02 0.3545E+05 0.1142E+01  9.219 0.0000 0.2000E-04 0.1000E+01
 895 0.1788E-02 0.6334E+03 0.4458E-05 0.1219E+02 0.3538E+05 0.1148E+01  9.208 0.0000 0.2000E-04 0.1000E+01
 900 0.1838E-02 0.6297E+03 0.4325E-05 0.1215E+02 0.3530E+05 0.1154E+01  9.197 0.0000 0.2000E-04 0.1000E+01
 905 0.1889E-02 0.6260E+03 0.4196E-05 0.1211E+02 0.3522E+05 0.1159E+01  9.186 0.0000 0.2000E-04 0.1000E+01
 910 0.1942E-02 0.6223E+03 0.4068E-05 0.1207E+02 0.3515E+05 0.1165E+01  9.175 0.0000 0.2000E-04 0.1000E+01
 915 0.1997E-02 0.6185E+03 0.3945E-05 0.1203E+02 0.3507E+05 0.1170E+01  9.165 0.0000 0.2000E-04 0.1000E+01
 920 0.2053E-02 0.6147E+03 0.3824E-05 0.1199E+02 0.3499E+05 0.1176E+01  9.154 0.0000 0.2000E-04 0.1000E+01
 925 0.2110E-02 0.6110E+03 0.3707E-05 0.1195E+02 0.3491E+05 0.1181E+01  9.143 0.0000 0.2000E-04 0.1000E+01
 930 0.2170E-02 0.6072E+03 0.3593E-05 0.1191E+02 0.3483E+05 0.1187E+01  9.132 0.0000 0.2000E-04 0.1000E+01
 935 0.2231E-02 0.6035E+03 0.3482E-05 0.1187E+02 0.3475E+05 0.1192E+01  9.121 0.0000 0.2000E-04 0.1000E+01
 940 0.2294E-02 0.5997E+03 0.3375E-05 0.1184E+02 0.3466E+05 0.1198E+01  9.110 0.0000 0.2000E-04 0.1000E+01
 945 0.2359E-02 0.5960E+03 0.3270E-05 0.1180E+02 0.3458E+05 0.1203E+01  9.099 0.0000 0.2000E-04 0.1000E+01
 950 0.2426E-02 0.5922E+03 0.3169E-05 0.1176E+02 0.3450E+05 0.1208E+01  9.088 0.0000 0.2000E-04 0.1000E+01
 955 0.2495E-02 0.5885E+03 0.3070E-05 0.1172E+02 0.3442E+05 0.1214E+01  9.077 0.0000 0.2000E-04 0.1000E+01
 960 0.2568E-02 0.5847E+03 0.2973E-05 0.1169E+02 0.3433E+05 0.1219E+01  9.066 0.0000 0.2000E-04 0.1000E+01
 965 0.2642E-02 0.5809E+03 0.2878E-05 0.1165E+02 0.3425E+05 0.1224E+01  9.055 0.0000 0.2000E-04 0.1000E+01
 970 0.2719E-02 0.5772E+03 0.2786E-05 0.1161E+02 0.3417E+05 0.1229E+01  9.044 0.0000 0.2000E-04 0.1000E+01
 975 0.2799E-02 0.5734E+03 0.2698E-05 0.1158E+02 0.3408E+05 0.1235E+01  9.033 0.0000 0.2000E-04 0.1000E+01
 980 0.2880E-02 0.5697E+03 0.2612E-05 0.1154E+02 0.3399E+05 0.1240E+01  9.022 0.0000 0.2000E-04 0.1000E+01
 985 0.2964E-02 0.5660E+03 0.2530E-05 0.1150E+02 0.3390E+05 0.1245E+01  9.011 0.0000 0.2000E-04 0.1000E+01
 988 0.3000E-02 0.5645E+03 0.2496E-05 0.1149E+02 0.3387E+05 0.1247E+01  9.006 0.0000 0.2000E-04 0.1000E+01
 990 0.3035E-02 0.5630E+03 0.2464E-05 0.1148E+02 0.3383E+05 0.1249E+01  9.001 0.0000 0.2000E-04 0.1000E+01
 995 0.3123E-02 0.5594E+03 0.2387E-05 0.1144E+02 0.3374E+05 0.1254E+01  8.990 0.0000 0.2000E-04 0.1000E+01
1000 0.3215E-02 0.5559E+03 0.2313E-05 0.1141E+02 0.3365E+05 0.1259E+01  8.979 0.0000 0.2000E-04 0.1000E+01
1005 0.3308E-02 0.5524E+03 0.2242E-05 0.1137E+02 0.3356E+05 0.1264E+01  8.968 0.0000 0.2000E-04 0.1000E+01
1010 0.3405E-02 0.5489E+03 0.2174E-05 0.1134E+02 0.3347E+05 0.1269E+01  8.957 0.0000 0.2000E-04 0.1000E+01
1015 0.3504E-02 0.5455E+03 0.2107E-05 0.1131E+02 0.3338E+05 0.1274E+01  8.946 0.0000 0.2000E-04 0.1000E+01
1020 0.3606E-02 0.5421E+03 0.2043E-05 0.1127E+02 0.3329E+05 0.1279E+01  8.935 0.0000 0.2000E-04 0.1000E+01
1025 0.3711E-02 0.5387E+03 0.1981E-05 0.1124E+02 0.3320E+05 0.1284E+01  8.924 0.0000 0.2000E-04 0.1000E+01
1030 0.3819E-02 0.5353E+03 0.1921E-05 0.1121E+02 0.3311E+05 0.1289E+01  8.913 0.0000 0.2000E-04 0.1000E+01
1035 0.3930E-02 0.5319E+03 0.1862E-05 0.1118E+02 0.3301E+05 0.1293E+01  8.902 0.0000 0.2000E-04 0.1000E+01
1040 0.4044E-02 0.5286E+03 0.1806E-05 0.1114E+02 0.3292E+05 0.1298E+01  8.891 0.0000 0.2000E-04 0.1000E+01
1045 0.4160E-02 0.5253E+03 0.1752E-05 0.1111E+02 0.3283E+05 0.1303E+01  8.880 0.0000 0.2000E-04 0.1000E+01
1050 0.4279E-02 0.5221E+03 0.1699E-05 0.1108E+02 0.3274E+05 0.1307E+01  8.869 0.0000 0.2000E-04 0.1000E+01
1055 0.4401E-02 0.5188E+03 0.1648E-05 0.1105E+02 0.3265E+05 0.1312E+01  8.858 0.0000 0.2000E-04 0.1000E+01
1060 0.4527E-02 0.5156E+03 0.1599E-05 0.1102E+02 0.3255E+05 0.1316E+01  8.847 0.0000 0.2000E-04 0.1000E+01
1065 0.4657E-02 0.5124E+03 0.1551E-05 0.1099E+02 0.3246E+05 0.1321E+01  8.836 0.0000 0.2000E-04 0.1000E+01
1070 0.4790E-02 0.5092E+03 0.1504E-05 0.1096E+02 0.3236E+05 0.1325E+01  8.825 0.0000 0.2000E-04 0.1000E+01
1075 0.4928E-02 0.5060E+03 0.1459E-05 0.1093E+02 0.3227E+05 0.1330E+01  8.814 0.0000 0.2000E-04 0.1000E+01
1080 0.5069E-02 0.5028E+03 0.1415E-05 0.1090E+02 0.3217E+05 0.1334E+01  8.804 0.0000 0.2000E-04 0.1000E+01
1085 0.5214E-02 0.4996E+03 0.1372E-05 0.1087E+02 0.3208E+05 0.1338E+01  8.793 0.0000 0.2000E-04 0.1000E+01
1090 0.5364E-02 0.4964E+03 0.1331E-05 0.1085E+02 0.3198E+05 0.1343E+01  8.782 0.0000 0.2000E-04 0.1000E+01
1095 0.5517E-02 0.4933E+03 0.1290E-05 0.1082E+02 0.3188E+05 0.1347E+01  8.771 0.0000 0.2000E-04 0.1000E+01
1100 0.5676E-02 0.4901E+03 0.1251E-05 0.1079E+02 0.3179E+05 0.1351E+01  8.760 0.0000 0.2000E-04 0.1000E+01
1105 0.5839E-02 0.4870E+03 0.1213E-05 0.1076E+02 0.3169E+05 0.1356E+01  8.749 0.0000 0.2000E-04 0.1000E+01
1110 0.6006E-02 0.4838E+03 0.1176E-05 0.1073E+02 0.3159E+05 0.1360E+01  8.738 0.0000 0.2000E-04 0.1000E+01
1115 0.6178E-02 0.4807E+03 0.1140E-05 0.1071E+02 0.3149E+05 0.1364E+01  8.727 0.0000 0.2000E-04 0.1000E+01
1120 0.6355E-02 0.4776E+03 0.1105E-05 0.1068E+02 0.3139E+05 0.1368E+01  8.716 0.0000 0.2000E-04 0.1000E+01
1125 0.6538E-02 0.4745E+03 0.1071E-05 0.1065E+02 0.3130E+05 0.1372E+01  8.705 0.0000 0.2000E-04 0.1000E+01
1130 0.6727E-02 0.4714E+03 0.1038E-05 0.1063E+02 0.3120E+05 0.1376E+01  8.694 0.0000 0.2000E-04 0.1000E+01
1135 0.6921E-02 0.4682E+03 0.1006E-05 0.1060E+02 0.3110E+05 0.1380E+01  8.683 0.0000 0.2000E-04 0.1000E+01
1140 0.7121E-02 0.4651E+03 0.9746E-06 0.1057E+02 0.3100E+05 0.1384E+01  8.672 0.0000 0.2000E-04 0.1000E+01
1145 0.7327E-02 0.4621E+03 0.9443E-06 0.1055E+02 0.3090E+05 0.1388E+01  8.661 0.0000 0.2000E-04 0.1000E+01
1150 0.7539E-02 0.4590E+03 0.9148E-06 0.1052E+02 0.3080E+05 0.1392E+01  8.650 0.0000 0.2000E-04 0.1000E+01
1155 0.7758E-02 0.4559E+03 0.8862E-06 0.1049E+02 0.3070E+05 0.1395E+01  8.639 0.0000 0.2000E-04 0.1000E+01
1160 0.7983E-02 0.4529E+03 0.8585E-06 0.1047E+02 0.3060E+05 0.1399E+01  8.627 0.0000 0.2000E-04 0.1000E+01
1165 0.8214E-02 0.4498E+03 0.8316E-06 0.1044E+02 0.3050E+05 0.1402E+01  8.616 0.0000 0.2000E-04 0.1000E+01
1170 0.8452E-02 0.4468E+03 0.8055E-06 0.1042E+02 0.3041E+05 0.1405E+01  8.605 0.0000 0.2000E-04 0.1000E+01
1175 0.8697E-02 0.4438E+03 0.7802E-06 0.1039E+02 0.3031E+05 0.1409E+01  8.594 0.0000 0.2000E-04 0.1000E+01
1180 0.8948E-02 0.4408E+03 0.7556E-06 0.1037E+02 0.3021E+05 0.1412E+01  8.583 0.0000 0.2000E-04 0.1000E+01
1185 0.9207E-02 0.4378E+03 0.7317E-06 0.1034E+02 0.3011E+05 0.1416E+01  8.572 0.0000 0.2000E-04 0.1000E+01
1190 0.9474E-02 0.4348E+03 0.7087E-06 0.1032E+02 0.3002E+05 0.1419E+01  8.561 0.0000 0.2000E-04 0.1000E+01
1195 0.9745E-02 0.4318E+03 0.6865E-06 0.1030E+02 0.2992E+05 0.1423E+01  8.550 0.0000 0.2000E-04 0.1000E+01
1200 0.1002E-01 0.4289E+03 0.6651E-06 0.1027E+02 0.2982E+05 0.1426E+01  8.539 0.0000 0.2000E-04 0.1000E+01
1205 0.1031E-01 0.4260E+03 0.6443E-06 0.1025E+02 0.2972E+05 0.1429E+01  8.529 0.0000 0.2000E-04 0.1000E+01
1210 0.1060E-01 0.4231E+03 0.6241E-06 0.1022E+02 0.2963E+05 0.1433E+01  8.518 0.0000 0.2000E-04 0.1000E+01
1215 0.1091E-01 0.4203E+03 0.6045E-06 0.1020E+02 0.2953E+05 0.1436E+01  8.507 0.0000 0.2000E-04 0.1000E+01
1220 0.1122E-01 0.4174E+03 0.5856E-06 0.1018E+02 0.2943E+05 0.1439E+01  8.496 0.0000 0.2000E-04 0.1000E+01
1225 0.1154E-01 0.4145E+03 0.5672E-06 0.1015E+02 0.2933E+05 0.1443E+01  8.485 0.0000 0.2000E-04 0.1000E+01
1230 0.1187E-01 0.4117E+03 0.5493E-06 0.1013E+02 0.2923E+05 0.1446E+01  8.474 0.0000 0.2000E-04 0.1000E+01
1235 0.1221E-01 0.4088E+03 0.5318E-06 0.1011E+02 0.2913E+05 0.1450E+01  8.463 0.0000 0.2000E-04 0.1000E+01
1240 0.1256E-01 0.4062E+03 0.5158E-06 0.1009E+02 0.2903E+05 0.1453E+01  8.452 0.0000 0.2000E-04 0.1000E+01
1245 0.1292E-01 0.4036E+03 0.5008E-06 0.1006E+02 0.2893E+05 0.1456E+01  8.442 0.0000 0.2000E-04 0.1000E+01
1250 0.1329E-01 0.4011E+03 0.4864E-06 0.1004E+02 0.2884E+05 0.1460E+01  8.431 0.0000 0.2000E-04 0.1000E+01
1255 0.1367E-01 0.3986E+03 0.4722E-06 0.1002E+02 0.2873E+05 0.1463E+01  8.420 0.0000 0.2000E-04 0.1000E+01
1260 0.1406E-01 0.3961E+03 0.4584E-06 0.9998E+01 0.2863E+05 0.1466E+01  8.409 0.0000 0.2000E-04 0.1000E+01
1265 0.1446E-01 0.3936E+03 0.4448E-06 0.9976E+01 0.2853E+05 0.1470E+01  8.398 0.0000 0.2000E-04 0.1000E+01
1270 0.1487E-01 0.3911E+03 0.4317E-06 0.9954E+01 0.2843E+05 0.1473E+01  8.387 0.0000 0.2000E-04 0.1000E+01
1275 0.1529E-01 0.3886E+03 0.4188E-06 0.9933E+01 0.2833E+05 0.1476E+01  8.376 0.0000 0.2000E-04 0.1000E+01
1280 0.1573E-01 0.3861E+03 0.4064E-06 0.9911E+01 0.2824E+05 0.1479E+01  8.365 0.0000 0.2000E-04 0.1000E+01
1285 0.1617E-01 0.3836E+03 0.3943E-06 0.9889E+01 0.2814E+05 0.1482E+01  8.354 0.0000 0.2000E-04 0.1000E+01
1290 0.1663E-01 0.3811E+03 0.3826E-06 0.9868E+01 0.2804E+05 0.1486E+01  8.344 0.0000 0.2000E-04 0.1000E+01
1295 0.1710E-01 0.3786E+03 0.3712E-06 0.9847E+01 0.2794E+05 0.1489E+01  8.333 0.0000 0.2000E-04 0.1000E+01
1300 0.1759E-01 0.3762E+03 0.3600E-06 0.9826E+01 0.2784E+05 0.1492E+01  8.322 0.0000 0.2000E-04 0.1000E+01
1305 0.1808E-01 0.3737E+03 0.3493E-06 0.9805E+01 0.2774E+05 0.1495E+01  8.311 0.0000 0.2000E-04 0.1000E+01
1310 0.1859E-01 0.3713E+03 0.3388E-06 0.9784E+01 0.2764E+05 0.1499E+01  8.300 0.0000 0.2000E-04 0.1000E+01
1315 0.1911E-01 0.3689E+03 0.3286E-06 0.9764E+01 0.2755E+05 0.1502E+01  8.290 0.0000 0.2000E-04 0.1000E+01
1320 0.1965E-01 0.3664E+03 0.3187E-06 0.9743E+01 0.2745E+05 0.1505E+01  8.279 0.0000 0.2000E-04 0.1000E+01
1325 0.2020E-01 0.3640E+03 0.3091E-06 0.9723E+01 0.2735E+05 0.1509E+01  8.268 0.0000 0.2000E-04 0.1000E+01
1330 0.2077E-01 0.3616E+03 0.2997E-06 0.9703E+01 0.2725E+05 0.1512E+01  8.257 0.0000 0.2000E-04 0.1000E+01
1335 0.2136E-01 0.3592E+03 0.2906E-06 0.9682E+01 0.2715E+05 0.1515E+01  8.246 0.0000 0.2000E-04 0.1000E+01
1340 0.2196E-01 0.3568E+03 0.2818E-06 0.9662E+01 0.2705E+05 0.1519E+01  8.235 0.0000 0.2000E-04 0.1000E+01
1345 0.2257E-01 0.3544E+03 0.2731E-06 0.9642E+01 0.2695E+05 0.1522E+01  8.224 0.0000 0.2000E-04 0.1000E+01
1350 0.2321E-01 0.3520E+03 0.2648E-06 0.9622E+01 0.2685E+05 0.1526E+01  8.214 0.0000 0.2000E-04 0.1000E+01
1355 0.2386E-01 0.3496E+03 0.2566E-06 0.9603E+01 0.2675E+05 0.1529E+01  8.203 0.0000 0.2000E-04 0.1000E+01
1360 0.2453E-01 0.3473E+03 0.2487E-06 0.9583E+01 0.2665E+05 0.1533E+01  8.192 0.0000 0.2000E-04 0.1000E+01
1365 0.2522E-01 0.3449E+03 0.2411E-06 0.9564E+01 0.2655E+05 0.1537E+01  8.181 0.0000 0.2000E-04 0.1000E+01
1370 0.2593E-01 0.3426E+03 0.2336E-06 0.9544E+01 0.2645E+05 0.1540E+01  8.170 0.0000 0.2000E-04 0.1000E+01
1375 0.2666E-01 0.3402E+03 0.2264E-06 0.9525E+01 0.2635E+05 0.1544E+01  8.159 0.0000 0.2000E-04 0.1000E+01
1380 0.2741E-01 0.3379E+03 0.2193E-06 0.9506E+01 0.2624E+05 0.1547E+01  8.149 0.0000 0.2000E-04 0.1000E+01
1385 0.2819E-01 0.3355E+03 0.2125E-06 0.9487E+01 0.2613E+05 0.1551E+01  8.138 0.0000 0.2000E-04 0.1000E+01
1390 0.2898E-01 0.3332E+03 0.2058E-06 0.9468E+01 0.2602E+05 0.1555E+01  8.127 0.0000 0.2000E-04 0.1000E+01
1395 0.2980E-01 0.3309E+03 0.1994E-06 0.9449E+01 0.2592E+05 0.1559E+01  8.116 0.0000 0.2000E-04 0.1000E+01
1400 0.3064E-01 0.3286E+03 0.1932E-06 0.9431E+01 0.2581E+05 0.1563E+01  8.105 0.0000 0.2000E-04 0.1000E+01
1405 0.3150E-01 0.3264E+03 0.1872E-06 0.9412E+01 0.2570E+05 0.1567E+01  8.094 0.0000 0.2000E-04 0.1000E+01
1410 0.3239E-01 0.3241E+03 0.1813E-06 0.9394E+01 0.2560E+05 0.1571E+01  8.084 0.0000 0.2000E-04 0.1000E+01
1415 0.3331E-01 0.3218E+03 0.1756E-06 0.9375E+01 0.2549E+05 0.1575E+01  8.073 0.0000 0.2000E-04 0.1000E+01
1420 0.3425E-01 0.3196E+03 0.1701E-06 0.9357E+01 0.2539E+05 0.1578E+01  8.062 0.0000 0.2000E-04 0.1000E+01
1425 0.3522E-01 0.3173E+03 0.1647E-06 0.9339E+01 0.2528E+05 0.1582E+01  8.051 0.0000 0.2000E-04 0.1000E+01
1430 0.3622E-01 0.3151E+03 0.1596E-06 0.9321E+01 0.2518E+05 0.1586E+01  8.040 0.0000 0.2000E-04 0.1000E+01
1435 0.3724E-01 0.3129E+03 0.1546E-06 0.9303E+01 0.2508E+05 0.1590E+01  8.029 0.0000 0.2000E-04 0.1000E+01
1440 0.3830E-01 0.3107E+03 0.1497E-06 0.9286E+01 0.2497E+05 0.1594E+01  8.018 0.0000 0.2000E-04 0.1000E+01
1445 0.3938E-01 0.3086E+03 0.1450E-06 0.9268E+01 0.2488E+05 0.1598E+01  8.008 0.0000 0.2000E-04 0.1000E+01
1450 0.4050E-01 0.3064E+03 0.1405E-06 0.9251E+01 0.2478E+05 0.1602E+01  7.997 0.0000 0.2000E-04 0.1000E+01
1455 0.4164E-01 0.3043E+03 0.1361E-06 0.9234E+01 0.2467E+05 0.1606E+01  7.986 0.0000 0.2000E-04 0.1000E+01
1460 0.4282E-01 0.3022E+03 0.1319E-06 0.9216E+01 0.2457E+05 0.1610E+01  7.975 0.0000 0.2000E-04 0.1000E+01
1465 0.4404E-01 0.3001E+03 0.1278E-06 0.9199E+01 0.2447E+05 0.1614E+01  7.964 0.0000 0.2000E-04 0.1000E+01
1470 0.4529E-01 0.2980E+03 0.1238E-06 0.9182E+01 0.2437E+05 0.1618E+01  7.953 0.0000 0.2000E-04 0.1000E+01
1475 0.4657E-01 0.2959E+03 0.1199E-06 0.9166E+01 0.2427E+05 0.1622E+01  7.942 0.0000 0.2000E-04 0.1000E+01
1480 0.4789E-01 0.2938E+03 0.1162E-06 0.9149E+01 0.2416E+05 0.1626E+01  7.932 0.0000 0.2000E-04 0.1000E+01
1485 0.4925E-01 0.2918E+03 0.1126E-06 0.9132E+01 0.2405E+05 0.1630E+01  7.921 0.0000 0.2000E-04 0.1000E+01
1488 0.5000E-01 0.2907E+03 0.1107E-06 0.9123E+01 0.2399E+05 0.1633E+01  7.915 0.0000 0.2000E-04 0.1000E+01
1490 0.5056E-01 0.2899E+03 0.1093E-06 0.9117E+01 0.2395E+05 0.1634E+01  7.911 0.0000 0.2000E-04 0.1000E+01
1495 0.5200E-01 0.2878E+03 0.1059E-06 0.9100E+01 0.2385E+05 0.1638E+01  7.900 0.0000 0.2000E-04 0.1000E+01
1500 0.5347E-01 0.2858E+03 0.1026E-06 0.9084E+01 0.2374E+05 0.1643E+01  7.889 0.0000 0.2000E-04 0.1000E+01
1505 0.5499E-01 0.2838E+03 0.9939E-07 0.9068E+01 0.2364E+05 0.1647E+01  7.878 0.0000 0.2000E-04 0.1000E+01
1510 0.5655E-01 0.2818E+03 0.9630E-07 0.9052E+01 0.2354E+05 0.1651E+01  7.867 0.0000 0.2000E-04 0.1000E+01
1515 0.5815E-01 0.2799E+03 0.9331E-07 0.9036E+01 0.2344E+05 0.1655E+01  7.856 0.0000 0.2000E-04 0.1000E+01
1520 0.5980E-01 0.2779E+03 0.9040E-07 0.9021E+01 0.2334E+05 0.1659E+01  7.845 0.0000 0.2000E-04 0.1000E+01
1525 0.6149E-01 0.2760E+03 0.8759E-07 0.9005E+01 0.2324E+05 0.1663E+01  7.835 0.0000 0.2000E-04 0.1000E+01
1530 0.6324E-01 0.2740E+03 0.8486E-07 0.8989E+01 0.2314E+05 0.1667E+01  7.824 0.0000 0.2000E-04 0.1000E+01
1535 0.6503E-01 0.2721E+03 0.8221E-07 0.8974E+01 0.2305E+05 0.1671E+01  7.813 0.0000 0.2000E-04 0.1000E+01
1540 0.6687E-01 0.2702E+03 0.7964E-07 0.8959E+01 0.2295E+05 0.1675E+01  7.802 0.0000 0.2000E-04 0.1000E+01
1545 0.6876E-01 0.2683E+03 0.7716E-07 0.8943E+01 0.2286E+05 0.1679E+01  7.791 0.0000 0.2000E-04 0.1000E+01
1549 0.7000E-01 0.2671E+03 0.7561E-07 0.8934E+01 0.2280E+05 0.1682E+01  7.784 0.0000 0.2000E-04 0.1000E+01
1550 0.7039E-01 0.2667E+03 0.7513E-07 0.8931E+01 0.2278E+05 0.1682E+01  7.782 0.0000 0.2000E-04 0.1000E+01
1555 0.7238E-01 0.2648E+03 0.7278E-07 0.8916E+01 0.2268E+05 0.1686E+01  7.771 0.0000 0.2000E-04 0.1000E+01
1560 0.7444E-01 0.2629E+03 0.7051E-07 0.8901E+01 0.2259E+05 0.1690E+01  7.760 0.0000 0.2000E-04 0.1000E+01
1565 0.7654E-01 0.2611E+03 0.6830E-07 0.8886E+01 0.2250E+05 0.1694E+01  7.749 0.0000 0.2000E-04 0.1000E+01
1570 0.7871E-01 0.2592E+03 0.6616E-07 0.8871E+01 0.2241E+05 0.1698E+01  7.739 0.0000 0.2000E-04 0.1000E+01
1575 0.8095E-01 0.2574E+03 0.6409E-07 0.8857E+01 0.2232E+05 0.1702E+01  7.728 0.0000 0.2000E-04 0.1000E+01
1580 0.8324E-01 0.2555E+03 0.6208E-07 0.8842E+01 0.2224E+05 0.1706E+01  7.717 0.0000 0.2000E-04 0.1000E+01
1585 0.8560E-01 0.2537E+03 0.6015E-07 0.8828E+01 0.2215E+05 0.1710E+01  7.706 0.0000 0.2000E-04 0.1000E+01
1590 0.8803E-01 0.2520E+03 0.5837E-07 0.8813E+01 0.2206E+05 0.1713E+01  7.695 0.0000 0.2000E-04 0.1000E+01
1595 0.9051E-01 0.2504E+03 0.5666E-07 0.8799E+01 0.2198E+05 0.1717E+01  7.684 0.0000 0.2000E-04 0.1000E+01
1600 0.9306E-01 0.2487E+03 0.5499E-07 0.8785E+01 0.2189E+05 0.1721E+01  7.673 0.0000 0.2000E-04 0.1000E+01
1605 0.9568E-01 0.2470E+03 0.5337E-07 0.8771E+01 0.2181E+05 0.1725E+01  7.662 0.0000 0.2000E-04 0.1000E+01
1610 0.9836E-01 0.2454E+03 0.5181E-07 0.8757E+01 0.2172E+05 0.1729E+01  7.652 0.0000 0.2000E-04 0.1000E+01
1613 0.1000E+00 0.2444E+03 0.5090E-07 0.8749E+01 0.2167E+05 0.1731E+01  7.645 0.0000 0.2000E-04 0.1000E+01
1615 0.1011E+00 0.2438E+03 0.5030E-07 0.8743E+01 0.2164E+05 0.1732E+01  7.641 0.0000 0.2000E-04 0.1000E+01
1620 0.1039E+00 0.2422E+03 0.4883E-07 0.8730E+01 0.2155E+05 0.1736E+01  7.630 0.0000 0.2000E-04 0.1000E+01
1625 0.1068E+00 0.2406E+03 0.4741E-07 0.8716E+01 0.2147E+05 0.1740E+01  7.619 0.0000 0.2000E-04 0.1000E+01
1630 0.1098E+00 0.2390E+03 0.4603E-07 0.8702E+01 0.2138E+05 0.1744E+01  7.608 0.0000 0.2000E-04 0.1000E+01
1635 0.1129E+00 0.2374E+03 0.4469E-07 0.8689E+01 0.2129E+05 0.1747E+01  7.597 0.0000 0.2000E-04 0.1000E+01
1640 0.1160E+00 0.2359E+03 0.4340E-07 0.8675E+01 0.2121E+05 0.1751E+01  7.586 0.0000 0.2000E-04 0.1000E+01
1645 0.1192E+00 0.2343E+03 0.4215E-07 0.8662E+01 0.2112E+05 0.1755E+01  7.576 0.0000 0.2000E-04 0.1000E+01
1650 0.1225E+00 0.2329E+03 0.4102E-07 0.8649E+01 0.2104E+05 0.1759E+01  7.565 0.0000 0.2000E-04 0.1000E+01
1655 0.1258E+00 0.2314E+03 0.3981E-07 0.8636E+01 0.2096E+05 0.1762E+01  7.554 0.0000 0.2000E-04 0.1000E+01
1660 0.1293E+00 0.2299E+03 0.3867E-07 0.8623E+01 0.2088E+05 0.1766E+01  7.543 0.0000 0.2000E-04 0.1000E+01
1665 0.1328E+00 0.2284E+03 0.3757E-07 0.8610E+01 0.2080E+05 0.1770E+01  7.533 0.0000 0.2000E-04 0.1000E+01
1670 0.1365E+00 0.2269E+03 0.3651E-07 0.8597E+01 0.2071E+05 0.1773E+01  7.522 0.0000 0.2000E-04 0.1000E+01
1675 0.1402E+00 0.2255E+03 0.3548E-07 0.8584E+01 0.2064E+05 0.1777E+01  7.511 0.0000 0.2000E-04 0.1000E+01
1680 0.1440E+00 0.2240E+03 0.3448E-07 0.8571E+01 0.2056E+05 0.1780E+01  7.500 0.0000 0.2000E-04 0.1000E+01
1685 0.1479E+00 0.2226E+03 0.3351E-07 0.8558E+01 0.2049E+05 0.1784E+01  7.489 0.0000 0.2000E-04 0.1000E+01
1688 0.1500E+00 0.2219E+03 0.3302E-07 0.8552E+01 0.2045E+05 0.1786E+01  7.483 0.0000 0.2000E-04 0.1000E+01
1690 0.1516E+00 0.2213E+03 0.3264E-07 0.8547E+01 0.2042E+05 0.1787E+01  7.479 0.0000 0.2000E-04 0.1000E+01
1695 0.1557E+00 0.2200E+03 0.3176E-07 0.8534E+01 0.2034E+05 0.1791E+01  7.468 0.0000 0.2000E-04 0.1000E+01
1700 0.1599E+00 0.2186E+03 0.3089E-07 0.8522E+01 0.2026E+05 0.1794E+01  7.457 0.0000 0.2000E-04 0.1000E+01
1705 0.1642E+00 0.2173E+03 0.3004E-07 0.8509E+01 0.2019E+05 0.1798E+01  7.446 0.0000 0.2000E-04 0.1000E+01
1710 0.1685E+00 0.2159E+03 0.2923E-07 0.8497E+01 0.2011E+05 0.1802E+01  7.436 0.0000 0.2000E-04 0.1000E+01
1715 0.1730E+00 0.2146E+03 0.2844E-07 0.8484E+01 0.2003E+05 0.1805E+01  7.425 0.0000 0.2000E-04 0.1000E+01
1720 0.1776E+00 0.2133E+03 0.2768E-07 0.8472E+01 0.1996E+05 0.1809E+01  7.414 0.0000 0.2000E-04 0.1000E+01
1725 0.1823E+00 0.2120E+03 0.2694E-07 0.8460E+01 0.1988E+05 0.1812E+01  7.403 0.0000 0.2000E-04 0.1000E+01
1730 0.1871E+00 0.2108E+03 0.2623E-07 0.8447E+01 0.1980E+05 0.1816E+01  7.392 0.0000 0.2000E-04 0.1000E+01
1735 0.1920E+00 0.2095E+03 0.2551E-07 0.8435E+01 0.1972E+05 0.1820E+01  7.381 0.0000 0.2000E-04 0.1000E+01
1740 0.1970E+00 0.2082E+03 0.2485E-07 0.8423E+01 0.1964E+05 0.1824E+01  7.370 0.0000 0.2000E-04 0.1000E+01
1743 0.2000E+00 0.2075E+03 0.2447E-07 0.8416E+01 0.1959E+05 0.1826E+01  7.364 0.0000 0.2000E-04 0.1000E+01
1745 0.2021E+00 0.2070E+03 0.2421E-07 0.8411E+01 0.1956E+05 0.1827E+01  7.359 0.0000 0.2000E-04 0.1000E+01
1750 0.2073E+00 0.2058E+03 0.2359E-07 0.8399E+01 0.1948E+05 0.1831E+01  7.349 0.0000 0.2000E-04 0.1000E+01
1755 0.2127E+00 0.2046E+03 0.2297E-07 0.8387E+01 0.1940E+05 0.1835E+01  7.338 0.0000 0.2000E-04 0.1000E+01
1760 0.2181E+00 0.2035E+03 0.2239E-07 0.8375E+01 0.1932E+05 0.1838E+01  7.327 0.0000 0.2000E-04 0.1000E+01
1765 0.2237E+00 0.2023E+03 0.2181E-07 0.8364E+01 0.1924E+05 0.1842E+01  7.316 0.0000 0.2000E-04 0.1000E+01
1770 0.2294E+00 0.2011E+03 0.2126E-07 0.8352E+01 0.1916E+05 0.1846E+01  7.305 0.0000 0.2000E-04 0.1000E+01
1775 0.2353E+00 0.2000E+03 0.2071E-07 0.8340E+01 0.1908E+05 0.1849E+01  7.294 0.0000 0.2000E-04 0.1000E+01
1780 0.2412E+00 0.1988E+03 0.2018E-07 0.8328E+01 0.1900E+05 0.1853E+01  7.283 0.0000 0.2000E-04 0.1000E+01
1785 0.2473E+00 0.1977E+03 0.1968E-07 0.8317E+01 0.1892E+05 0.1857E+01  7.273 0.0000 0.2000E-04 0.1000E+01
1788 0.2500E+00 0.1972E+03 0.1946E-07 0.8312E+01 0.1889E+05 0.1858E+01  7.268 0.0000 0.2000E-04 0.1000E+01
1790 0.2525E+00 0.1968E+03 0.1927E-07 0.8307E+01 0.1886E+05 0.1860E+01  7.264 0.0000 0.2000E-04 0.1000E+01
1795 0.2588E+00 0.1956E+03 0.1878E-07 0.8296E+01 0.1878E+05 0.1864E+01  7.253 0.0000 0.2000E-04 0.1000E+01
1800 0.2653E+00 0.1945E+03 0.1830E-07 0.8284E+01 0.1870E+05 0.1867E+01  7.242 0.0000 0.2000E-04 0.1000E+01
1805 0.2719E+00 0.1934E+03 0.1784E-07 0.8273E+01 0.1862E+05 0.1871E+01  7.231 0.0000 0.2000E-04 0.1000E+01
1810 0.2787E+00 0.1923E+03 0.1739E-07 0.8261E+01 0.1854E+05 0.1875E+01  7.220 0.0000 0.2000E-04 0.1000E+01
1815 0.2856E+00 0.1912E+03 0.1696E-07 0.8250E+01 0.1846E+05 0.1879E+01  7.209 0.0000 0.2000E-04 0.1000E+01
1820 0.2926E+00 0.1902E+03 0.1653E-07 0.8239E+01 0.1837E+05 0.1883E+01  7.198 0.0000 0.2000E-04 0.1000E+01
1825 0.2998E+00 0.1891E+03 0.1611E-07 0.8228E+01 0.1829E+05 0.1886E+01  7.188 0.0000 0.2000E-04 0.1000E+01
1826 0.3000E+00 0.1891E+03 0.1610E-07 0.8227E+01 0.1829E+05 0.1886E+01  7.187 0.0000 0.2000E-04 0.1000E+01
1830 0.3059E+00 0.1882E+03 0.1578E-07 0.8218E+01 0.1823E+05 0.1889E+01  7.179 0.0000 0.2000E-04 0.1000E+01
1835 0.3133E+00 0.1871E+03 0.1538E-07 0.8207E+01 0.1814E+05 0.1893E+01  7.168 0.0000 0.2000E-04 0.1000E+01
1840 0.3209E+00 0.1861E+03 0.1500E-07 0.8196E+01 0.1806E+05 0.1897E+01  7.157 0.0000 0.2000E-04 0.1000E+01
1845 0.3287E+00 0.1850E+03 0.1462E-07 0.8185E+01 0.1798E+05 0.1901E+01  7.146 0.0000 0.2000E-04 0.1000E+01
1850 0.3366E+00 0.1840E+03 0.1426E-07 0.8174E+01 0.1790E+05 0.1905E+01  7.135 0.0000 0.2000E-04 0.1000E+01
1855 0.3447E+00 0.1829E+03 0.1390E-07 0.8164E+01 0.1781E+05 0.1909E+01  7.124 0.0000 0.2000E-04 0.1000E+01
1859 0.3500E+00 0.1823E+03 0.1368E-07 0.8157E+01 0.1776E+05 0.1911E+01  7.117 0.0000 0.2000E-04 0.1000E+01
1860 0.3517E+00 0.1821E+03 0.1361E-07 0.8154E+01 0.1774E+05 0.1912E+01  7.115 0.0000 0.2000E-04 0.1000E+01
1865 0.3601E+00 0.1811E+03 0.1327E-07 0.8144E+01 0.1766E+05 0.1916E+01  7.104 0.0000 0.2000E-04 0.1000E+01
1870 0.3687E+00 0.1800E+03 0.1294E-07 0.8133E+01 0.1758E+05 0.1920E+01  7.094 0.0000 0.2000E-04 0.1000E+01
1875 0.3774E+00 0.1790E+03 0.1262E-07 0.8122E+01 0.1749E+05 0.1924E+01  7.083 0.0000 0.2000E-04 0.1000E+01
1880 0.3864E+00 0.1780E+03 0.1231E-07 0.8112E+01 0.1740E+05 0.1928E+01  7.072 0.0000 0.2000E-04 0.1000E+01
1885 0.3955E+00 0.1770E+03 0.1201E-07 0.8101E+01 0.1731E+05 0.1932E+01  7.061 0.0000 0.2000E-04 0.1000E+01
1888 0.4000E+00 0.1766E+03 0.1186E-07 0.8096E+01 0.1727E+05 0.1934E+01  7.056 0.0000 0.2000E-04 0.1000E+01
1890 0.4037E+00 0.1762E+03 0.1175E-07 0.8092E+01 0.1723E+05 0.1935E+01  7.051 0.0000 0.2000E-04 0.1000E+01
1895 0.4132E+00 0.1752E+03 0.1146E-07 0.8081E+01 0.1714E+05 0.1939E+01  7.040 0.0000 0.2000E-04 0.1000E+01
1900 0.4229E+00 0.1742E+03 0.1117E-07 0.8071E+01 0.1706E+05 0.1943E+01  7.030 0.0000 0.2000E-04 0.1000E+01
1905 0.4328E+00 0.1732E+03 0.1090E-07 0.8061E+01 0.1697E+05 0.1947E+01  7.019 0.0000 0.2000E-04 0.1000E+01
1910 0.4429E+00 0.1723E+03 0.1063E-07 0.8050E+01 0.1688E+05 0.1951E+01  7.008 0.0000 0.2000E-04 0.1000E+01
1914 0.4500E+00 0.1716E+03 0.1045E-07 0.8043E+01 0.1682E+05 0.1954E+01  7.000 0.0000 0.2000E-04 0.1000E+01
1915 0.4521E+00 0.1714E+03 0.1040E-07 0.8041E+01 0.1681E+05 0.1954E+01  6.998 0.0000 0.2000E-04 0.1000E+01
1920 0.4626E+00 0.1705E+03 0.1014E-07 0.8031E+01 0.1672E+05 0.1958E+01  6.987 0.0000 0.2000E-04 0.1000E+01
1925 0.4733E+00 0.1695E+03 0.9896E-08 0.8021E+01 0.1664E+05 0.1962E+01  6.976 0.0000 0.2000E-04 0.1000E+01
1930 0.4842E+00 0.1686E+03 0.9654E-08 0.8011E+01 0.1655E+05 0.1966E+01  6.965 0.0000 0.2000E-04 0.1000E+01
1935 0.4954E+00 0.1677E+03 0.9418E-08 0.8001E+01 0.1647E+05 0.1970E+01  6.955 0.0000 0.2000E-04 0.1000E+01
1938 0.5000E+00 0.1673E+03 0.9324E-08 0.7996E+01 0.1644E+05 0.1971E+01  6.950 0.0000 0.2000E-04 0.1000E+01
1940 0.5046E+00 0.1669E+03 0.9232E-08 0.7992E+01 0.1640E+05 0.1973E+01  6.946 0.0000 0.2000E-04 0.1000E+01
1945 0.5161E+00 0.1660E+03 0.9007E-08 0.7982E+01 0.1632E+05 0.1977E+01  6.935 0.0000 0.2000E-04 0.1000E+01
1950 0.5279E+00 0.1651E+03 0.8786E-08 0.7973E+01 0.1624E+05 0.1980E+01  6.924 0.0000 0.2000E-04 0.1000E+01
1955 0.5400E+00 0.1641E+03 0.8572E-08 0.7963E+01 0.1615E+05 0.1984E+01  6.913 0.0000 0.2000E-04 0.1000E+01
1960 0.5500E+00 0.1634E+03 0.8400E-08 0.7955E+01 0.1608E+05 0.1987E+01  6.904 0.0000 0.2000E-04 0.1000E+01
1960 0.5500E+00 0.1634E+03 0.8400E-08 0.7955E+01 0.1608E+05 0.1987E+01  6.904 0.0000 0.2000E-04 0.1000E+01
1965 0.5625E+00 0.1625E+03 0.8195E-08 0.7945E+01 0.1600E+05 0.1991E+01  6.893 0.0000 0.2000E-04 0.1000E+01
1970 0.5752E+00 0.1616E+03 0.7995E-08 0.7935E+01 0.1591E+05 0.1995E+01  6.882 0.0000 0.2000E-04 0.1000E+01
1975 0.5881E+00 0.1607E+03 0.7799E-08 0.7926E+01 0.1583E+05 0.1998E+01  6.871 0.0000 0.2000E-04 0.1000E+01
1980 0.6000E+00 0.1599E+03 0.7627E-08 0.7917E+01 0.1576E+05 0.2002E+01  6.862 0.0000 0.2000E-04 0.1000E+01
1980 0.6000E+00 0.1599E+03 0.7627E-08 0.7917E+01 0.1576E+05 0.2002E+01  6.862 0.0000 0.2000E-04 0.1000E+01
1985 0.6135E+00 0.1590E+03 0.7441E-08 0.7908E+01 0.1568E+05 0.2005E+01  6.851 0.0000 0.2000E-04 0.1000E+01
1990 0.6272E+00 0.1581E+03 0.7259E-08 0.7899E+01 0.1560E+05 0.2009E+01  6.840 0.0000 0.2000E-04 0.1000E+01
1995 0.6412E+00 0.1572E+03 0.7082E-08 0.7889E+01 0.1552E+05 0.2013E+01  6.829 0.0000 0.2000E-04 0.1000E+01
1999 0.6500E+00 0.1567E+03 0.6974E-08 0.7883E+01 0.1547E+05 0.2015E+01  6.822 0.0000 0.2000E-04 0.1000E+01
2000 0.6529E+00 0.1565E+03 0.6939E-08 0.7882E+01 0.1546E+05 0.2015E+01  6.820 0.0000 0.2000E-04 0.1000E+01
2005 0.6674E+00 0.1556E+03 0.6770E-08 0.7872E+01 0.1538E+05 0.2019E+01  6.809 0.0000 0.2000E-04 0.1000E+01
2010 0.6822E+00 0.1548E+03 0.6605E-08 0.7863E+01 0.1530E+05 0.2023E+01  6.798 0.0000 0.2000E-04 0.1000E+01
2015 0.6973E+00 0.1539E+03 0.6444E-08 0.7854E+01 0.1522E+05 0.2026E+01  6.788 0.0000 0.2000E-04 0.1000E+01
2016 0.7000E+00 0.1537E+03 0.6416E-08 0.7853E+01 0.1521E+05 0.2027E+01  6.786 0.0000 0.2000E-04 0.1000E+01
2020 0.7123E+00 0.1531E+03 0.6290E-08 0.7845E+01 0.1515E+05 0.2029E+01  6.777 0.0000 0.2000E-04 0.1000E+01
2025 0.7281E+00 0.1522E+03 0.6137E-08 0.7836E+01 0.1508E+05 0.2033E+01  6.766 0.0000 0.2000E-04 0.1000E+01
2030 0.7441E+00 0.1513E+03 0.5987E-08 0.7827E+01 0.1500E+05 0.2036E+01  6.755 0.0000 0.2000E-04 0.1000E+01
2032 0.7500E+00 0.1510E+03 0.5934E-08 0.7824E+01 0.1497E+05 0.2038E+01  6.751 0.0000 0.2000E-04 0.1000E+01
2035 0.7598E+00 0.1505E+03 0.5846E-08 0.7819E+01 0.1493E+05 0.2040E+01  6.745 0.0000 0.2000E-04 0.1000E+01
2040 0.7765E+00 0.1497E+03 0.5704E-08 0.7810E+01 0.1486E+05 0.2043E+01  6.734 0.0000 0.2000E-04 0.1000E+01
2045 0.7935E+00 0.1489E+03 0.5565E-08 0.7801E+01 0.1479E+05 0.2046E+01  6.723 0.0000 0.2000E-04 0.1000E+01
2047 0.8000E+00 0.1485E+03 0.5513E-08 0.7798E+01 0.1476E+05 0.2047E+01  6.719 0.0000 0.2000E-04 0.1000E+01
2050 0.8105E+00 0.1480E+03 0.5432E-08 0.7793E+01 0.1472E+05 0.2049E+01  6.712 0.0000 0.2000E-04 0.1000E+01
2055 0.8282E+00 0.1472E+03 0.5299E-08 0.7784E+01 0.1465E+05 0.2052E+01  6.702 0.0000 0.2000E-04 0.1000E+01
2060 0.8462E+00 0.1464E+03 0.5170E-08 0.7776E+01 0.1458E+05 0.2056E+01  6.691 0.0000 0.2000E-04 0.1000E+01
2062 0.8500E+00 0.1462E+03 0.5144E-08 0.7774E+01 0.1457E+05 0.2056E+01  6.688 0.0000 0.2000E-04 0.1000E+01
2065 0.8611E+00 0.1457E+03 0.5068E-08 0.7769E+01 0.1453E+05 0.2058E+01  6.682 0.0000 0.2000E-04 0.1000E+01
2070 0.8798E+00 0.1449E+03 0.4944E-08 0.7760E+01 0.1446E+05 0.2061E+01  6.671 0.0000 0.2000E-04 0.1000E+01
2075 0.8989E+00 0.1441E+03 0.4824E-08 0.7752E+01 0.1439E+05 0.2065E+01  6.660 0.0000 0.2000E-04 0.1000E+01
2076 0.9000E+00 0.1440E+03 0.4817E-08 0.7751E+01 0.1438E+05 0.2065E+01  6.659 0.0000 0.2000E-04 0.1000E+01
2080 0.9156E+00 0.1434E+03 0.4723E-08 0.7745E+01 0.1433E+05 0.2067E+01  6.651 0.0000 0.2000E-04 0.1000E+01
2085 0.9355E+00 0.1426E+03 0.4609E-08 0.7736E+01 0.1426E+05 0.2071E+01  6.640 0.0000 0.2000E-04 0.1000E+01
2089 0.9500E+00 0.1420E+03 0.4528E-08 0.7730E+01 0.1421E+05 0.2073E+01  6.632 0.0000 0.2000E-04 0.1000E+01
2090 0.9541E+00 0.1419E+03 0.4506E-08 0.7729E+01 0.1420E+05 0.2074E+01  6.630 0.0000 0.2000E-04 0.1000E+01
2095 0.9747E+00 0.1411E+03 0.4396E-08 0.7720E+01 0.1413E+05 0.2077E+01  6.619 0.0000 0.2000E-04 0.1000E+01
2100 0.9957E+00 0.1403E+03 0.4290E-08 0.7712E+01 0.1406E+05 0.2080E+01  6.608 0.0000 0.2000E-04 0.1000E+01
2102 0.1000E+01 0.1401E+03 0.4268E-08 0.7711E+01 0.1404E+05 0.2081E+01  6.606 0.0000 0.2000E-04 0.1000E+01
2105 0.1013E+01 0.1396E+03 0.4205E-08 0.7706E+01 0.1400E+05 0.2083E+01  6.599 0.0000 0.2000E-04 0.1000E+01
2110 0.1035E+01 0.1389E+03 0.4104E-08 0.7698E+01 0.1393E+05 0.2086E+01  6.588 0.0000 0.2000E-04 0.1000E+01
2115 0.1057E+01 0.1381E+03 0.4005E-08 0.7690E+01 0.1387E+05 0.2089E+01  6.577 0.0000 0.2000E-04 0.1000E+01
2120 0.1079E+01 0.1373E+03 0.3909E-08 0.7682E+01 0.1380E+05 0.2093E+01  6.566 0.0000 0.2000E-04 0.1000E+01
2125 0.1102E+01 0.1366E+03 0.3815E-08 0.7674E+01 0.1373E+05 0.2096E+01  6.555 0.0000 0.2000E-04 0.1000E+01
2130 0.1126E+01 0.1358E+03 0.3723E-08 0.7666E+01 0.1367E+05 0.2099E+01  6.545 0.0000 0.2000E-04 0.1000E+01
2135 0.1150E+01 0.1351E+03 0.3633E-08 0.7658E+01 0.1361E+05 0.2102E+01  6.534 0.0000 0.2000E-04 0.1000E+01
2140 0.1174E+01 0.1343E+03 0.3546E-08 0.7650E+01 0.1354E+05 0.2105E+01  6.523 0.0000 0.2000E-04 0.1000E+01
2145 0.1199E+01 0.1336E+03 0.3461E-08 0.7643E+01 0.1348E+05 0.2108E+01  6.512 0.0000 0.2000E-04 0.1000E+01
2150 0.1224E+01 0.1328E+03 0.3378E-08 0.7635E+01 0.1341E+05 0.2112E+01  6.501 0.0000 0.2000E-04 0.1000E+01
2155 0.1250E+01 0.1321E+03 0.3297E-08 0.7627E+01 0.1335E+05 0.2115E+01  6.490 0.0000 0.2000E-04 0.1000E+01
2160 0.1276E+01 0.1313E+03 0.3218E-08 0.7620E+01 0.1329E+05 0.2118E+01  6.479 0.0000 0.2000E-04 0.1000E+01
2165 0.1303E+01 0.1306E+03 0.3141E-08 0.7612E+01 0.1322E+05 0.2121E+01  6.469 0.0000 0.2000E-04 0.1000E+01
2170 0.1330E+01 0.1299E+03 0.3066E-08 0.7605E+01 0.1316E+05 0.2125E+01  6.458 0.0000 0.2000E-04 0.1000E+01
2175 0.1358E+01 0.1292E+03 0.2993E-08 0.7598E+01 0.1310E+05 0.2128E+01  6.447 0.0000 0.2000E-04 0.1000E+01
2180 0.1386E+01 0.1285E+03 0.2922E-08 0.7590E+01 0.1303E+05 0.2131E+01  6.436 0.0000 0.2000E-04 0.1000E+01
2185 0.1415E+01 0.1278E+03 0.2852E-08 0.7583E+01 0.1297E+05 0.2135E+01  6.425 0.0000 0.2000E-04 0.1000E+01
2190 0.1445E+01 0.1271E+03 0.2785E-08 0.7576E+01 0.1290E+05 0.2138E+01  6.414 0.0000 0.2000E-04 0.1000E+01
2195 0.1475E+01 0.1264E+03 0.2719E-08 0.7568E+01 0.1284E+05 0.2142E+01  6.403 0.0000 0.2000E-04 0.1000E+01
2200 0.1500E+01 0.1258E+03 0.2666E-08 0.7562E+01 0.1279E+05 0.2144E+01  6.394 0.0000 0.2000E-04 0.1000E+01
2200 0.1500E+01 0.1258E+03 0.2666E-08 0.7562E+01 0.1279E+05 0.2144E+01  6.394 0.0000 0.2000E-04 0.1000E+01
2205 0.1531E+01 0.1251E+03 0.2602E-08 0.7555E+01 0.1272E+05 0.2148E+01  6.383 0.0000 0.2000E-04 0.1000E+01
2210 0.1563E+01 0.1244E+03 0.2541E-08 0.7548E+01 0.1266E+05 0.2151E+01  6.372 0.0000 0.2000E-04 0.1000E+01
2215 0.1595E+01 0.1237E+03 0.2480E-08 0.7541E+01 0.1260E+05 0.2155E+01  6.362 0.0000 0.2000E-04 0.1000E+01
2220 0.1628E+01 0.1230E+03 0.2422E-08 0.7534E+01 0.1253E+05 0.2159E+01  6.351 0.0000 0.2000E-04 0.1000E+01
2225 0.1662E+01 0.1223E+03 0.2364E-08 0.7527E+01 0.1247E+05 0.2162E+01  6.340 0.0000 0.2000E-04 0.1000E+01
2230 0.1696E+01 0.1217E+03 0.2308E-08 0.7520E+01 0.1240E+05 0.2166E+01  6.329 0.0000 0.2000E-04 0.1000E+01
2235 0.1731E+01 0.1210E+03 0.2253E-08 0.7513E+01 0.1234E+05 0.2170E+01  6.318 0.0000 0.2000E-04 0.1000E+01
2240 0.1767E+01 0.1203E+03 0.2200E-08 0.7506E+01 0.1228E+05 0.2173E+01  6.307 0.0000 0.2000E-04 0.1000E+01
2245 0.1803E+01 0.1197E+03 0.2148E-08 0.7500E+01 0.1221E+05 0.2177E+01  6.296 0.0000 0.2000E-04 0.1000E+01
2250 0.1840E+01 0.1190E+03 0.2098E-08 0.7493E+01 0.1215E+05 0.2181E+01  6.285 0.0000 0.2000E-04 0.1000E+01
2255 0.1877E+01 0.1184E+03 0.2048E-08 0.7486E+01 0.1209E+05 0.2185E+01  6.274 0.0000 0.2000E-04 0.1000E+01
2260 0.1916E+01 0.1177E+03 0.2000E-08 0.7479E+01 0.1202E+05 0.2188E+01  6.263 0.0000 0.2000E-04 0.1000E+01
2265 0.1954E+01 0.1171E+03 0.1953E-08 0.7473E+01 0.1196E+05 0.2192E+01  6.252 0.0000 0.2000E-04 0.1000E+01
2270 0.1994E+01 0.1164E+03 0.1907E-08 0.7466E+01 0.1190E+05 0.2196E+01  6.242 0.0000 0.2000E-04 0.1000E+01
2271 0.2000E+01 0.1163E+03 0.1901E-08 0.7465E+01 0.1189E+05 0.2196E+01  6.240 0.0000 0.2000E-04 0.1000E+01
2275 0.2032E+01 0.1158E+03 0.1865E-08 0.7460E+01 0.1184E+05 0.2199E+01  6.231 0.0000 0.2000E-04 0.1000E+01
2280 0.2073E+01 0.1152E+03 0.1821E-08 0.7454E+01 0.1178E+05 0.2203E+01  6.220 0.0000 0.2000E-04 0.1000E+01
2285 0.2115E+01 0.1146E+03 0.1779E-08 0.7447E+01 0.1172E+05 0.2207E+01  6.210 0.0000 0.2000E-04 0.1000E+01
2290 0.2158E+01 0.1139E+03 0.1737E-08 0.7441E+01 0.1165E+05 0.2211E+01  6.199 0.0000 0.2000E-04 0.1000E+01
2295 0.2201E+01 0.1133E+03 0.1697E-08 0.7434E+01 0.1159E+05 0.2215E+01  6.188 0.0000 0.2000E-04 0.1000E+01
2300 0.2246E+01 0.1127E+03 0.1657E-08 0.7428E+01 0.1153E+05 0.2219E+01  6.177 0.0000 0.2000E-04 0.1000E+01
2305 0.2291E+01 0.1121E+03 0.1619E-08 0.7422E+01 0.1147E+05 0.2223E+01  6.166 0.0000 0.2000E-04 0.1000E+01
2310 0.2336E+01 0.1115E+03 0.1581E-08 0.7415E+01 0.1140E+05 0.2227E+01  6.155 0.0000 0.2000E-04 0.1000E+01
2315 0.2383E+01 0.1109E+03 0.1544E-08 0.7409E+01 0.1134E+05 0.2231E+01  6.144 0.0000 0.2000E-04 0.1000E+01
2320 0.2431E+01 0.1103E+03 0.1509E-08 0.7403E+01 0.1128E+05 0.2235E+01  6.133 0.0000 0.2000E-04 0.1000E+01
2325 0.2479E+01 0.1097E+03 0.1474E-08 0.7397E+01 0.1122E+05 0.2239E+01  6.123 0.0000 0.2000E-04 0.1000E+01
2328 0.2500E+01 0.1094E+03 0.1459E-08 0.7394E+01 0.1119E+05 0.2241E+01  6.118 0.0000 0.2000E-04 0.1000E+01
2330 0.2520E+01 0.1092E+03 0.1445E-08 0.7392E+01 0.1117E+05 0.2242E+01  6.114 0.0000 0.2000E-04 0.1000E+01
2335 0.2570E+01 0.1086E+03 0.1412E-08 0.7386E+01 0.1111E+05 0.2246E+01  6.103 0.0000 0.2000E-04 0.1000E+01
2340 0.2621E+01 0.1080E+03 0.1379E-08 0.7380E+01 0.1105E+05 0.2250E+01  6.092 0.0000 0.2000E-04 0.1000E+01
2345 0.2673E+01 0.1074E+03 0.1348E-08 0.7374E+01 0.1099E+05 0.2254E+01  6.081 0.0000 0.2000E-04 0.1000E+01
2350 0.2726E+01 0.1068E+03 0.1316E-08 0.7368E+01 0.1093E+05 0.2258E+01  6.070 0.0000 0.2000E-04 0.1000E+01
2355 0.2780E+01 0.1062E+03 0.1286E-08 0.7362E+01 0.1087E+05 0.2262E+01  6.059 0.0000 0.2000E-04 0.1000E+01
2360 0.2835E+01 0.1057E+03 0.1256E-08 0.7356E+01 0.1081E+05 0.2266E+01  6.048 0.0000 0.2000E-04 0.1000E+01
2365 0.2891E+01 0.1051E+03 0.1227E-08 0.7350E+01 0.1075E+05 0.2270E+01  6.037 0.0000 0.2000E-04 0.1000E+01
2370 0.2948E+01 0.1045E+03 0.1199E-08 0.7344E+01 0.1069E+05 0.2274E+01  6.026 0.0000 0.2000E-04 0.1000E+01
2375 0.3000E+01 0.1040E+03 0.1174E-08 0.7339E+01 0.1064E+05 0.2278E+01  6.017 0.0000 0.2000E-04 0.1000E+01
2375 0.3000E+01 0.1040E+03 0.1174E-08 0.7339E+01 0.1064E+05 0.2278E+01  6.017 0.0000 0.2000E-04 0.1000E+01
2380 0.3059E+01 0.1035E+03 0.1148E-08 0.7333E+01 0.1058E+05 0.2282E+01  6.006 0.0000 0.2000E-04 0.1000E+01
2385 0.3119E+01 0.1029E+03 0.1122E-08 0.7327E+01 0.1052E+05 0.2286E+01  5.995 0.0000 0.2000E-04 0.1000E+01
2390 0.3177E+01 0.1031E+03 0.1127E-08 0.7322E+01 0.1047E+05 0.2290E+01  5.985 0.0000 0.2000E-04 0.1000E+01
2395 0.3235E+01 0.1025E+03 0.1102E-08 0.7317E+01 0.1041E+05 0.2294E+01  5.974 0.0000 0.2000E-04 0.1000E+01
2400 0.3297E+01 0.1020E+03 0.1077E-08 0.7311E+01 0.1035E+05 0.2298E+01  5.963 0.0000 0.2000E-04 0.1000E+01
2405 0.3359E+01 0.1014E+03 0.1052E-08 0.7305E+01 0.1030E+05 0.2302E+01  5.952 0.0000 0.2000E-04 0.1000E+01
2410 0.3423E+01 0.1009E+03 0.1029E-08 0.7300E+01 0.1024E+05 0.2306E+01  5.941 0.0000 0.2000E-04 0.1000E+01
2415 0.3488E+01 0.1004E+03 0.1006E-08 0.7294E+01 0.1019E+05 0.2310E+01  5.931 0.0000 0.2000E-04 0.1000E+01
2416 0.3500E+01 0.1003E+03 0.1001E-08 0.7293E+01 0.1018E+05 0.2310E+01  5.928 0.0000 0.2000E-04 0.1000E+01
2420 0.3553E+01 0.9988E+02 0.9848E-09 0.7289E+01 0.1013E+05 0.2313E+01  5.920 0.0000 0.2000E-04 0.1000E+01
2425 0.3620E+01 0.9935E+02 0.9626E-09 0.7284E+01 0.1008E+05 0.2317E+01  5.910 0.0000 0.2000E-04 0.1000E+01
2430 0.3688E+01 0.9882E+02 0.9409E-09 0.7278E+01 0.1002E+05 0.2321E+01  5.899 0.0000 0.2000E-04 0.1000E+01
2435 0.3758E+01 0.9829E+02 0.9197E-09 0.7273E+01 0.9969E+04 0.2325E+01  5.888 0.0000 0.2000E-04 0.1000E+01
2440 0.3829E+01 0.9777E+02 0.8990E-09 0.7268E+01 0.9915E+04 0.2329E+01  5.877 0.0000 0.2000E-04 0.1000E+01
2445 0.3901E+01 0.9725E+02 0.8788E-09 0.7262E+01 0.9860E+04 0.2333E+01  5.866 0.0000 0.2000E-04 0.1000E+01
2450 0.3974E+01 0.9674E+02 0.8591E-09 0.7257E+01 0.9806E+04 0.2337E+01  5.855 0.0000 0.2000E-04 0.1000E+01
2452 0.4000E+01 0.9656E+02 0.8522E-09 0.7255E+01 0.9787E+04 0.2338E+01  5.851 0.0000 0.2000E-04 0.1000E+01
2455 0.4045E+01 0.9625E+02 0.8408E-09 0.7252E+01 0.9755E+04 0.2340E+01  5.845 0.0000 0.2000E-04 0.1000E+01
2460 0.4121E+01 0.9575E+02 0.8220E-09 0.7247E+01 0.9701E+04 0.2344E+01  5.834 0.0000 0.2000E-04 0.1000E+01
2465 0.4198E+01 0.9524E+02 0.8037E-09 0.7242E+01 0.9648E+04 0.2348E+01  5.823 0.0000 0.2000E-04 0.1000E+01
2470 0.4276E+01 0.9474E+02 0.7858E-09 0.7237E+01 0.9596E+04 0.2352E+01  5.812 0.0000 0.2000E-04 0.1000E+01
2475 0.4356E+01 0.9424E+02 0.7683E-09 0.7232E+01 0.9543E+04 0.2356E+01  5.801 0.0000 0.2000E-04 0.1000E+01
2480 0.4437E+01 0.9375E+02 0.7512E-09 0.7227E+01 0.9491E+04 0.2359E+01  5.790 0.0000 0.2000E-04 0.1000E+01
2484 0.4500E+01 0.9337E+02 0.7385E-09 0.7223E+01 0.9452E+04 0.2362E+01  5.782 0.0000 0.2000E-04 0.1000E+01
2485 0.4517E+01 0.9328E+02 0.7352E-09 0.7222E+01 0.9442E+04 0.2363E+01  5.780 0.0000 0.2000E-04 0.1000E+01
2490 0.4601E+01 0.9279E+02 0.7189E-09 0.7217E+01 0.9390E+04 0.2367E+01  5.769 0.0000 0.2000E-04 0.1000E+01
2495 0.4686E+01 0.9230E+02 0.7029E-09 0.7212E+01 0.9339E+04 0.2370E+01  5.758 0.0000 0.2000E-04 0.1000E+01
2500 0.4774E+01 0.9181E+02 0.6874E-09 0.7207E+01 0.9289E+04 0.2374E+01  5.747 0.0000 0.2000E-04 0.1000E+01
2505 0.4862E+01 0.9133E+02 0.6721E-09 0.7202E+01 0.9238E+04 0.2378E+01  5.736 0.0000 0.2000E-04 0.1000E+01
2510 0.4953E+01 0.9085E+02 0.6572E-09 0.7197E+01 0.9188E+04 0.2381E+01  5.725 0.0000 0.2000E-04 0.1000E+01
2513 0.5000E+01 0.9060E+02 0.6496E-09 0.7195E+01 0.9163E+04 0.2383E+01  5.720 0.0000 0.2000E-04 0.1000E+01
2515 0.5037E+01 0.9041E+02 0.6438E-09 0.7193E+01 0.9143E+04 0.2385E+01  5.715 0.0000 0.2000E-04 0.1000E+01
2520 0.5130E+01 0.8994E+02 0.6296E-09 0.7188E+01 0.9093E+04 0.2388E+01  5.704 0.0000 0.2000E-04 0.1000E+01
2525 0.5226E+01 0.8947E+02 0.6156E-09 0.7183E+01 0.9044E+04 0.2392E+01  5.694 0.0000 0.2000E-04 0.1000E+01
2530 0.5322E+01 0.8900E+02 0.6021E-09 0.7178E+01 0.8995E+04 0.2396E+01  5.683 0.0000 0.2000E-04 0.1000E+01
2535 0.5421E+01 0.8853E+02 0.5888E-09 0.7173E+01 0.8947E+04 0.2399E+01  5.672 0.0000 0.2000E-04 0.1000E+01
2539 0.5500E+01 0.8817E+02 0.5785E-09 0.7170E+01 0.8908E+04 0.2402E+01  5.663 0.0000 0.2000E-04 0.1000E+01
2540 0.5520E+01 0.8808E+02 0.5759E-09 0.7169E+01 0.8899E+04 0.2403E+01  5.661 0.0000 0.2000E-04 0.1000E+01
2545 0.5622E+01 0.8762E+02 0.5633E-09 0.7164E+01 0.8851E+04 0.2406E+01  5.650 0.0000 0.2000E-04 0.1000E+01
2550 0.5725E+01 0.8716E+02 0.5510E-09 0.7159E+01 0.8803E+04 0.2410E+01  5.639 0.0000 0.2000E-04 0.1000E+01
2555 0.5830E+01 0.8671E+02 0.5389E-09 0.7155E+01 0.8756E+04 0.2413E+01  5.628 0.0000 0.2000E-04 0.1000E+01
2560 0.5937E+01 0.8626E+02 0.5272E-09 0.7150E+01 0.8709E+04 0.2417E+01  5.617 0.0000 0.2000E-04 0.1000E+01
2563 0.6000E+01 0.8600E+02 0.5204E-09 0.7148E+01 0.8682E+04 0.2419E+01  5.611 0.0000 0.2000E-04 0.1000E+01
2565 0.6044E+01 0.8582E+02 0.5159E-09 0.7146E+01 0.8663E+04 0.2420E+01  5.606 0.0000 0.2000E-04 0.1000E+01
2570 0.6154E+01 0.8538E+02 0.5047E-09 0.7141E+01 0.8616E+04 0.2423E+01  5.596 0.0000 0.2000E-04 0.1000E+01
2575 0.6266E+01 0.8494E+02 0.4937E-09 0.7137E+01 0.8570E+04 0.2427E+01  5.585 0.0000 0.2000E-04 0.1000E+01
2580 0.6380E+01 0.8450E+02 0.4830E-09 0.7132E+01 0.8524E+04 0.2430E+01  5.574 0.0000 0.2000E-04 0.1000E+01
2585 0.6495E+01 0.8407E+02 0.4726E-09 0.7128E+01 0.8479E+04 0.2433E+01  5.563 0.0000 0.2000E-04 0.1000E+01
2586 0.6500E+01 0.8405E+02 0.4722E-09 0.7128E+01 0.8477E+04 0.2433E+01  5.563 0.0000 0.2000E-04 0.1000E+01
2590 0.6593E+01 0.8371E+02 0.4641E-09 0.7124E+01 0.8441E+04 0.2436E+01  5.554 0.0000 0.2000E-04 0.1000E+01
2595 0.6710E+01 0.8328E+02 0.4542E-09 0.7120E+01 0.8397E+04 0.2439E+01  5.543 0.0000 0.2000E-04 0.1000E+01
2600 0.6828E+01 0.8287E+02 0.4446E-09 0.7116E+01 0.8353E+04 0.2442E+01  5.533 0.0000 0.2000E-04 0.1000E+01
2605 0.6947E+01 0.8245E+02 0.4354E-09 0.7112E+01 0.8311E+04 0.2446E+01  5.522 0.0000 0.2000E-04 0.1000E+01
