 $INPUT
 IMODEL	=             1
 N	=           120
 MINSTP	=             0
 VEOS	=  1.000000000000000
 ILOOP	=             1
 STATIC	=   F
 FRACT	=  3.0000000000000001E-03
 SHINE	=  0.3000000000000000
 SHAVE	=  9.9999999999999995E-08
 POUT	=  5000000.000000000
 AMETH	=             2
 CMETH	=             1
 NOBOND	=             1
 TBEG	=  5.0000000000000004E-06
 TIMEF	=  20.00000000000000
 DTIMEO	=  5.0000000000000003E-02
 STEPO	=  0.5000000000000000
 LCORR	=   T
 LSTART	=   F
 MAXSTP	=         10000
 SPK	=  16.80000000000000
 STARL	=  0.0000000000000000E+00
 DIST	=  5.200000000000000
 ALB	=  0.3500000000000000
 TEFFS	=  5770.000000000000
 LCONV	=   T
 LTRANS	=   T
 LPOUT	=   F
 LFILL	=   F
 LCONT	=   T
 LBURN	=   T
 MAG	=  'O '
 GAM	=  '7X'
 MASS	=  119.3520000000000
 YHEA	=  0.2500000000000000
 YDI	=  2.0000000000000002E-05
 HB	=  1.000000000000000
 $end
 
 
 Gam,Mass,Yhe,Ydi,Dist,starl,alb=  7X 119.352   0.250 0.200E-04 0.520E+01 0.000E+00 0.350E+00
  I  Time(Gyrs) Teff        Lumin      Rad(Gcm)  Tc         Rhoc       S      Ratio  Yd         Yl


   5 0.1072E-05 0.3760E+04 0.2862E+00 0.8768E+02 0.4107E+06 0.2886E+00 16.785 0.0000 0.2000E-04 0.1000E+01
  10 0.2461E-05 0.3747E+04 0.2770E+00 0.8686E+02 0.4139E+06 0.2957E+00 16.765 0.0000 0.2000E-04 0.1000E+01
  15 0.3909E-05 0.3734E+04 0.2681E+00 0.8605E+02 0.4171E+06 0.3029E+00 16.744 0.0000 0.2000E-04 0.1000E+01
  19 0.0000E+00 0.3724E+04 0.2617E+00 0.8546E+02 0.4195E+06 0.3083E+00 16.728 0.0000 0.2000E-04 0.1000E+01
  20 0.3044E-06 0.3722E+04 0.2600E+00 0.8531E+02 0.4201E+06 0.3098E+00 16.724 0.0000 0.2000E-04 0.1000E+01
  25 0.1866E-05 0.3708E+04 0.2515E+00 0.8452E+02 0.4233E+06 0.3173E+00 16.703 0.0000 0.2000E-04 0.1000E+01
  30 0.3496E-05 0.3689E+04 0.2419E+00 0.8374E+02 0.4265E+06 0.3250E+00 16.683 0.0000 0.2000E-04 0.1000E+01
  35 0.5209E-05 0.3668E+04 0.2321E+00 0.8297E+02 0.4298E+06 0.3328E+00 16.662 0.0000 0.2000E-04 0.1000E+01
  40 0.7007E-05 0.3648E+04 0.2228E+00 0.8221E+02 0.4330E+06 0.3408E+00 16.641 0.0001 0.2000E-04 0.1000E+01
  45 0.8896E-05 0.3627E+04 0.2138E+00 0.8145E+02 0.4362E+06 0.3490E+00 16.620 0.0001 0.2000E-04 0.1000E+01
  50 0.1088E-04 0.3606E+04 0.2052E+00 0.8071E+02 0.4394E+06 0.3574E+00 16.600 0.0001 0.2000E-04 0.1000E+01
  55 0.1295E-04 0.3586E+04 0.1969E+00 0.7998E+02 0.4427E+06 0.3659E+00 16.579 0.0001 0.2000E-04 0.1000E+01
  60 0.1513E-04 0.3565E+04 0.1890E+00 0.7925E+02 0.4459E+06 0.3747E+00 16.558 0.0001 0.2000E-04 0.1000E+01
  65 0.1743E-04 0.3545E+04 0.1814E+00 0.7853E+02 0.4492E+06 0.3836E+00 16.537 0.0001 0.2000E-04 0.1000E+01
  70 0.1984E-04 0.3525E+04 0.1741E+00 0.7782E+02 0.4524E+06 0.3927E+00 16.517 0.0002 0.2000E-04 0.1000E+01
  75 0.2236E-04 0.3505E+04 0.1672E+00 0.7712E+02 0.4557E+06 0.4020E+00 16.496 0.0002 0.2000E-04 0.1000E+01
  80 0.2501E-04 0.3486E+04 0.1606E+00 0.7643E+02 0.4590E+06 0.4116E+00 16.475 0.0002 0.2000E-04 0.1000E+01
  85 0.2779E-04 0.3467E+04 0.1543E+00 0.7574E+02 0.4623E+06 0.4213E+00 16.454 0.0003 0.2000E-04 0.1000E+01
  90 0.3070E-04 0.3448E+04 0.1483E+00 0.7506E+02 0.4656E+06 0.4312E+00 16.434 0.0003 0.2000E-04 0.1000E+01
  95 0.3375E-04 0.3429E+04 0.1425E+00 0.7440E+02 0.4689E+06 0.4413E+00 16.413 0.0004 0.2000E-04 0.1000E+01
 100 0.3696E-04 0.3410E+04 0.1369E+00 0.7373E+02 0.4722E+06 0.4517E+00 16.392 0.0005 0.2000E-04 0.1000E+01
 105 0.4032E-04 0.3392E+04 0.1317E+00 0.7308E+02 0.4756E+06 0.4623E+00 16.371 0.0006 0.2000E-04 0.1000E+01
 110 0.4384E-04 0.3374E+04 0.1267E+00 0.7243E+02 0.4789E+06 0.4732E+00 16.350 0.0007 0.2000E-04 0.1000E+01
 115 0.4754E-04 0.3357E+04 0.1219E+00 0.7178E+02 0.4823E+06 0.4843E+00 16.330 0.0008 0.2000E-04 0.1000E+01
 120 0.5140E-04 0.3340E+04 0.1173E+00 0.7115E+02 0.4856E+06 0.4956E+00 16.309 0.0009 0.2000E-04 0.1000E+01
 125 0.5545E-04 0.3323E+04 0.1130E+00 0.7052E+02 0.4890E+06 0.5072E+00 16.288 0.0011 0.2000E-04 0.1000E+01
 130 0.5968E-04 0.3306E+04 0.1088E+00 0.6990E+02 0.4924E+06 0.5190E+00 16.267 0.0013 0.2000E-04 0.1000E+01
 135 0.6412E-04 0.3290E+04 0.1047E+00 0.6928E+02 0.4958E+06 0.5312E+00 16.246 0.0015 0.2000E-04 0.1000E+01
 140 0.6876E-04 0.3274E+04 0.1009E+00 0.6867E+02 0.4992E+06 0.5436E+00 16.225 0.0018 0.2000E-04 0.1000E+01
 145 0.7363E-04 0.3258E+04 0.9728E-01 0.6807E+02 0.5026E+06 0.5562E+00 16.204 0.0021 0.2000E-04 0.1000E+01
 150 0.7871E-04 0.3243E+04 0.9381E-01 0.6747E+02 0.5061E+06 0.5692E+00 16.183 0.0025 0.2000E-04 0.1000E+01
 155 0.8403E-04 0.3229E+04 0.9051E-01 0.6688E+02 0.5096E+06 0.5825E+00 16.162 0.0029 0.2000E-04 0.1000E+01
 160 0.8959E-04 0.3214E+04 0.8735E-01 0.6629E+02 0.5131E+06 0.5960E+00 16.141 0.0034 0.2000E-04 0.1000E+01
 165 0.9540E-04 0.3200E+04 0.8430E-01 0.6571E+02 0.5166E+06 0.6099E+00 16.120 0.0040 0.2000E-04 0.1000E+01
 170 0.1015E-03 0.3186E+04 0.8138E-01 0.6514E+02 0.5202E+06 0.6241E+00 16.099 0.0047 0.2000E-04 0.1000E+01
 175 0.1078E-03 0.3172E+04 0.7860E-01 0.6457E+02 0.5237E+06 0.6386E+00 16.078 0.0055 0.2000E-04 0.1000E+01
 180 0.1144E-03 0.3160E+04 0.7606E-01 0.6401E+02 0.5273E+06 0.6535E+00 16.057 0.0064 0.2000E-04 0.1000E+01
 185 0.1213E-03 0.3148E+04 0.7367E-01 0.6345E+02 0.5310E+06 0.6687E+00 16.036 0.0075 0.2000E-04 0.1000E+01
 190 0.1285E-03 0.3137E+04 0.7139E-01 0.6290E+02 0.5346E+06 0.6843E+00 16.015 0.0087 0.1999E-04 0.1000E+01
 195 0.1360E-03 0.3127E+04 0.6922E-01 0.6236E+02 0.5383E+06 0.7002E+00 15.994 0.0102 0.1999E-04 0.1000E+01
 200 0.1438E-03 0.3117E+04 0.6714E-01 0.6182E+02 0.5420E+06 0.7165E+00 15.973 0.0118 0.1999E-04 0.1000E+01
 205 0.1518E-03 0.3106E+04 0.6509E-01 0.6128E+02 0.5457E+06 0.7332E+00 15.951 0.0138 0.1999E-04 0.1000E+01
 210 0.1603E-03 0.3096E+04 0.6314E-01 0.6075E+02 0.5495E+06 0.7502E+00 15.930 0.0161 0.1999E-04 0.1000E+01
 215 0.1690E-03 0.3086E+04 0.6126E-01 0.6022E+02 0.5533E+06 0.7678E+00 15.909 0.0187 0.1999E-04 0.1000E+01
 220 0.1782E-03 0.3077E+04 0.5952E-01 0.5970E+02 0.5572E+06 0.7857E+00 15.888 0.0217 0.1999E-04 0.1000E+01
 225 0.1877E-03 0.3068E+04 0.5784E-01 0.5919E+02 0.5610E+06 0.8041E+00 15.866 0.0252 0.1998E-04 0.1000E+01
 230 0.1976E-03 0.3060E+04 0.5624E-01 0.5868E+02 0.5649E+06 0.8229E+00 15.845 0.0293 0.1998E-04 0.1000E+01
 235 0.2079E-03 0.3052E+04 0.5471E-01 0.5817E+02 0.5689E+06 0.8422E+00 15.824 0.0340 0.1998E-04 0.1000E+01
 240 0.2187E-03 0.3045E+04 0.5325E-01 0.5767E+02 0.5728E+06 0.8619E+00 15.802 0.0394 0.1997E-04 0.1000E+01
 245 0.2299E-03 0.3038E+04 0.5185E-01 0.5717E+02 0.5769E+06 0.8821E+00 15.781 0.0457 0.1997E-04 0.1000E+01
 250 0.2415E-03 0.3030E+04 0.5045E-01 0.5668E+02 0.5809E+06 0.9029E+00 15.759 0.0530 0.1996E-04 0.1000E+01
 255 0.2537E-03 0.3023E+04 0.4914E-01 0.5619E+02 0.5850E+06 0.9241E+00 15.738 0.0613 0.1996E-04 0.1000E+01
 260 0.2665E-03 0.3018E+04 0.4795E-01 0.5571E+02 0.5891E+06 0.9459E+00 15.716 0.0709 0.1995E-04 0.1000E+01
 265 0.2798E-03 0.3013E+04 0.4682E-01 0.5523E+02 0.5933E+06 0.9682E+00 15.695 0.0820 0.1994E-04 0.1000E+01
 270 0.2936E-03 0.3008E+04 0.4574E-01 0.5476E+02 0.5975E+06 0.9910E+00 15.673 0.0947 0.1993E-04 0.1000E+01
 275 0.3081E-03 0.3004E+04 0.4471E-01 0.5429E+02 0.6017E+06 0.1014E+01 15.652 0.1093 0.1992E-04 0.1000E+01
 280 0.3234E-03 0.3000E+04 0.4371E-01 0.5382E+02 0.6060E+06 0.1038E+01 15.630 0.1262 0.1990E-04 0.1000E+01
 285 0.3394E-03 0.2997E+04 0.4276E-01 0.5336E+02 0.6104E+06 0.1063E+01 15.609 0.1455 0.1988E-04 0.1000E+01
 290 0.3563E-03 0.2993E+04 0.4183E-01 0.5291E+02 0.6147E+06 0.1088E+01 15.587 0.1678 0.1986E-04 0.1000E+01
 295 0.3743E-03 0.2990E+04 0.4094E-01 0.5245E+02 0.6191E+06 0.1114E+01 15.566 0.1933 0.1984E-04 0.1000E+01
 300 0.3934E-03 0.2986E+04 0.4007E-01 0.5200E+02 0.6236E+06 0.1140E+01 15.544 0.2227 0.1980E-04 0.1000E+01
 305 0.4139E-03 0.2983E+04 0.3920E-01 0.5156E+02 0.6281E+06 0.1167E+01 15.522 0.2566 0.1977E-04 0.1000E+01
 310 0.4360E-03 0.2980E+04 0.3837E-01 0.5112E+02 0.6326E+06 0.1195E+01 15.501 0.2954 0.1972E-04 0.1000E+01
 315 0.4602E-03 0.2977E+04 0.3758E-01 0.5069E+02 0.6372E+06 0.1223E+01 15.479 0.3396 0.1967E-04 0.1000E+01
 320 0.4868E-03 0.2974E+04 0.3681E-01 0.5025E+02 0.6418E+06 0.1252E+01 15.457 0.3901 0.1960E-04 0.1000E+01
 325 0.5168E-03 0.2972E+04 0.3608E-01 0.4983E+02 0.6465E+06 0.1282E+01 15.436 0.4474 0.1951E-04 0.1000E+01
 330 0.5513E-03 0.2970E+04 0.3537E-01 0.4940E+02 0.6512E+06 0.1312E+01 15.414 0.5124 0.1940E-04 0.1000E+01
 335 0.5920E-03 0.2968E+04 0.3469E-01 0.4899E+02 0.6559E+06 0.1344E+01 15.392 0.5852 0.1925E-04 0.1000E+01
 340 0.6421E-03 0.2967E+04 0.3404E-01 0.4858E+02 0.6607E+06 0.1375E+01 15.371 0.6656 0.1904E-04 0.1000E+01
 345 0.7031E-03 0.2965E+04 0.3345E-01 0.4820E+02 0.6651E+06 0.1405E+01 15.351 0.7463 0.1877E-04 0.1000E+01
 350 0.7603E-03 0.2965E+04 0.3305E-01 0.4793E+02 0.6682E+06 0.1427E+01 15.337 0.8047 0.1848E-04 0.1000E+01
 355 0.8138E-03 0.2964E+04 0.3277E-01 0.4774E+02 0.6705E+06 0.1442E+01 15.327 0.8459 0.1821E-04 0.1000E+01
 360 0.8645E-03 0.2963E+04 0.3253E-01 0.4760E+02 0.6723E+06 0.1455E+01 15.319 0.8772 0.1794E-04 0.1000E+01
 365 0.9133E-03 0.2963E+04 0.3237E-01 0.4749E+02 0.6736E+06 0.1464E+01 15.313 0.8976 0.1767E-04 0.1000E+01
 370 0.9607E-03 0.2963E+04 0.3224E-01 0.4740E+02 0.6747E+06 0.1472E+01 15.308 0.9119 0.1740E-04 0.1000E+01
 375 0.1007E-02 0.2963E+04 0.3213E-01 0.4732E+02 0.6756E+06 0.1478E+01 15.304 0.9221 0.1714E-04 0.1000E+01
 380 0.1052E-02 0.2962E+04 0.3203E-01 0.4726E+02 0.6764E+06 0.1484E+01 15.301 0.9294 0.1689E-04 0.1000E+01
 385 0.1096E-02 0.2962E+04 0.3194E-01 0.4720E+02 0.6772E+06 0.1489E+01 15.298 0.9345 0.1664E-04 0.1000E+01
 390 0.1140E-02 0.2962E+04 0.3186E-01 0.4714E+02 0.6778E+06 0.1494E+01 15.295 0.9381 0.1639E-04 0.1000E+01
 395 0.1183E-02 0.2962E+04 0.3181E-01 0.4709E+02 0.6785E+06 0.1499E+01 15.292 0.9402 0.1614E-04 0.1000E+01
 400 0.1225E-02 0.2962E+04 0.3174E-01 0.4704E+02 0.6791E+06 0.1503E+01 15.289 0.9419 0.1590E-04 0.1000E+01
 405 0.1267E-02 0.2962E+04 0.3167E-01 0.4700E+02 0.6796E+06 0.1507E+01 15.287 0.9431 0.1567E-04 0.1000E+01
 410 0.1308E-02 0.2962E+04 0.3160E-01 0.4695E+02 0.6802E+06 0.1511E+01 15.284 0.9437 0.1543E-04 0.1000E+01
 415 0.1348E-02 0.2962E+04 0.3154E-01 0.4691E+02 0.6807E+06 0.1515E+01 15.282 0.9440 0.1520E-04 0.1000E+01
 420 0.1388E-02 0.2962E+04 0.3148E-01 0.4687E+02 0.6813E+06 0.1519E+01 15.280 0.9440 0.1498E-04 0.1000E+01
 425 0.1428E-02 0.2962E+04 0.3142E-01 0.4682E+02 0.6818E+06 0.1522E+01 15.277 0.9438 0.1475E-04 0.1000E+01
 430 0.1467E-02 0.2962E+04 0.3136E-01 0.4678E+02 0.6823E+06 0.1526E+01 15.275 0.9434 0.1453E-04 0.1000E+01
 435 0.1505E-02 0.2962E+04 0.3130E-01 0.4674E+02 0.6828E+06 0.1530E+01 15.273 0.9430 0.1432E-04 0.1000E+01
 440 0.1543E-02 0.2961E+04 0.3124E-01 0.4670E+02 0.6834E+06 0.1534E+01 15.271 0.9424 0.1410E-04 0.1000E+01
 445 0.1581E-02 0.2961E+04 0.3118E-01 0.4666E+02 0.6839E+06 0.1537E+01 15.268 0.9418 0.1389E-04 0.1000E+01
 450 0.1618E-02 0.2961E+04 0.3112E-01 0.4662E+02 0.6844E+06 0.1541E+01 15.266 0.9411 0.1369E-04 0.1000E+01
 455 0.1654E-02 0.2961E+04 0.3107E-01 0.4658E+02 0.6849E+06 0.1545E+01 15.264 0.9404 0.1348E-04 0.1000E+01
 460 0.1691E-02 0.2961E+04 0.3101E-01 0.4654E+02 0.6854E+06 0.1549E+01 15.262 0.9396 0.1328E-04 0.1000E+01
 465 0.1726E-02 0.2961E+04 0.3095E-01 0.4650E+02 0.6859E+06 0.1552E+01 15.259 0.9388 0.1308E-04 0.1000E+01
 470 0.1761E-02 0.2961E+04 0.3090E-01 0.4646E+02 0.6864E+06 0.1556E+01 15.257 0.9380 0.1289E-04 0.1000E+01
 475 0.1796E-02 0.2961E+04 0.3084E-01 0.4642E+02 0.6869E+06 0.1560E+01 15.255 0.9372 0.1270E-04 0.1000E+01
 480 0.1831E-02 0.2961E+04 0.3078E-01 0.4638E+02 0.6874E+06 0.1563E+01 15.253 0.9363 0.1251E-04 0.1000E+01
 485 0.1865E-02 0.2961E+04 0.3073E-01 0.4634E+02 0.6879E+06 0.1567E+01 15.251 0.9354 0.1232E-04 0.1000E+01
 490 0.1898E-02 0.2961E+04 0.3067E-01 0.4630E+02 0.6885E+06 0.1571E+01 15.248 0.9345 0.1214E-04 0.1000E+01
 495 0.1931E-02 0.2961E+04 0.3062E-01 0.4626E+02 0.6890E+06 0.1575E+01 15.246 0.9336 0.1196E-04 0.1000E+01
 500 0.1964E-02 0.2960E+04 0.3056E-01 0.4622E+02 0.6895E+06 0.1578E+01 15.244 0.9327 0.1178E-04 0.1000E+01
 505 0.1997E-02 0.2960E+04 0.3050E-01 0.4618E+02 0.6900E+06 0.1582E+01 15.242 0.9317 0.1160E-04 0.1000E+01
 510 0.2029E-02 0.2960E+04 0.3045E-01 0.4614E+02 0.6905E+06 0.1586E+01 15.240 0.9308 0.1143E-04 0.1000E+01
 515 0.2060E-02 0.2960E+04 0.3039E-01 0.4610E+02 0.6910E+06 0.1590E+01 15.237 0.9299 0.1126E-04 0.1000E+01
 520 0.2091E-02 0.2960E+04 0.3034E-01 0.4606E+02 0.6915E+06 0.1593E+01 15.235 0.9289 0.1109E-04 0.1000E+01
 525 0.2122E-02 0.2960E+04 0.3028E-01 0.4602E+02 0.6920E+06 0.1597E+01 15.233 0.9279 0.1093E-04 0.1000E+01
 530 0.2153E-02 0.2960E+04 0.3022E-01 0.4598E+02 0.6925E+06 0.1601E+01 15.231 0.9269 0.1076E-04 0.1000E+01
 535 0.2183E-02 0.2960E+04 0.3017E-01 0.4595E+02 0.6930E+06 0.1605E+01 15.229 0.9259 0.1060E-04 0.1000E+01
 540 0.2212E-02 0.2960E+04 0.3011E-01 0.4591E+02 0.6935E+06 0.1609E+01 15.227 0.9249 0.1044E-04 0.1000E+01
 545 0.2242E-02 0.2959E+04 0.3006E-01 0.4587E+02 0.6940E+06 0.1612E+01 15.224 0.9238 0.1029E-04 0.1000E+01
 550 0.2271E-02 0.2959E+04 0.3000E-01 0.4583E+02 0.6945E+06 0.1616E+01 15.222 0.9228 0.1014E-04 0.1000E+01
 555 0.2300E-02 0.2959E+04 0.2995E-01 0.4579E+02 0.6950E+06 0.1620E+01 15.220 0.9217 0.9984E-05 0.1000E+01
 560 0.2328E-02 0.2959E+04 0.2989E-01 0.4575E+02 0.6955E+06 0.1624E+01 15.218 0.9206 0.9835E-05 0.1000E+01
 565 0.2356E-02 0.2959E+04 0.2984E-01 0.4571E+02 0.6960E+06 0.1627E+01 15.216 0.9195 0.9689E-05 0.1000E+01
 570 0.2384E-02 0.2959E+04 0.2979E-01 0.4567E+02 0.6965E+06 0.1631E+01 15.214 0.9184 0.9544E-05 0.1000E+01
 575 0.2411E-02 0.2959E+04 0.2973E-01 0.4564E+02 0.6971E+06 0.1635E+01 15.212 0.9172 0.9402E-05 0.1000E+01
 580 0.2438E-02 0.2959E+04 0.2968E-01 0.4560E+02 0.6976E+06 0.1639E+01 15.209 0.9161 0.9262E-05 0.1000E+01
 585 0.2465E-02 0.2959E+04 0.2963E-01 0.4556E+02 0.6981E+06 0.1643E+01 15.207 0.9149 0.9124E-05 0.1000E+01
 590 0.2491E-02 0.2959E+04 0.2958E-01 0.4552E+02 0.6986E+06 0.1647E+01 15.205 0.9137 0.8988E-05 0.1000E+01
 595 0.2517E-02 0.2959E+04 0.2952E-01 0.4548E+02 0.6991E+06 0.1650E+01 15.203 0.9125 0.8854E-05 0.1000E+01
 600 0.2543E-02 0.2959E+04 0.2947E-01 0.4545E+02 0.6996E+06 0.1654E+01 15.201 0.9113 0.8722E-05 0.1000E+01
 605 0.2568E-02 0.2959E+04 0.2942E-01 0.4541E+02 0.7001E+06 0.1658E+01 15.199 0.9101 0.8592E-05 0.1000E+01
 610 0.2593E-02 0.2958E+04 0.2937E-01 0.4537E+02 0.7006E+06 0.1662E+01 15.196 0.9089 0.8464E-05 0.1000E+01
 615 0.2618E-02 0.2958E+04 0.2932E-01 0.4533E+02 0.7011E+06 0.1666E+01 15.194 0.9076 0.8338E-05 0.1000E+01
 620 0.2643E-02 0.2958E+04 0.2926E-01 0.4529E+02 0.7016E+06 0.1670E+01 15.192 0.9064 0.8213E-05 0.1000E+01
 625 0.2667E-02 0.2958E+04 0.2921E-01 0.4526E+02 0.7021E+06 0.1674E+01 15.190 0.9051 0.8091E-05 0.1000E+01
 630 0.2691E-02 0.2958E+04 0.2916E-01 0.4522E+02 0.7026E+06 0.1678E+01 15.188 0.9038 0.7970E-05 0.1000E+01
 635 0.2715E-02 0.2958E+04 0.2911E-01 0.4518E+02 0.7031E+06 0.1681E+01 15.186 0.9025 0.7852E-05 0.1000E+01
 640 0.2738E-02 0.2958E+04 0.2906E-01 0.4514E+02 0.7036E+06 0.1685E+01 15.184 0.9012 0.7735E-05 0.1000E+01
 645 0.2761E-02 0.2958E+04 0.2901E-01 0.4511E+02 0.7041E+06 0.1689E+01 15.182 0.8999 0.7619E-05 0.1000E+01
 650 0.2784E-02 0.2958E+04 0.2896E-01 0.4507E+02 0.7046E+06 0.1693E+01 15.179 0.8986 0.7506E-05 0.1000E+01
 655 0.2807E-02 0.2958E+04 0.2891E-01 0.4503E+02 0.7051E+06 0.1697E+01 15.177 0.8972 0.7394E-05 0.1000E+01
 660 0.2829E-02 0.2958E+04 0.2886E-01 0.4500E+02 0.7056E+06 0.1701E+01 15.175 0.8958 0.7284E-05 0.1000E+01
 665 0.2851E-02 0.2958E+04 0.2881E-01 0.4496E+02 0.7061E+06 0.1705E+01 15.173 0.8944 0.7175E-05 0.1000E+01
 670 0.2873E-02 0.2958E+04 0.2876E-01 0.4492E+02 0.7066E+06 0.1709E+01 15.171 0.8930 0.7068E-05 0.1000E+01
 675 0.2894E-02 0.2958E+04 0.2871E-01 0.4488E+02 0.7071E+06 0.1713E+01 15.169 0.8916 0.6963E-05 0.1000E+01
 680 0.2916E-02 0.2958E+04 0.2866E-01 0.4485E+02 0.7076E+06 0.1717E+01 15.167 0.8902 0.6859E-05 0.1000E+01
 685 0.2937E-02 0.2958E+04 0.2861E-01 0.4481E+02 0.7081E+06 0.1721E+01 15.165 0.8888 0.6757E-05 0.1000E+01
 690 0.2958E-02 0.2957E+04 0.2856E-01 0.4477E+02 0.7086E+06 0.1724E+01 15.163 0.8873 0.6656E-05 0.1000E+01
 695 0.2978E-02 0.2957E+04 0.2851E-01 0.4474E+02 0.7091E+06 0.1728E+01 15.160 0.8858 0.6557E-05 0.1000E+01
 700 0.2999E-02 0.2957E+04 0.2847E-01 0.4470E+02 0.7096E+06 0.1732E+01 15.158 0.8843 0.6459E-05 0.1000E+01
 701 0.3000E-02 0.2957E+04 0.2846E-01 0.4470E+02 0.7097E+06 0.1733E+01 15.158 0.8842 0.6452E-05 0.1000E+01
 705 0.3016E-02 0.2957E+04 0.2842E-01 0.4467E+02 0.7101E+06 0.1736E+01 15.156 0.8830 0.6375E-05 0.1000E+01
 710 0.3036E-02 0.2957E+04 0.2838E-01 0.4463E+02 0.7106E+06 0.1740E+01 15.154 0.8815 0.6280E-05 0.1000E+01
 715 0.3056E-02 0.2957E+04 0.2833E-01 0.4460E+02 0.7111E+06 0.1744E+01 15.152 0.8800 0.6186E-05 0.1000E+01
 720 0.3075E-02 0.2957E+04 0.2828E-01 0.4456E+02 0.7115E+06 0.1748E+01 15.150 0.8784 0.6094E-05 0.1000E+01
 725 0.3094E-02 0.2957E+04 0.2823E-01 0.4453E+02 0.7120E+06 0.1752E+01 15.148 0.8769 0.6003E-05 0.1000E+01
 730 0.3113E-02 0.2957E+04 0.2819E-01 0.4449E+02 0.7125E+06 0.1756E+01 15.146 0.8753 0.5914E-05 0.1000E+01
 735 0.3132E-02 0.2957E+04 0.2814E-01 0.4445E+02 0.7130E+06 0.1760E+01 15.144 0.8737 0.5826E-05 0.1000E+01
 740 0.3151E-02 0.2957E+04 0.2809E-01 0.4442E+02 0.7135E+06 0.1764E+01 15.142 0.8721 0.5739E-05 0.1000E+01
 745 0.3169E-02 0.2957E+04 0.2805E-01 0.4438E+02 0.7140E+06 0.1768E+01 15.140 0.8705 0.5653E-05 0.1000E+01
 750 0.3187E-02 0.2957E+04 0.2800E-01 0.4435E+02 0.7145E+06 0.1772E+01 15.138 0.8688 0.5569E-05 0.1000E+01
 755 0.3205E-02 0.2957E+04 0.2795E-01 0.4431E+02 0.7150E+06 0.1776E+01 15.136 0.8672 0.5486E-05 0.1000E+01
 760 0.3223E-02 0.2957E+04 0.2791E-01 0.4427E+02 0.7155E+06 0.1780E+01 15.134 0.8655 0.5404E-05 0.1000E+01
 765 0.3240E-02 0.2957E+04 0.2786E-01 0.4424E+02 0.7160E+06 0.1784E+01 15.132 0.8639 0.5324E-05 0.1000E+01
 770 0.3258E-02 0.2957E+04 0.2781E-01 0.4420E+02 0.7165E+06 0.1788E+01 15.129 0.8622 0.5244E-05 0.1000E+01
 775 0.3275E-02 0.2957E+04 0.2777E-01 0.4417E+02 0.7170E+06 0.1792E+01 15.127 0.8605 0.5166E-05 0.1000E+01
 780 0.3292E-02 0.2957E+04 0.2772E-01 0.4413E+02 0.7175E+06 0.1796E+01 15.125 0.8587 0.5089E-05 0.1000E+01
 785 0.3309E-02 0.2957E+04 0.2768E-01 0.4410E+02 0.7180E+06 0.1800E+01 15.123 0.8570 0.5013E-05 0.1000E+01
 790 0.3325E-02 0.2957E+04 0.2763E-01 0.4406E+02 0.7185E+06 0.1804E+01 15.121 0.8552 0.4939E-05 0.1000E+01
 795 0.3341E-02 0.2957E+04 0.2759E-01 0.4403E+02 0.7190E+06 0.1808E+01 15.119 0.8534 0.4865E-05 0.1000E+01
 800 0.3358E-02 0.2957E+04 0.2754E-01 0.4399E+02 0.7195E+06 0.1812E+01 15.117 0.8516 0.4793E-05 0.1000E+01
 805 0.3374E-02 0.2957E+04 0.2750E-01 0.4396E+02 0.7200E+06 0.1816E+01 15.115 0.8498 0.4721E-05 0.1000E+01
 810 0.3390E-02 0.2957E+04 0.2745E-01 0.4392E+02 0.7205E+06 0.1820E+01 15.113 0.8480 0.4651E-05 0.1000E+01
 815 0.3405E-02 0.2957E+04 0.2741E-01 0.4389E+02 0.7210E+06 0.1824E+01 15.111 0.8462 0.4581E-05 0.1000E+01
 820 0.3421E-02 0.2957E+04 0.2737E-01 0.4385E+02 0.7215E+06 0.1828E+01 15.109 0.8443 0.4513E-05 0.1000E+01
 825 0.3436E-02 0.2956E+04 0.2732E-01 0.4382E+02 0.7220E+06 0.1832E+01 15.107 0.8425 0.4446E-05 0.1000E+01
 830 0.3451E-02 0.2956E+04 0.2728E-01 0.4379E+02 0.7225E+06 0.1836E+01 15.105 0.8406 0.4380E-05 0.1000E+01
 835 0.3466E-02 0.2956E+04 0.2724E-01 0.4375E+02 0.7229E+06 0.1840E+01 15.103 0.8387 0.4314E-05 0.1000E+01
 840 0.3481E-02 0.2956E+04 0.2719E-01 0.4372E+02 0.7234E+06 0.1844E+01 15.101 0.8367 0.4250E-05 0.1000E+01
 845 0.3495E-02 0.2956E+04 0.2715E-01 0.4368E+02 0.7239E+06 0.1848E+01 15.099 0.8348 0.4187E-05 0.1000E+01
 850 0.3510E-02 0.2956E+04 0.2711E-01 0.4365E+02 0.7244E+06 0.1852E+01 15.097 0.8329 0.4124E-05 0.1000E+01
 855 0.3524E-02 0.2956E+04 0.2706E-01 0.4361E+02 0.7249E+06 0.1856E+01 15.095 0.8309 0.4063E-05 0.1000E+01
 860 0.3538E-02 0.2956E+04 0.2702E-01 0.4358E+02 0.7254E+06 0.1860E+01 15.093 0.8289 0.4002E-05 0.1000E+01
 865 0.3552E-02 0.2956E+04 0.2698E-01 0.4355E+02 0.7259E+06 0.1864E+01 15.091 0.8269 0.3943E-05 0.1000E+01
 870 0.3566E-02 0.2956E+04 0.2694E-01 0.4351E+02 0.7264E+06 0.1868E+01 15.089 0.8249 0.3884E-05 0.1000E+01
 875 0.3580E-02 0.2956E+04 0.2689E-01 0.4348E+02 0.7269E+06 0.1872E+01 15.087 0.8229 0.3826E-05 0.1000E+01
 880 0.3594E-02 0.2956E+04 0.2685E-01 0.4345E+02 0.7273E+06 0.1876E+01 15.085 0.8208 0.3769E-05 0.1000E+01
 885 0.3607E-02 0.2956E+04 0.2681E-01 0.4341E+02 0.7278E+06 0.1880E+01 15.083 0.8188 0.3713E-05 0.1000E+01
 890 0.3620E-02 0.2956E+04 0.2677E-01 0.4338E+02 0.7283E+06 0.1884E+01 15.081 0.8167 0.3657E-05 0.1000E+01
 895 0.3633E-02 0.2956E+04 0.2673E-01 0.4335E+02 0.7288E+06 0.1888E+01 15.079 0.8146 0.3603E-05 0.1000E+01
 900 0.3646E-02 0.2956E+04 0.2669E-01 0.4331E+02 0.7293E+06 0.1893E+01 15.077 0.8125 0.3549E-05 0.1000E+01
 905 0.3659E-02 0.2956E+04 0.2665E-01 0.4328E+02 0.7298E+06 0.1897E+01 15.075 0.8104 0.3496E-05 0.1000E+01
 910 0.3672E-02 0.2956E+04 0.2660E-01 0.4325E+02 0.7303E+06 0.1901E+01 15.073 0.8083 0.3444E-05 0.1000E+01
 915 0.3684E-02 0.2956E+04 0.2656E-01 0.4321E+02 0.7307E+06 0.1905E+01 15.071 0.8061 0.3393E-05 0.1000E+01
 920 0.3697E-02 0.2956E+04 0.2652E-01 0.4318E+02 0.7312E+06 0.1909E+01 15.069 0.8039 0.3342E-05 0.1000E+01
 925 0.3709E-02 0.2956E+04 0.2648E-01 0.4315E+02 0.7317E+06 0.1913E+01 15.067 0.8017 0.3293E-05 0.1000E+01
 930 0.3721E-02 0.2956E+04 0.2644E-01 0.4312E+02 0.7322E+06 0.1917E+01 15.065 0.7995 0.3243E-05 0.1000E+01
 935 0.3733E-02 0.2956E+04 0.2640E-01 0.4308E+02 0.7327E+06 0.1921E+01 15.063 0.7973 0.3195E-05 0.1000E+01
 940 0.3745E-02 0.2956E+04 0.2636E-01 0.4305E+02 0.7331E+06 0.1925E+01 15.061 0.7951 0.3148E-05 0.1000E+01
 945 0.3757E-02 0.2956E+04 0.2632E-01 0.4302E+02 0.7336E+06 0.1929E+01 15.059 0.7929 0.3101E-05 0.1000E+01
 950 0.3769E-02 0.2956E+04 0.2628E-01 0.4299E+02 0.7341E+06 0.1933E+01 15.057 0.7906 0.3054E-05 0.1000E+01
 955 0.3780E-02 0.2956E+04 0.2624E-01 0.4295E+02 0.7346E+06 0.1937E+01 15.055 0.7883 0.3009E-05 0.1000E+01
 960 0.3791E-02 0.2956E+04 0.2620E-01 0.4292E+02 0.7351E+06 0.1941E+01 15.054 0.7861 0.2964E-05 0.1000E+01
 965 0.3803E-02 0.2956E+04 0.2617E-01 0.4289E+02 0.7355E+06 0.1945E+01 15.052 0.7838 0.2920E-05 0.1000E+01
 970 0.3814E-02 0.2956E+04 0.2613E-01 0.4286E+02 0.7360E+06 0.1950E+01 15.050 0.7814 0.2876E-05 0.1000E+01
 975 0.3825E-02 0.2956E+04 0.2609E-01 0.4283E+02 0.7365E+06 0.1954E+01 15.048 0.7791 0.2833E-05 0.1000E+01
 980 0.3836E-02 0.2956E+04 0.2605E-01 0.4279E+02 0.7370E+06 0.1958E+01 15.046 0.7768 0.2791E-05 0.1000E+01
 985 0.3847E-02 0.2956E+04 0.2601E-01 0.4276E+02 0.7374E+06 0.1962E+01 15.044 0.7744 0.2750E-05 0.1000E+01
 990 0.3857E-02 0.2956E+04 0.2597E-01 0.4273E+02 0.7379E+06 0.1966E+01 15.042 0.7720 0.2709E-05 0.1000E+01
 995 0.3868E-02 0.2956E+04 0.2593E-01 0.4270E+02 0.7384E+06 0.1970E+01 15.040 0.7696 0.2668E-05 0.1000E+01
1000 0.3878E-02 0.2956E+04 0.2590E-01 0.4267E+02 0.7389E+06 0.1974E+01 15.038 0.7672 0.2629E-05 0.1000E+01
1005 0.3889E-02 0.2956E+04 0.2586E-01 0.4264E+02 0.7393E+06 0.1978E+01 15.036 0.7648 0.2589E-05 0.1000E+01
1010 0.3899E-02 0.2956E+04 0.2582E-01 0.4261E+02 0.7398E+06 0.1982E+01 15.034 0.7624 0.2551E-05 0.1000E+01
1015 0.3909E-02 0.2956E+04 0.2578E-01 0.4258E+02 0.7403E+06 0.1986E+01 15.033 0.7600 0.2513E-05 0.1000E+01
1020 0.3919E-02 0.2956E+04 0.2575E-01 0.4254E+02 0.7407E+06 0.1990E+01 15.031 0.7575 0.2475E-05 0.1000E+01
1025 0.3929E-02 0.2956E+04 0.2571E-01 0.4251E+02 0.7412E+06 0.1994E+01 15.029 0.7550 0.2438E-05 0.1000E+01
1030 0.3939E-02 0.2956E+04 0.2567E-01 0.4248E+02 0.7417E+06 0.1998E+01 15.027 0.7525 0.2402E-05 0.1000E+01
1035 0.3949E-02 0.2956E+04 0.2564E-01 0.4245E+02 0.7421E+06 0.2002E+01 15.025 0.7501 0.2366E-05 0.1000E+01
1040 0.3959E-02 0.2956E+04 0.2560E-01 0.4242E+02 0.7426E+06 0.2006E+01 15.023 0.7475 0.2331E-05 0.1000E+01
1045 0.3968E-02 0.2956E+04 0.2556E-01 0.4239E+02 0.7431E+06 0.2011E+01 15.021 0.7450 0.2296E-05 0.1000E+01
1050 0.3978E-02 0.2956E+04 0.2553E-01 0.4236E+02 0.7435E+06 0.2015E+01 15.019 0.7425 0.2262E-05 0.1000E+01
1055 0.3987E-02 0.2956E+04 0.2549E-01 0.4233E+02 0.7440E+06 0.2019E+01 15.018 0.7399 0.2228E-05 0.1000E+01
1060 0.3996E-02 0.2956E+04 0.2545E-01 0.4230E+02 0.7445E+06 0.2023E+01 15.016 0.7373 0.2195E-05 0.1000E+01
1065 0.4005E-02 0.2956E+04 0.2542E-01 0.4227E+02 0.7449E+06 0.2027E+01 15.014 0.7348 0.2162E-05 0.1000E+01
1070 0.4014E-02 0.2956E+04 0.2538E-01 0.4224E+02 0.7454E+06 0.2031E+01 15.012 0.7322 0.2130E-05 0.1000E+01
1075 0.4023E-02 0.2956E+04 0.2535E-01 0.4221E+02 0.7458E+06 0.2035E+01 15.010 0.7296 0.2098E-05 0.1000E+01
1080 0.4032E-02 0.2956E+04 0.2531E-01 0.4218E+02 0.7463E+06 0.2039E+01 15.008 0.7270 0.2067E-05 0.1000E+01
1085 0.4041E-02 0.2956E+04 0.2528E-01 0.4215E+02 0.7468E+06 0.2043E+01 15.007 0.7243 0.2036E-05 0.1000E+01
1090 0.4050E-02 0.2956E+04 0.2524E-01 0.4212E+02 0.7472E+06 0.2047E+01 15.005 0.7217 0.2006E-05 0.1000E+01
1095 0.4058E-02 0.2956E+04 0.2521E-01 0.4209E+02 0.7477E+06 0.2051E+01 15.003 0.7190 0.1976E-05 0.1000E+01
1100 0.4067E-02 0.2956E+04 0.2517E-01 0.4206E+02 0.7481E+06 0.2055E+01 15.001 0.7164 0.1947E-05 0.1000E+01
1105 0.4075E-02 0.2956E+04 0.2514E-01 0.4203E+02 0.7486E+06 0.2059E+01 14.999 0.7137 0.1918E-05 0.1000E+01
1110 0.4084E-02 0.2956E+04 0.2510E-01 0.4200E+02 0.7490E+06 0.2063E+01 14.998 0.7110 0.1889E-05 0.1000E+01
1115 0.4092E-02 0.2956E+04 0.2507E-01 0.4197E+02 0.7495E+06 0.2067E+01 14.996 0.7083 0.1861E-05 0.1000E+01
1120 0.4100E-02 0.2956E+04 0.2503E-01 0.4195E+02 0.7500E+06 0.2071E+01 14.994 0.7056 0.1833E-05 0.1000E+01
1125 0.4108E-02 0.2956E+04 0.2500E-01 0.4192E+02 0.7504E+06 0.2075E+01 14.992 0.7029 0.1806E-05 0.1000E+01
1130 0.4117E-02 0.2956E+04 0.2497E-01 0.4189E+02 0.7509E+06 0.2079E+01 14.990 0.7001 0.1779E-05 0.1000E+01
1135 0.4125E-02 0.2956E+04 0.2493E-01 0.4186E+02 0.7513E+06 0.2083E+01 14.989 0.6974 0.1752E-05 0.1000E+01
1140 0.4132E-02 0.2957E+04 0.2490E-01 0.4183E+02 0.7518E+06 0.2088E+01 14.987 0.6946 0.1726E-05 0.1000E+01
1145 0.4140E-02 0.2957E+04 0.2487E-01 0.4180E+02 0.7522E+06 0.2092E+01 14.985 0.6918 0.1701E-05 0.1000E+01
1150 0.4148E-02 0.2957E+04 0.2483E-01 0.4177E+02 0.7526E+06 0.2096E+01 14.983 0.6891 0.1675E-05 0.1000E+01
1155 0.4156E-02 0.2957E+04 0.2480E-01 0.4175E+02 0.7531E+06 0.2100E+01 14.982 0.6863 0.1650E-05 0.1000E+01
1160 0.4163E-02 0.2957E+04 0.2477E-01 0.4172E+02 0.7535E+06 0.2104E+01 14.980 0.6835 0.1626E-05 0.1000E+01
1165 0.4171E-02 0.2957E+04 0.2473E-01 0.4169E+02 0.7540E+06 0.2108E+01 14.978 0.6807 0.1601E-05 0.1000E+01
1170 0.4178E-02 0.2957E+04 0.2470E-01 0.4166E+02 0.7544E+06 0.2112E+01 14.976 0.6779 0.1578E-05 0.1000E+01
1175 0.4186E-02 0.2957E+04 0.2467E-01 0.4163E+02 0.7549E+06 0.2116E+01 14.975 0.6750 0.1554E-05 0.1000E+01
1180 0.4193E-02 0.2957E+04 0.2464E-01 0.4160E+02 0.7553E+06 0.2120E+01 14.973 0.6722 0.1531E-05 0.1000E+01
1185 0.4200E-02 0.2957E+04 0.2460E-01 0.4158E+02 0.7558E+06 0.2124E+01 14.971 0.6694 0.1508E-05 0.1000E+01
1190 0.4207E-02 0.2957E+04 0.2457E-01 0.4155E+02 0.7562E+06 0.2128E+01 14.969 0.6665 0.1486E-05 0.1000E+01
1195 0.4215E-02 0.2957E+04 0.2454E-01 0.4152E+02 0.7566E+06 0.2132E+01 14.968 0.6636 0.1464E-05 0.1000E+01
1200 0.4222E-02 0.2957E+04 0.2451E-01 0.4149E+02 0.7571E+06 0.2136E+01 14.966 0.6608 0.1442E-05 0.1000E+01
1205 0.4229E-02 0.2957E+04 0.2448E-01 0.4147E+02 0.7575E+06 0.2140E+01 14.964 0.6579 0.1420E-05 0.1000E+01
1210 0.4235E-02 0.2957E+04 0.2444E-01 0.4144E+02 0.7579E+06 0.2144E+01 14.962 0.6550 0.1399E-05 0.1000E+01
1215 0.4242E-02 0.2957E+04 0.2441E-01 0.4141E+02 0.7584E+06 0.2148E+01 14.961 0.6521 0.1378E-05 0.1000E+01
1220 0.4249E-02 0.2957E+04 0.2438E-01 0.4139E+02 0.7588E+06 0.2152E+01 14.959 0.6492 0.1358E-05 0.1000E+01
1225 0.4256E-02 0.2957E+04 0.2435E-01 0.4136E+02 0.7593E+06 0.2156E+01 14.957 0.6463 0.1337E-05 0.1000E+01
1230 0.4262E-02 0.2957E+04 0.2432E-01 0.4133E+02 0.7597E+06 0.2160E+01 14.956 0.6434 0.1318E-05 0.1000E+01
1235 0.4269E-02 0.2957E+04 0.2429E-01 0.4130E+02 0.7601E+06 0.2163E+01 14.954 0.6404 0.1298E-05 0.1000E+01
1240 0.4276E-02 0.2957E+04 0.2426E-01 0.4128E+02 0.7605E+06 0.2167E+01 14.952 0.6375 0.1279E-05 0.1000E+01
1245 0.4282E-02 0.2957E+04 0.2423E-01 0.4125E+02 0.7610E+06 0.2171E+01 14.951 0.6346 0.1260E-05 0.1000E+01
1250 0.4289E-02 0.2957E+04 0.2420E-01 0.4122E+02 0.7614E+06 0.2175E+01 14.949 0.6316 0.1241E-05 0.1000E+01
1255 0.4295E-02 0.2957E+04 0.2417E-01 0.4120E+02 0.7618E+06 0.2179E+01 14.947 0.6287 0.1222E-05 0.1000E+01
1260 0.4301E-02 0.2957E+04 0.2414E-01 0.4117E+02 0.7623E+06 0.2183E+01 14.946 0.6257 0.1204E-05 0.1000E+01
1265 0.4307E-02 0.2957E+04 0.2411E-01 0.4115E+02 0.7627E+06 0.2187E+01 14.944 0.6228 0.1186E-05 0.1000E+01
1270 0.4314E-02 0.2957E+04 0.2408E-01 0.4112E+02 0.7631E+06 0.2191E+01 14.942 0.6198 0.1168E-05 0.1000E+01
1275 0.4320E-02 0.2957E+04 0.2405E-01 0.4109E+02 0.7635E+06 0.2195E+01 14.941 0.6168 0.1151E-05 0.1000E+01
1280 0.4326E-02 0.2957E+04 0.2402E-01 0.4107E+02 0.7640E+06 0.2199E+01 14.939 0.6138 0.1134E-05 0.1000E+01
1285 0.4332E-02 0.2957E+04 0.2399E-01 0.4104E+02 0.7644E+06 0.2203E+01 14.937 0.6108 0.1117E-05 0.1000E+01
1290 0.4338E-02 0.2957E+04 0.2396E-01 0.4102E+02 0.7648E+06 0.2207E+01 14.936 0.6078 0.1100E-05 0.1000E+01
1295 0.4344E-02 0.2957E+04 0.2393E-01 0.4099E+02 0.7652E+06 0.2211E+01 14.934 0.6048 0.1084E-05 0.1000E+01
1300 0.4350E-02 0.2957E+04 0.2390E-01 0.4096E+02 0.7656E+06 0.2215E+01 14.933 0.6018 0.1068E-05 0.1000E+01
1305 0.4356E-02 0.2957E+04 0.2387E-01 0.4094E+02 0.7661E+06 0.2219E+01 14.931 0.5988 0.1052E-05 0.1000E+01
1310 0.4361E-02 0.2957E+04 0.2385E-01 0.4091E+02 0.7665E+06 0.2222E+01 14.929 0.5958 0.1036E-05 0.1000E+01
1315 0.4367E-02 0.2957E+04 0.2382E-01 0.4089E+02 0.7669E+06 0.2226E+01 14.928 0.5928 0.1021E-05 0.1000E+01
1320 0.4373E-02 0.2957E+04 0.2379E-01 0.4086E+02 0.7673E+06 0.2230E+01 14.926 0.5898 0.1006E-05 0.1000E+01
1325 0.4382E-02 0.2957E+04 0.2374E-01 0.4082E+02 0.7680E+06 0.2236E+01 14.924 0.5850 0.9817E-06 0.1000E+01
1330 0.4415E-02 0.2958E+04 0.2357E-01 0.4067E+02 0.7705E+06 0.2260E+01 14.914 0.5673 0.8969E-06 0.1000E+01
1335 0.4471E-02 0.2958E+04 0.2327E-01 0.4040E+02 0.7750E+06 0.2303E+01 14.896 0.5351 0.7594E-06 0.1000E+01
1340 0.4542E-02 0.2959E+04 0.2288E-01 0.4004E+02 0.7811E+06 0.2362E+01 14.873 0.4901 0.6031E-06 0.1000E+01
1345 0.4610E-02 0.2959E+04 0.2249E-01 0.3968E+02 0.7873E+06 0.2423E+01 14.850 0.4415 0.4700E-06 0.1000E+01
1350 0.4673E-02 0.2960E+04 0.2211E-01 0.3932E+02 0.7936E+06 0.2487E+01 14.826 0.3910 0.3602E-06 0.1000E+01
1355 0.4734E-02 0.2961E+04 0.2173E-01 0.3897E+02 0.7999E+06 0.2551E+01 14.802 0.3396 0.2709E-06 0.1000E+01
1360 0.4791E-02 0.2962E+04 0.2136E-01 0.3862E+02 0.8062E+06 0.2618E+01 14.779 0.2885 0.1993E-06 0.1000E+01
1365 0.4846E-02 0.2962E+04 0.2100E-01 0.3827E+02 0.8126E+06 0.2686E+01 14.755 0.2389 0.1430E-06 0.1000E+01
1370 0.4898E-02 0.2963E+04 0.2065E-01 0.3793E+02 0.8190E+06 0.2756E+01 14.731 0.1919 0.9961E-07 0.1000E+01
1375 0.4949E-02 0.2964E+04 0.2031E-01 0.3759E+02 0.8255E+06 0.2828E+01 14.708 0.1489 0.6704E-07 0.1000E+01
1380 0.4999E-02 0.2965E+04 0.1998E-01 0.3725E+02 0.8320E+06 0.2901E+01 14.684 0.1108 0.4332E-07 0.1000E+01
1385 0.5048E-02 0.2966E+04 0.1965E-01 0.3692E+02 0.8385E+06 0.2977E+01 14.661 0.0786 0.2667E-07 0.1000E+01
1390 0.5097E-02 0.2967E+04 0.1933E-01 0.3659E+02 0.8451E+06 0.3054E+01 14.637 0.0526 0.1551E-07 0.1000E+01
1395 0.5146E-02 0.2968E+04 0.1901E-01 0.3626E+02 0.8517E+06 0.3133E+01 14.613 0.0329 0.8436E-08 0.1000E+01
1400 0.5196E-02 0.2970E+04 0.1870E-01 0.3594E+02 0.8584E+06 0.3215E+01 14.590 0.0190 0.4240E-08 0.1000E+01
1405 0.5246E-02 0.2971E+04 0.1840E-01 0.3562E+02 0.8651E+06 0.3298E+01 14.566 0.0100 0.1943E-08 0.1000E+01
1410 0.5297E-02 0.2972E+04 0.1811E-01 0.3530E+02 0.8719E+06 0.3384E+01 14.542 0.0047 0.8006E-09 0.1000E+01
1415 0.5349E-02 0.2973E+04 0.1781E-01 0.3498E+02 0.8788E+06 0.3472E+01 14.519 0.0020 0.2923E-09 0.1000E+01
1420 0.5402E-02 0.2975E+04 0.1753E-01 0.3467E+02 0.8857E+06 0.3563E+01 14.495 0.0007 0.9308E-10 0.1000E+01
1425 0.5457E-02 0.2976E+04 0.1725E-01 0.3436E+02 0.8927E+06 0.3656E+01 14.471 0.0002 0.2546E-10 0.1000E+01
1430 0.5513E-02 0.2977E+04 0.1697E-01 0.3405E+02 0.8998E+06 0.3752E+01 14.447 0.0001 0.5902E-11 0.1000E+01
1435 0.5571E-02 0.2979E+04 0.1670E-01 0.3375E+02 0.9069E+06 0.3850E+01 14.423 0.0000 0.1143E-11 0.1000E+01
1440 0.5630E-02 0.2980E+04 0.1644E-01 0.3345E+02 0.9140E+06 0.3951E+01 14.400 0.0000 0.1831E-12 0.1000E+01
1445 0.5689E-02 0.2982E+04 0.1618E-01 0.3315E+02 0.9211E+06 0.4053E+01 14.376 0.0000 0.2479E-13 0.1000E+01
1450 0.5747E-02 0.2983E+04 0.1594E-01 0.3288E+02 0.9279E+06 0.4152E+01 14.354 0.0000 0.2975E-14 0.1000E+01
1455 0.5803E-02 0.2985E+04 0.1572E-01 0.3261E+02 0.9344E+06 0.4249E+01 14.332 0.0000 0.3141E-15 0.1000E+01
1460 0.5860E-02 0.2986E+04 0.1550E-01 0.3236E+02 0.9409E+06 0.4347E+01 14.311 0.0000 0.2854E-16 0.1000E+01
1465 0.5919E-02 0.2987E+04 0.1528E-01 0.3210E+02 0.9475E+06 0.4449E+01 14.290 0.0000 0.2133E-17 0.1000E+01
1470 0.5985E-02 0.2989E+04 0.1505E-01 0.3182E+02 0.9548E+06 0.4564E+01 14.266 0.0000 0.1196E-18 0.1000E+01
1475 0.6055E-02 0.2991E+04 0.1481E-01 0.3153E+02 0.9623E+06 0.4685E+01 14.242 0.0000 0.5565E-20 0.1000E+01
1480 0.6127E-02 0.2992E+04 0.1458E-01 0.3125E+02 0.9700E+06 0.4810E+01 14.218 0.0000 0.2284E-21 0.1000E+01
1485 0.6201E-02 0.2994E+04 0.1435E-01 0.3097E+02 0.9776E+06 0.4938E+01 14.193 0.0000 0.8503E-23 0.1000E+01
1490 0.6277E-02 0.2996E+04 0.1412E-01 0.3069E+02 0.9854E+06 0.5070E+01 14.169 0.0000 0.2949E-24 0.1000E+01
1495 0.6354E-02 0.2997E+04 0.1390E-01 0.3041E+02 0.9932E+06 0.5206E+01 14.145 0.0000 0.9754E-26 0.1000E+01
1500 0.6434E-02 0.2999E+04 0.1368E-01 0.3013E+02 0.1001E+07 0.5346E+01 14.120 0.0000 0.3139E-27 0.1000E+01
1505 0.6516E-02 0.3001E+04 0.1346E-01 0.2986E+02 0.1009E+07 0.5490E+01 14.095 0.0000 0.1033E-28 0.1000E+01
1510 0.6600E-02 0.3002E+04 0.1325E-01 0.2959E+02 0.1017E+07 0.5638E+01 14.071 0.0000 0.6196E-30 0.1000E+01
1515 0.6686E-02 0.3004E+04 0.1304E-01 0.2932E+02 0.1025E+07 0.5791E+01 14.046 0.0000 0.2123E-30 0.1000E+01
1520 0.6774E-02 0.3006E+04 0.1283E-01 0.2905E+02 0.1033E+07 0.5948E+01 14.021 0.0000 0.1351E-30 0.1000E+01
1525 0.6865E-02 0.3007E+04 0.1262E-01 0.2879E+02 0.1042E+07 0.6109E+01 13.997 0.0000 0.1016E-30 0.1000E+01
1530 0.6959E-02 0.3008E+04 0.1241E-01 0.2852E+02 0.1050E+07 0.6275E+01 13.972 0.0000 0.8214E-31 0.1000E+01
1535 0.7054E-02 0.3009E+04 0.1220E-01 0.2826E+02 0.1058E+07 0.6448E+01 13.946 0.0000 0.6903E-31 0.1000E+01
1540 0.7153E-02 0.3010E+04 0.1199E-01 0.2800E+02 0.1067E+07 0.6624E+01 13.921 0.0000 0.5945E-31 0.1000E+01
1545 0.7254E-02 0.3011E+04 0.1179E-01 0.2775E+02 0.1075E+07 0.6803E+01 13.897 0.0000 0.5205E-31 0.1000E+01
1550 0.7358E-02 0.3012E+04 0.1158E-01 0.2749E+02 0.1084E+07 0.6990E+01 13.872 0.0000 0.4612E-31 0.1000E+01
1555 0.7465E-02 0.3012E+04 0.1138E-01 0.2724E+02 0.1092E+07 0.7181E+01 13.846 0.0000 0.4121E-31 0.1000E+01
1560 0.7576E-02 0.3013E+04 0.1118E-01 0.2699E+02 0.1101E+07 0.7379E+01 13.821 0.0000 0.3707E-31 0.1000E+01
1565 0.7689E-02 0.3013E+04 0.1098E-01 0.2674E+02 0.1110E+07 0.7582E+01 13.796 0.0000 0.3353E-31 0.1000E+01
1570 0.7805E-02 0.3014E+04 0.1078E-01 0.2650E+02 0.1119E+07 0.7791E+01 13.771 0.0000 0.3045E-31 0.1000E+01
1575 0.7925E-02 0.3014E+04 0.1059E-01 0.2625E+02 0.1128E+07 0.8006E+01 13.745 0.0000 0.2775E-31 0.1000E+01
1580 0.8049E-02 0.3014E+04 0.1040E-01 0.2601E+02 0.1137E+07 0.8228E+01 13.720 0.0000 0.2536E-31 0.1000E+01
1585 0.8176E-02 0.3014E+04 0.1021E-01 0.2577E+02 0.1146E+07 0.8457E+01 13.694 0.0000 0.2323E-31 0.1000E+01
1590 0.8307E-02 0.3014E+04 0.1002E-01 0.2553E+02 0.1155E+07 0.8692E+01 13.669 0.0000 0.2132E-31 0.1000E+01
1595 0.8442E-02 0.3014E+04 0.9837E-02 0.2530E+02 0.1164E+07 0.8935E+01 13.643 0.0000 0.1960E-31 0.1000E+01
1600 0.8580E-02 0.3014E+04 0.9655E-02 0.2506E+02 0.1173E+07 0.9185E+01 13.617 0.0000 0.1804E-31 0.1000E+01
1605 0.8723E-02 0.3014E+04 0.9475E-02 0.2483E+02 0.1183E+07 0.9443E+01 13.592 0.0000 0.1663E-31 0.1000E+01
1610 0.8871E-02 0.3014E+04 0.9298E-02 0.2460E+02 0.1192E+07 0.9709E+01 13.566 0.0000 0.1534E-31 0.1000E+01
1615 0.9023E-02 0.3014E+04 0.9125E-02 0.2437E+02 0.1201E+07 0.9983E+01 13.540 0.0000 0.1416E-31 0.1000E+01
1620 0.9179E-02 0.3014E+04 0.8956E-02 0.2414E+02 0.1211E+07 0.1027E+02 13.514 0.0000 0.1309E-31 0.1000E+01
1625 0.9340E-02 0.3014E+04 0.8789E-02 0.2391E+02 0.1221E+07 0.1056E+02 13.488 0.0000 0.1210E-31 0.1000E+01
1630 0.9506E-02 0.3014E+04 0.8624E-02 0.2369E+02 0.1230E+07 0.1086E+02 13.461 0.0000 0.1120E-31 0.1000E+01
1635 0.9677E-02 0.3014E+04 0.8461E-02 0.2346E+02 0.1240E+07 0.1117E+02 13.435 0.0000 0.1036E-31 0.1000E+01
1640 0.9854E-02 0.3014E+04 0.8301E-02 0.2324E+02 0.1250E+07 0.1149E+02 13.409 0.0000 0.9596E-32 0.1000E+01
1645 0.1004E-01 0.3014E+04 0.8143E-02 0.2302E+02 0.1260E+07 0.1182E+02 13.382 0.0000 0.8889E-32 0.1000E+01
1650 0.1022E-01 0.3013E+04 0.7988E-02 0.2281E+02 0.1270E+07 0.1216E+02 13.356 0.0000 0.8236E-32 0.1000E+01
1655 0.1042E-01 0.3013E+04 0.7834E-02 0.2259E+02 0.1281E+07 0.1251E+02 13.329 0.0000 0.7634E-32 0.1000E+01
1660 0.1062E-01 0.3013E+04 0.7683E-02 0.2237E+02 0.1291E+07 0.1287E+02 13.302 0.0000 0.7077E-32 0.1000E+01
1665 0.1082E-01 0.3013E+04 0.7534E-02 0.2216E+02 0.1301E+07 0.1324E+02 13.275 0.0000 0.6562E-32 0.1000E+01
1670 0.1103E-01 0.3012E+04 0.7388E-02 0.2195E+02 0.1312E+07 0.1363E+02 13.248 0.0000 0.6086E-32 0.1000E+01
1675 0.1125E-01 0.3012E+04 0.7243E-02 0.2174E+02 0.1322E+07 0.1403E+02 13.221 0.0000 0.5646E-32 0.1000E+01
1680 0.1148E-01 0.3012E+04 0.7101E-02 0.2153E+02 0.1333E+07 0.1444E+02 13.194 0.0000 0.5239E-32 0.1000E+01
1685 0.1171E-01 0.3011E+04 0.6962E-02 0.2132E+02 0.1343E+07 0.1486E+02 13.167 0.0000 0.4862E-32 0.1000E+01
1690 0.1195E-01 0.3011E+04 0.6825E-02 0.2112E+02 0.1354E+07 0.1530E+02 13.140 0.0000 0.4513E-32 0.1000E+01
1695 0.1220E-01 0.3010E+04 0.6690E-02 0.2091E+02 0.1365E+07 0.1575E+02 13.112 0.0000 0.4190E-32 0.1000E+01
1700 0.1245E-01 0.3010E+04 0.6557E-02 0.2071E+02 0.1376E+07 0.1621E+02 13.085 0.0000 0.3891E-32 0.1000E+01
1705 0.1272E-01 0.3009E+04 0.6426E-02 0.2051E+02 0.1387E+07 0.1669E+02 13.057 0.0000 0.3614E-32 0.1000E+01
1710 0.1299E-01 0.3009E+04 0.6297E-02 0.2031E+02 0.1398E+07 0.1718E+02 13.030 0.0000 0.3356E-32 0.1000E+01
1715 0.1327E-01 0.3008E+04 0.6171E-02 0.2012E+02 0.1409E+07 0.1769E+02 13.002 0.0000 0.3118E-32 0.1000E+01
1720 0.1356E-01 0.3008E+04 0.6047E-02 0.1992E+02 0.1420E+07 0.1822E+02 12.974 0.0000 0.2897E-32 0.1000E+01
1725 0.1385E-01 0.3007E+04 0.5925E-02 0.1973E+02 0.1432E+07 0.1876E+02 12.947 0.0000 0.2692E-32 0.1000E+01
1730 0.1416E-01 0.3006E+04 0.5805E-02 0.1954E+02 0.1443E+07 0.1932E+02 12.919 0.0000 0.2502E-32 0.1000E+01
1735 0.1448E-01 0.3006E+04 0.5688E-02 0.1935E+02 0.1455E+07 0.1990E+02 12.891 0.0000 0.2326E-32 0.1000E+01
1740 0.1480E-01 0.3005E+04 0.5572E-02 0.1916E+02 0.1466E+07 0.2049E+02 12.863 0.0000 0.2162E-32 0.1000E+01
1745 0.1514E-01 0.3004E+04 0.5458E-02 0.1897E+02 0.1478E+07 0.2111E+02 12.835 0.0000 0.2010E-32 0.1000E+01
1750 0.1549E-01 0.3003E+04 0.5347E-02 0.1878E+02 0.1489E+07 0.2174E+02 12.807 0.0000 0.1868E-32 0.1000E+01
1755 0.1585E-01 0.3003E+04 0.5239E-02 0.1860E+02 0.1501E+07 0.2239E+02 12.778 0.0000 0.1737E-32 0.1000E+01
1760 0.1622E-01 0.3002E+04 0.5133E-02 0.1842E+02 0.1513E+07 0.2307E+02 12.750 0.0000 0.1615E-32 0.1000E+01
1765 0.1660E-01 0.3002E+04 0.5028E-02 0.1824E+02 0.1525E+07 0.2376E+02 12.721 0.0000 0.1503E-32 0.1000E+01
1770 0.1699E-01 0.3001E+04 0.4925E-02 0.1806E+02 0.1537E+07 0.2448E+02 12.693 0.0000 0.1398E-32 0.1000E+01
1775 0.1740E-01 0.3000E+04 0.4823E-02 0.1788E+02 0.1549E+07 0.2522E+02 12.664 0.0000 0.1300E-32 0.1000E+01
1780 0.1782E-01 0.2999E+04 0.4723E-02 0.1770E+02 0.1561E+07 0.2599E+02 12.635 0.0000 0.1210E-32 0.1000E+01
1785 0.1826E-01 0.2998E+04 0.4624E-02 0.1753E+02 0.1573E+07 0.2678E+02 12.607 0.0000 0.1126E-32 0.1000E+01
1790 0.1871E-01 0.2998E+04 0.4528E-02 0.1735E+02 0.1585E+07 0.2759E+02 12.578 0.0000 0.1048E-32 0.1000E+01
1795 0.1917E-01 0.2996E+04 0.4431E-02 0.1718E+02 0.1598E+07 0.2843E+02 12.549 0.0000 0.9755E-33 0.1000E+01
1800 0.1965E-01 0.2995E+04 0.4337E-02 0.1701E+02 0.1610E+07 0.2929E+02 12.520 0.0000 0.9082E-33 0.1000E+01
1805 0.2014E-01 0.2994E+04 0.4245E-02 0.1684E+02 0.1622E+07 0.3018E+02 12.491 0.0000 0.8457E-33 0.1000E+01
1810 0.2065E-01 0.2993E+04 0.4154E-02 0.1668E+02 0.1635E+07 0.3110E+02 12.461 0.0000 0.7876E-33 0.1000E+01
1815 0.2117E-01 0.2991E+04 0.4064E-02 0.1651E+02 0.1647E+07 0.3205E+02 12.432 0.0000 0.7337E-33 0.1000E+01
1820 0.2171E-01 0.2990E+04 0.3975E-02 0.1635E+02 0.1660E+07 0.3302E+02 12.403 0.0000 0.6837E-33 0.1000E+01
1825 0.2227E-01 0.2988E+04 0.3889E-02 0.1618E+02 0.1672E+07 0.3403E+02 12.373 0.0000 0.6372E-33 0.1000E+01
1830 0.2285E-01 0.2986E+04 0.3803E-02 0.1602E+02 0.1684E+07 0.3507E+02 12.344 0.0000 0.5939E-33 0.1000E+01
1835 0.2345E-01 0.2985E+04 0.3719E-02 0.1586E+02 0.1697E+07 0.3614E+02 12.314 0.0000 0.5537E-33 0.1000E+01
1840 0.2406E-01 0.2983E+04 0.3636E-02 0.1571E+02 0.1709E+07 0.3724E+02 12.285 0.0000 0.5163E-33 0.1000E+01
1845 0.2470E-01 0.2981E+04 0.3555E-02 0.1555E+02 0.1722E+07 0.3838E+02 12.255 0.0000 0.4815E-33 0.1000E+01
1850 0.2536E-01 0.2979E+04 0.3475E-02 0.1539E+02 0.1735E+07 0.3955E+02 12.225 0.0000 0.4491E-33 0.1000E+01
1855 0.2605E-01 0.2977E+04 0.3396E-02 0.1524E+02 0.1747E+07 0.4077E+02 12.195 0.0000 0.4190E-33 0.1000E+01
1860 0.2675E-01 0.2975E+04 0.3319E-02 0.1509E+02 0.1760E+07 0.4202E+02 12.165 0.0000 0.3909E-33 0.1000E+01
1865 0.2748E-01 0.2972E+04 0.3243E-02 0.1494E+02 0.1772E+07 0.4330E+02 12.135 0.0000 0.3648E-33 0.1000E+01
1870 0.2824E-01 0.2970E+04 0.3169E-02 0.1479E+02 0.1785E+07 0.4463E+02 12.104 0.0000 0.3405E-33 0.1000E+01
1875 0.2902E-01 0.2968E+04 0.3097E-02 0.1464E+02 0.1798E+07 0.4601E+02 12.074 0.0000 0.3178E-33 0.1000E+01
1880 0.2983E-01 0.2966E+04 0.3026E-02 0.1449E+02 0.1811E+07 0.4743E+02 12.043 0.0000 0.2967E-33 0.1000E+01
1885 0.3067E-01 0.2964E+04 0.2957E-02 0.1435E+02 0.1823E+07 0.4889E+02 12.013 0.0000 0.2771E-33 0.1000E+01
1890 0.3154E-01 0.2961E+04 0.2888E-02 0.1420E+02 0.1836E+07 0.5040E+02 11.982 0.0001 0.2588E-33 0.1000E+01
1895 0.3244E-01 0.2959E+04 0.2821E-02 0.1406E+02 0.1849E+07 0.5196E+02 11.951 0.0001 0.2418E-33 0.9999E+00
1900 0.3337E-01 0.2956E+04 0.2755E-02 0.1392E+02 0.1861E+07 0.5357E+02 11.920 0.0001 0.2259E-33 0.9999E+00
1905 0.3433E-01 0.2954E+04 0.2690E-02 0.1378E+02 0.1874E+07 0.5523E+02 11.888 0.0001 0.2111E-33 0.9999E+00
1910 0.3532E-01 0.2951E+04 0.2627E-02 0.1364E+02 0.1886E+07 0.5694E+02 11.857 0.0001 0.1974E-33 0.9999E+00
1915 0.3635E-01 0.2948E+04 0.2565E-02 0.1350E+02 0.1899E+07 0.5870E+02 11.826 0.0001 0.1847E-33 0.9999E+00
1920 0.3740E-01 0.2946E+04 0.2504E-02 0.1336E+02 0.1911E+07 0.6050E+02 11.795 0.0001 0.1729E-33 0.9998E+00
1925 0.3848E-01 0.2943E+04 0.2445E-02 0.1323E+02 0.1923E+07 0.6234E+02 11.764 0.0001 0.1620E-33 0.9998E+00
1930 0.3959E-01 0.2940E+04 0.2388E-02 0.1310E+02 0.1935E+07 0.6422E+02 11.733 0.0001 0.1518E-33 0.9997E+00
1935 0.4073E-01 0.2937E+04 0.2331E-02 0.1297E+02 0.1947E+07 0.6615E+02 11.702 0.0001 0.1424E-33 0.9997E+00
1940 0.4190E-01 0.2934E+04 0.2276E-02 0.1285E+02 0.1959E+07 0.6812E+02 11.671 0.0002 0.1337E-33 0.9996E+00
1945 0.4311E-01 0.2930E+04 0.2223E-02 0.1272E+02 0.1971E+07 0.7014E+02 11.640 0.0002 0.1256E-33 0.9995E+00
1950 0.4434E-01 0.2927E+04 0.2171E-02 0.1260E+02 0.1982E+07 0.7221E+02 11.610 0.0002 0.1181E-33 0.9994E+00
1955 0.4561E-01 0.2924E+04 0.2120E-02 0.1248E+02 0.1993E+07 0.7432E+02 11.579 0.0002 0.1111E-33 0.9992E+00
1960 0.4692E-01 0.2921E+04 0.2070E-02 0.1236E+02 0.2005E+07 0.7647E+02 11.549 0.0002 0.1046E-33 0.9991E+00
1965 0.4825E-01 0.2917E+04 0.2022E-02 0.1225E+02 0.2016E+07 0.7868E+02 11.518 0.0003 0.9856E-34 0.9989E+00
1970 0.4963E-01 0.2913E+04 0.1974E-02 0.1213E+02 0.2026E+07 0.8093E+02 11.488 0.0003 0.9290E-34 0.9986E+00
1972 0.5000E-01 0.2912E+04 0.1962E-02 0.1210E+02 0.2029E+07 0.8154E+02 11.480 0.0003 0.9147E-34 0.9986E+00
1975 0.5085E-01 0.2910E+04 0.1934E-02 0.1203E+02 0.2036E+07 0.8292E+02 11.462 0.0003 0.8833E-34 0.9984E+00
1980 0.5228E-01 0.2907E+04 0.1890E-02 0.1192E+02 0.2046E+07 0.8525E+02 11.432 0.0004 0.8339E-34 0.9981E+00
1985 0.5375E-01 0.2903E+04 0.1846E-02 0.1181E+02 0.2056E+07 0.8763E+02 11.402 0.0004 0.7879E-34 0.9977E+00
1990 0.5526E-01 0.2899E+04 0.1803E-02 0.1171E+02 0.2066E+07 0.9005E+02 11.373 0.0004 0.7450E-34 0.9973E+00
1995 0.5680E-01 0.2895E+04 0.1762E-02 0.1160E+02 0.2076E+07 0.9252E+02 11.343 0.0005 0.7050E-34 0.9968E+00
2000 0.5838E-01 0.2892E+04 0.1721E-02 0.1150E+02 0.2086E+07 0.9504E+02 11.314 0.0005 0.6676E-34 0.9962E+00
2005 0.6000E-01 0.2888E+04 0.1682E-02 0.1140E+02 0.2095E+07 0.9760E+02 11.284 0.0006 0.6326E-34 0.9955E+00
2010 0.6166E-01 0.2883E+04 0.1643E-02 0.1130E+02 0.2104E+07 0.1002E+03 11.255 0.0006 0.5999E-34 0.9947E+00
2015 0.6335E-01 0.2879E+04 0.1605E-02 0.1120E+02 0.2113E+07 0.1029E+03 11.226 0.0007 0.5693E-34 0.9938E+00
2020 0.6509E-01 0.2875E+04 0.1569E-02 0.1110E+02 0.2122E+07 0.1056E+03 11.197 0.0007 0.5406E-34 0.9928E+00
2025 0.6687E-01 0.2871E+04 0.1533E-02 0.1101E+02 0.2131E+07 0.1083E+03 11.168 0.0008 0.5138E-34 0.9916E+00
2030 0.6852E-01 0.2867E+04 0.1501E-02 0.1092E+02 0.2138E+07 0.1109E+03 11.142 0.0009 0.4907E-34 0.9904E+00
2035 0.7000E-01 0.2863E+04 0.1474E-02 0.1085E+02 0.2145E+07 0.1131E+03 11.119 0.0009 0.4717E-34 0.9893E+00
2035 0.7000E-01 0.2863E+04 0.1474E-02 0.1085E+02 0.2145E+07 0.1131E+03 11.119 0.0009 0.4717E-34 0.9893E+00
2040 0.7139E-01 0.2860E+04 0.1449E-02 0.1078E+02 0.2151E+07 0.1153E+03 11.098 0.0010 0.4549E-34 0.9881E+00
2045 0.7267E-01 0.2857E+04 0.1427E-02 0.1072E+02 0.2156E+07 0.1172E+03 11.079 0.0010 0.4402E-34 0.9870E+00
2050 0.7387E-01 0.2854E+04 0.1407E-02 0.1067E+02 0.2160E+07 0.1190E+03 11.061 0.0011 0.4273E-34 0.9858E+00
2055 0.7500E-01 0.2852E+04 0.1388E-02 0.1062E+02 0.2165E+07 0.1207E+03 11.045 0.0011 0.4157E-34 0.9847E+00
2060 0.7607E-01 0.2849E+04 0.1371E-02 0.1057E+02 0.2169E+07 0.1223E+03 11.030 0.0012 0.4053E-34 0.9836E+00
2065 0.7708E-01 0.2847E+04 0.1355E-02 0.1053E+02 0.2172E+07 0.1239E+03 11.016 0.0012 0.3958E-34 0.9825E+00
2070 0.7804E-01 0.2844E+04 0.1341E-02 0.1049E+02 0.2176E+07 0.1253E+03 11.002 0.0013 0.3871E-34 0.9815E+00
2075 0.7897E-01 0.2842E+04 0.1327E-02 0.1045E+02 0.2179E+07 0.1267E+03 10.990 0.0013 0.3791E-34 0.9804E+00
2080 0.7985E-01 0.2840E+04 0.1314E-02 0.1041E+02 0.2182E+07 0.1280E+03 10.978 0.0014 0.3717E-34 0.9794E+00
2085 0.8070E-01 0.2838E+04 0.1302E-02 0.1038E+02 0.2185E+07 0.1293E+03 10.966 0.0014 0.3648E-34 0.9783E+00
2090 0.8152E-01 0.2837E+04 0.1291E-02 0.1035E+02 0.2187E+07 0.1305E+03 10.956 0.0015 0.3584E-34 0.9773E+00
2095 0.8231E-01 0.2835E+04 0.1280E-02 0.1032E+02 0.2190E+07 0.1316E+03 10.945 0.0015 0.3524E-34 0.9763E+00
2100 0.8308E-01 0.2833E+04 0.1269E-02 0.1029E+02 0.2192E+07 0.1328E+03 10.935 0.0015 0.3468E-34 0.9753E+00
2105 0.8382E-01 0.2831E+04 0.1260E-02 0.1026E+02 0.2194E+07 0.1339E+03 10.926 0.0016 0.3415E-34 0.9743E+00
2110 0.8454E-01 0.2830E+04 0.1250E-02 0.1023E+02 0.2196E+07 0.1349E+03 10.916 0.0016 0.3364E-34 0.9733E+00
2115 0.8524E-01 0.2828E+04 0.1241E-02 0.1021E+02 0.2198E+07 0.1359E+03 10.908 0.0016 0.3317E-34 0.9724E+00
2120 0.8592E-01 0.2827E+04 0.1232E-02 0.1018E+02 0.2200E+07 0.1369E+03 10.899 0.0017 0.3272E-34 0.9714E+00
2125 0.8659E-01 0.2825E+04 0.1224E-02 0.1016E+02 0.2202E+07 0.1379E+03 10.891 0.0017 0.3229E-34 0.9705E+00
2130 0.8723E-01 0.2824E+04 0.1216E-02 0.1013E+02 0.2204E+07 0.1388E+03 10.883 0.0018 0.3189E-34 0.9696E+00
2135 0.8786E-01 0.2822E+04 0.1208E-02 0.1011E+02 0.2206E+07 0.1398E+03 10.875 0.0018 0.3150E-34 0.9686E+00
2140 0.8848E-01 0.2821E+04 0.1201E-02 0.1009E+02 0.2207E+07 0.1407E+03 10.868 0.0018 0.3113E-34 0.9677E+00
2145 0.8909E-01 0.2819E+04 0.1194E-02 0.1007E+02 0.2209E+07 0.1415E+03 10.860 0.0019 0.3077E-34 0.9668E+00
2150 0.8968E-01 0.2818E+04 0.1187E-02 0.1005E+02 0.2210E+07 0.1424E+03 10.853 0.0019 0.3043E-34 0.9660E+00
2155 0.9025E-01 0.2817E+04 0.1180E-02 0.1003E+02 0.2212E+07 0.1432E+03 10.846 0.0019 0.3010E-34 0.9651E+00
2160 0.9082E-01 0.2816E+04 0.1173E-02 0.1001E+02 0.2213E+07 0.1440E+03 10.839 0.0020 0.2979E-34 0.9642E+00
2165 0.9138E-01 0.2814E+04 0.1167E-02 0.9993E+01 0.2215E+07 0.1448E+03 10.833 0.0020 0.2949E-34 0.9634E+00
2170 0.9192E-01 0.2813E+04 0.1161E-02 0.9976E+01 0.2216E+07 0.1456E+03 10.826 0.0020 0.2920E-34 0.9625E+00
2175 0.9246E-01 0.2812E+04 0.1155E-02 0.9958E+01 0.2217E+07 0.1464E+03 10.820 0.0021 0.2891E-34 0.9617E+00
2180 0.9298E-01 0.2811E+04 0.1149E-02 0.9941E+01 0.2218E+07 0.1471E+03 10.814 0.0021 0.2864E-34 0.9609E+00
2185 0.9350E-01 0.2810E+04 0.1143E-02 0.9925E+01 0.2219E+07 0.1479E+03 10.808 0.0021 0.2838E-34 0.9601E+00
2190 0.9401E-01 0.2809E+04 0.1138E-02 0.9908E+01 0.2221E+07 0.1486E+03 10.802 0.0022 0.2813E-34 0.9593E+00
2195 0.9451E-01 0.2808E+04 0.1132E-02 0.9893E+01 0.2222E+07 0.1493E+03 10.797 0.0022 0.2788E-34 0.9585E+00
2200 0.9500E-01 0.2806E+04 0.1127E-02 0.9877E+01 0.2223E+07 0.1500E+03 10.791 0.0022 0.2765E-34 0.9577E+00
2205 0.9548E-01 0.2805E+04 0.1122E-02 0.9862E+01 0.2224E+07 0.1507E+03 10.785 0.0023 0.2742E-34 0.9569E+00
2210 0.9596E-01 0.2804E+04 0.1117E-02 0.9848E+01 0.2225E+07 0.1514E+03 10.780 0.0023 0.2719E-34 0.9562E+00
2215 0.9643E-01 0.2803E+04 0.1112E-02 0.9833E+01 0.2226E+07 0.1520E+03 10.775 0.0023 0.2698E-34 0.9554E+00
2220 0.9690E-01 0.2802E+04 0.1107E-02 0.9819E+01 0.2227E+07 0.1527E+03 10.770 0.0023 0.2677E-34 0.9546E+00
2225 0.9735E-01 0.2801E+04 0.1103E-02 0.9805E+01 0.2228E+07 0.1533E+03 10.765 0.0024 0.2656E-34 0.9539E+00
2230 0.9781E-01 0.2800E+04 0.1098E-02 0.9792E+01 0.2229E+07 0.1540E+03 10.760 0.0024 0.2636E-34 0.9532E+00
2235 0.9825E-01 0.2799E+04 0.1094E-02 0.9779E+01 0.2229E+07 0.1546E+03 10.755 0.0024 0.2617E-34 0.9524E+00
2240 0.9869E-01 0.2798E+04 0.1089E-02 0.9766E+01 0.2230E+07 0.1552E+03 10.750 0.0025 0.2598E-34 0.9517E+00
2245 0.9913E-01 0.2797E+04 0.1085E-02 0.9753E+01 0.2231E+07 0.1558E+03 10.745 0.0025 0.2580E-34 0.9510E+00
2250 0.9956E-01 0.2796E+04 0.1081E-02 0.9741E+01 0.2232E+07 0.1564E+03 10.740 0.0025 0.2562E-34 0.9503E+00
2255 0.9998E-01 0.2796E+04 0.1077E-02 0.9728E+01 0.2233E+07 0.1570E+03 10.736 0.0025 0.2544E-34 0.9496E+00
2256 0.1000E+00 0.2796E+04 0.1076E-02 0.9728E+01 0.2233E+07 0.1571E+03 10.736 0.0025 0.2544E-34 0.9496E+00
2260 0.1003E+00 0.2795E+04 0.1073E-02 0.9718E+01 0.2233E+07 0.1575E+03 10.732 0.0026 0.2530E-34 0.9490E+00
2265 0.1008E+00 0.2794E+04 0.1069E-02 0.9706E+01 0.2234E+07 0.1581E+03 10.728 0.0026 0.2513E-34 0.9484E+00
2270 0.1012E+00 0.2793E+04 0.1065E-02 0.9695E+01 0.2235E+07 0.1587E+03 10.723 0.0026 0.2497E-34 0.9477E+00
2275 0.1016E+00 0.2792E+04 0.1061E-02 0.9683E+01 0.2236E+07 0.1593E+03 10.719 0.0026 0.2481E-34 0.9470E+00
2280 0.1020E+00 0.2791E+04 0.1058E-02 0.9672E+01 0.2236E+07 0.1598E+03 10.715 0.0027 0.2466E-34 0.9464E+00
2285 0.1024E+00 0.2790E+04 0.1054E-02 0.9661E+01 0.2237E+07 0.1604E+03 10.710 0.0027 0.2450E-34 0.9457E+00
2290 0.1028E+00 0.2790E+04 0.1050E-02 0.9650E+01 0.2238E+07 0.1609E+03 10.706 0.0027 0.2435E-34 0.9451E+00
2295 0.1031E+00 0.2789E+04 0.1047E-02 0.9639E+01 0.2238E+07 0.1614E+03 10.702 0.0028 0.2421E-34 0.9444E+00
2300 0.1035E+00 0.2788E+04 0.1043E-02 0.9629E+01 0.2239E+07 0.1620E+03 10.698 0.0028 0.2407E-34 0.9438E+00
2305 0.1039E+00 0.2787E+04 0.1040E-02 0.9618E+01 0.2240E+07 0.1625E+03 10.694 0.0028 0.2393E-34 0.9432E+00
2310 0.1043E+00 0.2786E+04 0.1036E-02 0.9608E+01 0.2240E+07 0.1630E+03 10.690 0.0028 0.2379E-34 0.9426E+00
2315 0.1047E+00 0.2785E+04 0.1033E-02 0.9598E+01 0.2241E+07 0.1635E+03 10.686 0.0029 0.2366E-34 0.9420E+00
2320 0.1050E+00 0.2785E+04 0.1029E-02 0.9588E+01 0.2241E+07 0.1641E+03 10.683 0.0029 0.2353E-34 0.9414E+00
2325 0.1054E+00 0.2784E+04 0.1026E-02 0.9578E+01 0.2242E+07 0.1646E+03 10.679 0.0029 0.2340E-34 0.9408E+00
2330 0.1058E+00 0.2783E+04 0.1023E-02 0.9569E+01 0.2243E+07 0.1651E+03 10.675 0.0029 0.2327E-34 0.9402E+00
2335 0.1061E+00 0.2782E+04 0.1020E-02 0.9559E+01 0.2243E+07 0.1656E+03 10.671 0.0030 0.2315E-34 0.9396E+00
2340 0.1065E+00 0.2782E+04 0.1017E-02 0.9550E+01 0.2244E+07 0.1660E+03 10.668 0.0030 0.2303E-34 0.9390E+00
2345 0.1068E+00 0.2781E+04 0.1014E-02 0.9540E+01 0.2244E+07 0.1665E+03 10.664 0.0030 0.2291E-34 0.9384E+00
2350 0.1072E+00 0.2780E+04 0.1011E-02 0.9531E+01 0.2245E+07 0.1670E+03 10.661 0.0030 0.2279E-34 0.9379E+00
2355 0.1075E+00 0.2779E+04 0.1008E-02 0.9522E+01 0.2245E+07 0.1675E+03 10.657 0.0031 0.2267E-34 0.9373E+00
2360 0.1079E+00 0.2779E+04 0.1005E-02 0.9513E+01 0.2246E+07 0.1680E+03 10.654 0.0031 0.2256E-34 0.9368E+00
2365 0.1082E+00 0.2778E+04 0.1002E-02 0.9505E+01 0.2246E+07 0.1684E+03 10.650 0.0031 0.2245E-34 0.9362E+00
2370 0.1086E+00 0.2777E+04 0.9989E-03 0.9496E+01 0.2247E+07 0.1689E+03 10.647 0.0031 0.2234E-34 0.9357E+00
2375 0.1089E+00 0.2776E+04 0.9961E-03 0.9487E+01 0.2247E+07 0.1693E+03 10.644 0.0032 0.2223E-34 0.9351E+00
2380 0.1092E+00 0.2776E+04 0.9933E-03 0.9479E+01 0.2248E+07 0.1698E+03 10.640 0.0032 0.2213E-34 0.9346E+00
2385 0.1096E+00 0.2775E+04 0.9905E-03 0.9470E+01 0.2248E+07 0.1703E+03 10.637 0.0032 0.2203E-34 0.9341E+00
2390 0.1099E+00 0.2774E+04 0.9878E-03 0.9462E+01 0.2249E+07 0.1707E+03 10.634 0.0032 0.2192E-34 0.9335E+00
2395 0.1102E+00 0.2774E+04 0.9851E-03 0.9454E+01 0.2249E+07 0.1711E+03 10.631 0.0032 0.2182E-34 0.9330E+00
2400 0.1106E+00 0.2773E+04 0.9824E-03 0.9446E+01 0.2249E+07 0.1716E+03 10.627 0.0033 0.2172E-34 0.9325E+00
2405 0.1109E+00 0.2772E+04 0.9798E-03 0.9438E+01 0.2250E+07 0.1720E+03 10.624 0.0033 0.2163E-34 0.9320E+00
2410 0.1112E+00 0.2772E+04 0.9772E-03 0.9430E+01 0.2250E+07 0.1725E+03 10.621 0.0033 0.2153E-34 0.9315E+00
2415 0.1115E+00 0.2771E+04 0.9747E-03 0.9422E+01 0.2251E+07 0.1729E+03 10.618 0.0033 0.2144E-34 0.9310E+00
2420 0.1118E+00 0.2770E+04 0.9721E-03 0.9414E+01 0.2251E+07 0.1733E+03 10.615 0.0034 0.2134E-34 0.9305E+00
2425 0.1122E+00 0.2770E+04 0.9696E-03 0.9407E+01 0.2252E+07 0.1737E+03 10.612 0.0034 0.2125E-34 0.9300E+00
2430 0.1125E+00 0.2769E+04 0.9671E-03 0.9399E+01 0.2252E+07 0.1742E+03 10.609 0.0034 0.2116E-34 0.9295E+00
2435 0.1128E+00 0.2768E+04 0.9647E-03 0.9392E+01 0.2252E+07 0.1746E+03 10.606 0.0034 0.2107E-34 0.9290E+00
2440 0.1131E+00 0.2768E+04 0.9623E-03 0.9384E+01 0.2253E+07 0.1750E+03 10.603 0.0035 0.2099E-34 0.9286E+00
2445 0.1134E+00 0.2767E+04 0.9599E-03 0.9377E+01 0.2253E+07 0.1754E+03 10.600 0.0035 0.2090E-34 0.9281E+00
2450 0.1137E+00 0.2766E+04 0.9575E-03 0.9370E+01 0.2253E+07 0.1758E+03 10.597 0.0035 0.2082E-34 0.9276E+00
2455 0.1140E+00 0.2766E+04 0.9552E-03 0.9363E+01 0.2254E+07 0.1762E+03 10.594 0.0035 0.2073E-34 0.9272E+00
2460 0.1143E+00 0.2765E+04 0.9529E-03 0.9356E+01 0.2254E+07 0.1766E+03 10.591 0.0035 0.2065E-34 0.9267E+00
2465 0.1146E+00 0.2764E+04 0.9506E-03 0.9349E+01 0.2254E+07 0.1770E+03 10.589 0.0036 0.2057E-34 0.9263E+00
2470 0.1149E+00 0.2764E+04 0.9483E-03 0.9342E+01 0.2255E+07 0.1774E+03 10.586 0.0036 0.2049E-34 0.9258E+00
2475 0.1152E+00 0.2763E+04 0.9461E-03 0.9335E+01 0.2255E+07 0.1778E+03 10.583 0.0036 0.2041E-34 0.9254E+00
2480 0.1155E+00 0.2763E+04 0.9438E-03 0.9328E+01 0.2256E+07 0.1782E+03 10.580 0.0036 0.2033E-34 0.9249E+00
2485 0.1158E+00 0.2762E+04 0.9416E-03 0.9321E+01 0.2256E+07 0.1786E+03 10.577 0.0037 0.2025E-34 0.9245E+00
2490 0.1161E+00 0.2761E+04 0.9395E-03 0.9314E+01 0.2256E+07 0.1790E+03 10.575 0.0037 0.2018E-34 0.9240E+00
2495 0.1164E+00 0.2761E+04 0.9373E-03 0.9308E+01 0.2256E+07 0.1794E+03 10.572 0.0037 0.2010E-34 0.9236E+00
2500 0.1167E+00 0.2760E+04 0.9352E-03 0.9301E+01 0.2257E+07 0.1797E+03 10.569 0.0037 0.2003E-34 0.9232E+00
2505 0.1170E+00 0.2760E+04 0.9331E-03 0.9295E+01 0.2257E+07 0.1801E+03 10.567 0.0037 0.1996E-34 0.9228E+00
2510 0.1172E+00 0.2759E+04 0.9310E-03 0.9288E+01 0.2257E+07 0.1805E+03 10.564 0.0038 0.1988E-34 0.9223E+00
2515 0.1175E+00 0.2758E+04 0.9289E-03 0.9282E+01 0.2258E+07 0.1809E+03 10.562 0.0038 0.1981E-34 0.9219E+00
2520 0.1178E+00 0.2758E+04 0.9268E-03 0.9275E+01 0.2258E+07 0.1812E+03 10.559 0.0038 0.1974E-34 0.9215E+00
2525 0.1181E+00 0.2757E+04 0.9248E-03 0.9269E+01 0.2258E+07 0.1816E+03 10.556 0.0038 0.1967E-34 0.9211E+00
2530 0.1184E+00 0.2757E+04 0.9228E-03 0.9263E+01 0.2259E+07 0.1820E+03 10.554 0.0039 0.1960E-34 0.9207E+00
2535 0.1186E+00 0.2756E+04 0.9208E-03 0.9257E+01 0.2259E+07 0.1824E+03 10.551 0.0039 0.1953E-34 0.9203E+00
2540 0.1189E+00 0.2756E+04 0.9188E-03 0.9251E+01 0.2259E+07 0.1827E+03 10.549 0.0039 0.1947E-34 0.9199E+00
2545 0.1192E+00 0.2755E+04 0.9169E-03 0.9244E+01 0.2259E+07 0.1831E+03 10.546 0.0039 0.1940E-34 0.9195E+00
2550 0.1195E+00 0.2754E+04 0.9149E-03 0.9238E+01 0.2260E+07 0.1834E+03 10.544 0.0039 0.1933E-34 0.9191E+00
2555 0.1197E+00 0.2754E+04 0.9130E-03 0.9232E+01 0.2260E+07 0.1838E+03 10.541 0.0040 0.1927E-34 0.9187E+00
2560 0.1200E+00 0.2753E+04 0.9111E-03 0.9226E+01 0.2260E+07 0.1842E+03 10.539 0.0040 0.1921E-34 0.9183E+00
2565 0.1203E+00 0.2753E+04 0.9092E-03 0.9221E+01 0.2260E+07 0.1845E+03 10.536 0.0040 0.1914E-34 0.9179E+00
2570 0.1205E+00 0.2752E+04 0.9073E-03 0.9215E+01 0.2261E+07 0.1849E+03 10.534 0.0040 0.1908E-34 0.9176E+00
2575 0.1208E+00 0.2752E+04 0.9054E-03 0.9209E+01 0.2261E+07 0.1852E+03 10.532 0.0040 0.1902E-34 0.9172E+00
2580 0.1211E+00 0.2751E+04 0.9036E-03 0.9203E+01 0.2261E+07 0.1856E+03 10.529 0.0041 0.1896E-34 0.9168E+00
2585 0.1213E+00 0.2751E+04 0.9017E-03 0.9197E+01 0.2261E+07 0.1859E+03 10.527 0.0041 0.1890E-34 0.9164E+00
2590 0.1216E+00 0.2750E+04 0.8999E-03 0.9192E+01 0.2262E+07 0.1863E+03 10.525 0.0041 0.1884E-34 0.9161E+00
2595 0.1219E+00 0.2749E+04 0.8981E-03 0.9186E+01 0.2262E+07 0.1866E+03 10.522 0.0041 0.1878E-34 0.9157E+00
2600 0.1221E+00 0.2749E+04 0.8963E-03 0.9181E+01 0.2262E+07 0.1869E+03 10.520 0.0041 0.1872E-34 0.9153E+00
2605 0.1224E+00 0.2748E+04 0.8946E-03 0.9175E+01 0.2262E+07 0.1873E+03 10.518 0.0042 0.1866E-34 0.9150E+00
2610 0.1227E+00 0.2748E+04 0.8928E-03 0.9170E+01 0.2263E+07 0.1876E+03 10.515 0.0042 0.1860E-34 0.9146E+00
2615 0.1229E+00 0.2747E+04 0.8910E-03 0.9164E+01 0.2263E+07 0.1880E+03 10.513 0.0042 0.1854E-34 0.9143E+00
2620 0.1232E+00 0.2747E+04 0.8893E-03 0.9159E+01 0.2263E+07 0.1883E+03 10.511 0.0042 0.1849E-34 0.9139E+00
2625 0.1234E+00 0.2746E+04 0.8876E-03 0.9153E+01 0.2263E+07 0.1886E+03 10.509 0.0042 0.1843E-34 0.9136E+00
2630 0.1237E+00 0.2746E+04 0.8859E-03 0.9148E+01 0.2263E+07 0.1890E+03 10.506 0.0043 0.1838E-34 0.9132E+00
2635 0.1239E+00 0.2745E+04 0.8842E-03 0.9143E+01 0.2264E+07 0.1893E+03 10.504 0.0043 0.1832E-34 0.9129E+00
2640 0.1242E+00 0.2745E+04 0.8825E-03 0.9137E+01 0.2264E+07 0.1896E+03 10.502 0.0043 0.1827E-34 0.9125E+00
2645 0.1244E+00 0.2744E+04 0.8809E-03 0.9132E+01 0.2264E+07 0.1899E+03 10.500 0.0043 0.1821E-34 0.9122E+00
2650 0.1247E+00 0.2744E+04 0.8792E-03 0.9127E+01 0.2264E+07 0.1903E+03 10.498 0.0043 0.1816E-34 0.9118E+00
2655 0.1249E+00 0.2743E+04 0.8776E-03 0.9122E+01 0.2264E+07 0.1906E+03 10.495 0.0044 0.1811E-34 0.9115E+00
2660 0.1252E+00 0.2743E+04 0.8759E-03 0.9117E+01 0.2265E+07 0.1909E+03 10.493 0.0044 0.1806E-34 0.9112E+00
2665 0.1254E+00 0.2742E+04 0.8743E-03 0.9112E+01 0.2265E+07 0.1912E+03 10.491 0.0044 0.1801E-34 0.9108E+00
2670 0.1257E+00 0.2742E+04 0.8727E-03 0.9107E+01 0.2265E+07 0.1915E+03 10.489 0.0044 0.1795E-34 0.9105E+00
2675 0.1259E+00 0.2741E+04 0.8711E-03 0.9102E+01 0.2265E+07 0.1919E+03 10.487 0.0044 0.1790E-34 0.9102E+00
2680 0.1262E+00 0.2741E+04 0.8695E-03 0.9097E+01 0.2265E+07 0.1922E+03 10.485 0.0045 0.1785E-34 0.9099E+00
2685 0.1264E+00 0.2740E+04 0.8679E-03 0.9092E+01 0.2266E+07 0.1925E+03 10.483 0.0045 0.1780E-34 0.9095E+00
2690 0.1267E+00 0.2740E+04 0.8663E-03 0.9087E+01 0.2266E+07 0.1928E+03 10.481 0.0045 0.1776E-34 0.9092E+00
2695 0.1269E+00 0.2739E+04 0.8648E-03 0.9082E+01 0.2266E+07 0.1931E+03 10.479 0.0045 0.1771E-34 0.9089E+00
2700 0.1271E+00 0.2739E+04 0.8632E-03 0.9077E+01 0.2266E+07 0.1934E+03 10.476 0.0045 0.1766E-34 0.9086E+00
2705 0.1274E+00 0.2738E+04 0.8617E-03 0.9072E+01 0.2266E+07 0.1937E+03 10.474 0.0046 0.1761E-34 0.9083E+00
2710 0.1276E+00 0.2738E+04 0.8602E-03 0.9067E+01 0.2267E+07 0.1941E+03 10.472 0.0046 0.1756E-34 0.9080E+00
2715 0.1279E+00 0.2737E+04 0.8586E-03 0.9062E+01 0.2267E+07 0.1944E+03 10.470 0.0046 0.1752E-34 0.9076E+00
2720 0.1281E+00 0.2737E+04 0.8571E-03 0.9058E+01 0.2267E+07 0.1947E+03 10.468 0.0046 0.1747E-34 0.9073E+00
2725 0.1283E+00 0.2736E+04 0.8556E-03 0.9053E+01 0.2267E+07 0.1950E+03 10.466 0.0046 0.1742E-34 0.9070E+00
2730 0.1286E+00 0.2736E+04 0.8541E-03 0.9048E+01 0.2267E+07 0.1953E+03 10.464 0.0047 0.1738E-34 0.9067E+00
2735 0.1288E+00 0.2735E+04 0.8526E-03 0.9044E+01 0.2267E+07 0.1956E+03 10.462 0.0047 0.1733E-34 0.9064E+00
2740 0.1291E+00 0.2735E+04 0.8512E-03 0.9039E+01 0.2268E+07 0.1959E+03 10.460 0.0047 0.1729E-34 0.9061E+00
2745 0.1293E+00 0.2734E+04 0.8497E-03 0.9035E+01 0.2268E+07 0.1962E+03 10.458 0.0047 0.1724E-34 0.9058E+00
2750 0.1295E+00 0.2734E+04 0.8483E-03 0.9030E+01 0.2268E+07 0.1965E+03 10.457 0.0047 0.1720E-34 0.9055E+00
2755 0.1298E+00 0.2733E+04 0.8468E-03 0.9025E+01 0.2268E+07 0.1968E+03 10.455 0.0048 0.1715E-34 0.9052E+00
2760 0.1300E+00 0.2733E+04 0.8454E-03 0.9021E+01 0.2268E+07 0.1971E+03 10.453 0.0048 0.1711E-34 0.9049E+00
2765 0.1302E+00 0.2732E+04 0.8440E-03 0.9016E+01 0.2268E+07 0.1974E+03 10.451 0.0048 0.1707E-34 0.9046E+00
2770 0.1305E+00 0.2732E+04 0.8425E-03 0.9012E+01 0.2268E+07 0.1977E+03 10.449 0.0048 0.1703E-34 0.9044E+00
2775 0.1307E+00 0.2731E+04 0.8411E-03 0.9007E+01 0.2269E+07 0.1980E+03 10.447 0.0048 0.1698E-34 0.9041E+00
2780 0.1309E+00 0.2731E+04 0.8397E-03 0.9003E+01 0.2269E+07 0.1982E+03 10.445 0.0049 0.1694E-34 0.9038E+00
2785 0.1311E+00 0.2731E+04 0.8383E-03 0.8999E+01 0.2269E+07 0.1985E+03 10.443 0.0049 0.1690E-34 0.9035E+00
2790 0.1314E+00 0.2730E+04 0.8370E-03 0.8994E+01 0.2269E+07 0.1988E+03 10.441 0.0049 0.1686E-34 0.9032E+00
2795 0.1316E+00 0.2730E+04 0.8356E-03 0.8990E+01 0.2269E+07 0.1991E+03 10.439 0.0049 0.1682E-34 0.9029E+00
2800 0.1318E+00 0.2729E+04 0.8342E-03 0.8986E+01 0.2269E+07 0.1994E+03 10.437 0.0049 0.1678E-34 0.9026E+00
2805 0.1321E+00 0.2729E+04 0.8329E-03 0.8981E+01 0.2269E+07 0.1997E+03 10.436 0.0049 0.1674E-34 0.9024E+00
2810 0.1323E+00 0.2728E+04 0.8315E-03 0.8977E+01 0.2270E+07 0.2000E+03 10.434 0.0050 0.1670E-34 0.9021E+00
2815 0.1325E+00 0.2728E+04 0.8302E-03 0.8973E+01 0.2270E+07 0.2003E+03 10.432 0.0050 0.1666E-34 0.9018E+00
2820 0.1327E+00 0.2727E+04 0.8288E-03 0.8969E+01 0.2270E+07 0.2005E+03 10.430 0.0050 0.1662E-34 0.9015E+00
2825 0.1329E+00 0.2727E+04 0.8275E-03 0.8964E+01 0.2270E+07 0.2008E+03 10.428 0.0050 0.1658E-34 0.9013E+00
2830 0.1332E+00 0.2726E+04 0.8262E-03 0.8960E+01 0.2270E+07 0.2011E+03 10.426 0.0050 0.1654E-34 0.9010E+00
2835 0.1334E+00 0.2726E+04 0.8249E-03 0.8956E+01 0.2270E+07 0.2014E+03 10.425 0.0051 0.1650E-34 0.9007E+00
2840 0.1336E+00 0.2726E+04 0.8236E-03 0.8952E+01 0.2270E+07 0.2017E+03 10.423 0.0051 0.1646E-34 0.9005E+00
2845 0.1338E+00 0.2725E+04 0.8223E-03 0.8948E+01 0.2270E+07 0.2019E+03 10.421 0.0051 0.1642E-34 0.9002E+00
2850 0.1341E+00 0.2725E+04 0.8210E-03 0.8944E+01 0.2270E+07 0.2022E+03 10.419 0.0051 0.1639E-34 0.8999E+00
2855 0.1343E+00 0.2724E+04 0.8197E-03 0.8940E+01 0.2271E+07 0.2025E+03 10.418 0.0051 0.1635E-34 0.8997E+00
2860 0.1345E+00 0.2724E+04 0.8185E-03 0.8936E+01 0.2271E+07 0.2028E+03 10.416 0.0051 0.1631E-34 0.8994E+00
2865 0.1347E+00 0.2723E+04 0.8172E-03 0.8932E+01 0.2271E+07 0.2031E+03 10.414 0.0052 0.1628E-34 0.8991E+00
2870 0.1349E+00 0.2723E+04 0.8159E-03 0.8928E+01 0.2271E+07 0.2033E+03 10.412 0.0052 0.1624E-34 0.8989E+00
2875 0.1352E+00 0.2722E+04 0.8147E-03 0.8924E+01 0.2271E+07 0.2036E+03 10.411 0.0052 0.1620E-34 0.8986E+00
2880 0.1354E+00 0.2722E+04 0.8134E-03 0.8920E+01 0.2271E+07 0.2039E+03 10.409 0.0052 0.1617E-34 0.8983E+00
2885 0.1356E+00 0.2722E+04 0.8122E-03 0.8916E+01 0.2271E+07 0.2041E+03 10.407 0.0052 0.1613E-34 0.8981E+00
2890 0.1358E+00 0.2721E+04 0.8110E-03 0.8912E+01 0.2271E+07 0.2044E+03 10.405 0.0053 0.1610E-34 0.8978E+00
2895 0.1360E+00 0.2721E+04 0.8097E-03 0.8908E+01 0.2271E+07 0.2047E+03 10.404 0.0053 0.1606E-34 0.8976E+00
2900 0.1362E+00 0.2720E+04 0.8085E-03 0.8904E+01 0.2272E+07 0.2050E+03 10.402 0.0053 0.1603E-34 0.8973E+00
2905 0.1364E+00 0.2720E+04 0.8073E-03 0.8900E+01 0.2272E+07 0.2052E+03 10.400 0.0053 0.1599E-34 0.8971E+00
2910 0.1367E+00 0.2719E+04 0.8061E-03 0.8896E+01 0.2272E+07 0.2055E+03 10.399 0.0053 0.1596E-34 0.8968E+00
2915 0.1369E+00 0.2719E+04 0.8049E-03 0.8892E+01 0.2272E+07 0.2058E+03 10.397 0.0053 0.1592E-34 0.8966E+00
2920 0.1371E+00 0.2719E+04 0.8037E-03 0.8889E+01 0.2272E+07 0.2060E+03 10.395 0.0054 0.1589E-34 0.8963E+00
2925 0.1373E+00 0.2718E+04 0.8025E-03 0.8885E+01 0.2272E+07 0.2063E+03 10.394 0.0054 0.1585E-34 0.8961E+00
2930 0.1375E+00 0.2718E+04 0.8013E-03 0.8881E+01 0.2272E+07 0.2066E+03 10.392 0.0054 0.1582E-34 0.8958E+00
2935 0.1377E+00 0.2717E+04 0.8002E-03 0.8877E+01 0.2272E+07 0.2068E+03 10.390 0.0054 0.1579E-34 0.8956E+00
2940 0.1379E+00 0.2717E+04 0.7990E-03 0.8874E+01 0.2272E+07 0.2071E+03 10.389 0.0054 0.1575E-34 0.8953E+00
2945 0.1381E+00 0.2716E+04 0.7978E-03 0.8870E+01 0.2272E+07 0.2073E+03 10.387 0.0055 0.1572E-34 0.8951E+00
2950 0.1384E+00 0.2716E+04 0.7967E-03 0.8866E+01 0.2272E+07 0.2076E+03 10.385 0.0055 0.1569E-34 0.8948E+00
2955 0.1386E+00 0.2716E+04 0.7955E-03 0.8862E+01 0.2272E+07 0.2079E+03 10.384 0.0055 0.1566E-34 0.8946E+00
2960 0.1388E+00 0.2715E+04 0.7944E-03 0.8859E+01 0.2273E+07 0.2081E+03 10.382 0.0055 0.1562E-34 0.8944E+00
2965 0.1390E+00 0.2715E+04 0.7932E-03 0.8855E+01 0.2273E+07 0.2084E+03 10.380 0.0055 0.1559E-34 0.8941E+00
2970 0.1392E+00 0.2714E+04 0.7921E-03 0.8851E+01 0.2273E+07 0.2086E+03 10.379 0.0055 0.1556E-34 0.8939E+00
2975 0.1394E+00 0.2714E+04 0.7910E-03 0.8848E+01 0.2273E+07 0.2089E+03 10.377 0.0056 0.1553E-34 0.8936E+00
2980 0.1396E+00 0.2714E+04 0.7898E-03 0.8844E+01 0.2273E+07 0.2092E+03 10.376 0.0056 0.1550E-34 0.8934E+00
2985 0.1398E+00 0.2713E+04 0.7887E-03 0.8841E+01 0.2273E+07 0.2094E+03 10.374 0.0056 0.1547E-34 0.8932E+00
2990 0.1400E+00 0.2713E+04 0.7876E-03 0.8837E+01 0.2273E+07 0.2097E+03 10.372 0.0056 0.1543E-34 0.8929E+00
2995 0.1406E+00 0.2711E+04 0.7843E-03 0.8826E+01 0.2273E+07 0.2104E+03 10.368 0.0057 0.1534E-34 0.8922E+00
3000 0.1423E+00 0.2708E+04 0.7756E-03 0.8798E+01 0.2274E+07 0.2124E+03 10.355 0.0058 0.1510E-34 0.8904E+00
3005 0.1449E+00 0.2703E+04 0.7620E-03 0.8755E+01 0.2274E+07 0.2157E+03 10.335 0.0060 0.1474E-34 0.8874E+00
3010 0.1484E+00 0.2696E+04 0.7449E-03 0.8699E+01 0.2275E+07 0.2198E+03 10.310 0.0063 0.1428E-34 0.8836E+00
3013 0.1500E+00 0.2693E+04 0.7371E-03 0.8674E+01 0.2275E+07 0.2218E+03 10.298 0.0065 0.1408E-34 0.8819E+00
3015 0.1514E+00 0.2690E+04 0.7302E-03 0.8651E+01 0.2275E+07 0.2235E+03 10.288 0.0066 0.1391E-34 0.8803E+00
3020 0.1551E+00 0.2683E+04 0.7133E-03 0.8596E+01 0.2276E+07 0.2279E+03 10.262 0.0069 0.1348E-34 0.8764E+00
3025 0.1589E+00 0.2676E+04 0.6967E-03 0.8541E+01 0.2275E+07 0.2323E+03 10.236 0.0072 0.1308E-34 0.8724E+00
3030 0.1627E+00 0.2669E+04 0.6804E-03 0.8488E+01 0.2275E+07 0.2367E+03 10.210 0.0076 0.1270E-34 0.8683E+00
3035 0.1666E+00 0.2661E+04 0.6645E-03 0.8435E+01 0.2274E+07 0.2412E+03 10.185 0.0079 0.1233E-34 0.8642E+00
3040 0.1706E+00 0.2653E+04 0.6488E-03 0.8383E+01 0.2274E+07 0.2457E+03 10.159 0.0083 0.1198E-34 0.8599E+00
3045 0.1747E+00 0.2646E+04 0.6334E-03 0.8332E+01 0.2272E+07 0.2503E+03 10.134 0.0086 0.1164E-34 0.8556E+00
3050 0.1789E+00 0.2637E+04 0.6181E-03 0.8282E+01 0.2271E+07 0.2549E+03 10.108 0.0090 0.1132E-34 0.8512E+00
3055 0.1832E+00 0.2629E+04 0.6032E-03 0.8232E+01 0.2269E+07 0.2596E+03 10.083 0.0094 0.1101E-34 0.8466E+00
3060 0.1875E+00 0.2621E+04 0.5887E-03 0.8183E+01 0.2267E+07 0.2643E+03 10.058 0.0098 0.1072E-34 0.8420E+00
3065 0.1920E+00 0.2613E+04 0.5746E-03 0.8135E+01 0.2265E+07 0.2690E+03 10.032 0.0101 0.1044E-34 0.8373E+00
3070 0.1966E+00 0.2605E+04 0.5607E-03 0.8087E+01 0.2263E+07 0.2738E+03 10.007 0.0105 0.1017E-34 0.8325E+00
3074 0.2000E+00 0.2599E+04 0.5508E-03 0.8053E+01 0.2261E+07 0.2773E+03  9.988 0.0108 0.9979E-35 0.8290E+00
3075 0.2009E+00 0.2597E+04 0.5481E-03 0.8043E+01 0.2260E+07 0.2783E+03  9.983 0.0109 0.9928E-35 0.8281E+00
3080 0.2057E+00 0.2589E+04 0.5349E-03 0.7997E+01 0.2257E+07 0.2832E+03  9.958 0.0113 0.9680E-35 0.8232E+00
3085 0.2106E+00 0.2580E+04 0.5219E-03 0.7952E+01 0.2254E+07 0.2881E+03  9.933 0.0117 0.9444E-35 0.8183E+00
3090 0.2156E+00 0.2572E+04 0.5092E-03 0.7907E+01 0.2250E+07 0.2930E+03  9.908 0.0121 0.9218E-35 0.8133E+00
3095 0.2206E+00 0.2563E+04 0.4968E-03 0.7863E+01 0.2247E+07 0.2980E+03  9.883 0.0125 0.9001E-35 0.8084E+00
3100 0.2258E+00 0.2554E+04 0.4843E-03 0.7819E+01 0.2243E+07 0.3030E+03  9.858 0.0129 0.8794E-35 0.8034E+00
3105 0.2311E+00 0.2544E+04 0.4721E-03 0.7777E+01 0.2238E+07 0.3080E+03  9.833 0.0134 0.8595E-35 0.7985E+00
3110 0.2365E+00 0.2535E+04 0.4601E-03 0.7735E+01 0.2234E+07 0.3131E+03  9.809 0.0138 0.8405E-35 0.7936E+00
3115 0.2420E+00 0.2525E+04 0.4483E-03 0.7693E+01 0.2229E+07 0.3182E+03  9.784 0.0142 0.8222E-35 0.7887E+00
3120 0.2477E+00 0.2516E+04 0.4369E-03 0.7653E+01 0.2224E+07 0.3233E+03  9.759 0.0146 0.8047E-35 0.7839E+00
3123 0.2500E+00 0.2512E+04 0.4323E-03 0.7636E+01 0.2222E+07 0.3254E+03  9.749 0.0148 0.7978E-35 0.7819E+00
3125 0.2523E+00 0.2512E+04 0.4321E-03 0.7635E+01 0.2222E+07 0.3255E+03  9.749 0.0148 0.7912E-35 0.7800E+00
3130 0.2581E+00 0.2502E+04 0.4210E-03 0.7596E+01 0.2217E+07 0.3307E+03  9.724 0.0152 0.7751E-35 0.7752E+00
3135 0.2641E+00 0.2492E+04 0.4102E-03 0.7556E+01 0.2211E+07 0.3359E+03  9.700 0.0156 0.7596E-35 0.7706E+00
3140 0.2701E+00 0.2483E+04 0.3998E-03 0.7518E+01 0.2205E+07 0.3411E+03  9.676 0.0160 0.7448E-35 0.7660E+00
3145 0.2763E+00 0.2473E+04 0.3898E-03 0.7480E+01 0.2199E+07 0.3463E+03  9.651 0.0164 0.7307E-35 0.7615E+00
3150 0.2825E+00 0.2464E+04 0.3801E-03 0.7443E+01 0.2193E+07 0.3515E+03  9.627 0.0168 0.7171E-35 0.7572E+00
3155 0.2889E+00 0.2454E+04 0.3707E-03 0.7407E+01 0.2187E+07 0.3567E+03  9.603 0.0172 0.7041E-35 0.7530E+00
3160 0.2954E+00 0.2445E+04 0.3616E-03 0.7371E+01 0.2180E+07 0.3619E+03  9.580 0.0175 0.6917E-35 0.7489E+00
3164 0.3000E+00 0.2438E+04 0.3553E-03 0.7346E+01 0.2175E+07 0.3656E+03  9.563 0.0178 0.6833E-35 0.7461E+00
3165 0.3013E+00 0.2436E+04 0.3535E-03 0.7339E+01 0.2174E+07 0.3667E+03  9.558 0.0178 0.6809E-35 0.7453E+00
3170 0.3081E+00 0.2427E+04 0.3447E-03 0.7304E+01 0.2167E+07 0.3719E+03  9.535 0.0182 0.6694E-35 0.7414E+00
3175 0.3149E+00 0.2417E+04 0.3362E-03 0.7270E+01 0.2160E+07 0.3772E+03  9.511 0.0185 0.6583E-35 0.7377E+00
3180 0.3220E+00 0.2408E+04 0.3278E-03 0.7236E+01 0.2152E+07 0.3825E+03  9.487 0.0188 0.6477E-35 0.7341E+00
3185 0.3291E+00 0.2398E+04 0.3193E-03 0.7203E+01 0.2145E+07 0.3879E+03  9.464 0.0192 0.6374E-35 0.7306E+00
3190 0.3365E+00 0.2387E+04 0.3111E-03 0.7170E+01 0.2137E+07 0.3932E+03  9.440 0.0195 0.6276E-35 0.7273E+00
3195 0.3440E+00 0.2377E+04 0.3029E-03 0.7138E+01 0.2129E+07 0.3986E+03  9.417 0.0198 0.6180E-35 0.7240E+00
3199 0.3500E+00 0.2369E+04 0.2966E-03 0.7113E+01 0.2122E+07 0.4029E+03  9.398 0.0200 0.6108E-35 0.7216E+00
3200 0.3516E+00 0.2367E+04 0.2950E-03 0.7106E+01 0.2121E+07 0.4039E+03  9.393 0.0201 0.6090E-35 0.7210E+00
3205 0.3594E+00 0.2356E+04 0.2871E-03 0.7075E+01 0.2112E+07 0.4094E+03  9.370 0.0204 0.6002E-35 0.7181E+00
3210 0.3675E+00 0.2344E+04 0.2790E-03 0.7043E+01 0.2104E+07 0.4149E+03  9.346 0.0207 0.5916E-35 0.7153E+00
3215 0.3758E+00 0.2331E+04 0.2704E-03 0.7012E+01 0.2095E+07 0.4204E+03  9.323 0.0210 0.5833E-35 0.7126E+00
3220 0.3844E+00 0.2314E+04 0.2605E-03 0.6982E+01 0.2086E+07 0.4259E+03  9.299 0.0215 0.5753E-35 0.7100E+00
3225 0.3933E+00 0.2294E+04 0.2493E-03 0.6952E+01 0.2076E+07 0.4315E+03  9.275 0.0221 0.5675E-35 0.7075E+00
3229 0.4000E+00 0.2278E+04 0.2409E-03 0.6930E+01 0.2069E+07 0.4355E+03  9.258 0.0225 0.5619E-35 0.7058E+00
3230 0.4019E+00 0.2274E+04 0.2386E-03 0.6925E+01 0.2068E+07 0.4366E+03  9.254 0.0227 0.5603E-35 0.7053E+00
3235 0.4116E+00 0.2251E+04 0.2273E-03 0.6895E+01 0.2058E+07 0.4422E+03  9.230 0.0234 0.5528E-35 0.7030E+00
3240 0.4218E+00 0.2228E+04 0.2163E-03 0.6866E+01 0.2048E+07 0.4479E+03  9.206 0.0241 0.5453E-35 0.7008E+00
3245 0.4326E+00 0.2205E+04 0.2057E-03 0.6837E+01 0.2038E+07 0.4536E+03  9.182 0.0248 0.5379E-35 0.6987E+00
3250 0.4439E+00 0.2181E+04 0.1953E-03 0.6808E+01 0.2027E+07 0.4593E+03  9.158 0.0255 0.5307E-35 0.6966E+00
3253 0.4500E+00 0.2169E+04 0.1901E-03 0.6794E+01 0.2022E+07 0.4623E+03  9.146 0.0259 0.5270E-35 0.6956E+00
3255 0.4548E+00 0.2159E+04 0.1863E-03 0.6782E+01 0.2018E+07 0.4646E+03  9.136 0.0262 0.5241E-35 0.6948E+00
3260 0.4673E+00 0.2136E+04 0.1770E-03 0.6754E+01 0.2007E+07 0.4704E+03  9.112 0.0269 0.5171E-35 0.6929E+00
3265 0.4804E+00 0.2113E+04 0.1681E-03 0.6726E+01 0.1996E+07 0.4763E+03  9.088 0.0276 0.5103E-35 0.6911E+00
3270 0.4943E+00 0.2091E+04 0.1597E-03 0.6699E+01 0.1984E+07 0.4822E+03  9.063 0.0283 0.5035E-35 0.6894E+00
3273 0.5000E+00 0.2082E+04 0.1564E-03 0.6688E+01 0.1980E+07 0.4846E+03  9.053 0.0286 0.5009E-35 0.6888E+00
3275 0.5058E+00 0.2076E+04 0.1543E-03 0.6681E+01 0.1977E+07 0.4861E+03  9.047 0.0287 0.4983E-35 0.6881E+00
3280 0.5209E+00 0.2053E+04 0.1463E-03 0.6654E+01 0.1965E+07 0.4921E+03  9.022 0.0294 0.4918E-35 0.6866E+00
3285 0.5369E+00 0.2029E+04 0.1386E-03 0.6627E+01 0.1953E+07 0.4981E+03  8.998 0.0301 0.4854E-35 0.6851E+00
3289 0.5500E+00 0.2010E+04 0.1327E-03 0.6606E+01 0.1943E+07 0.5029E+03  8.978 0.0307 0.4805E-35 0.6840E+00
3290 0.5534E+00 0.2005E+04 0.1312E-03 0.6600E+01 0.1941E+07 0.5041E+03  8.973 0.0309 0.4793E-35 0.6838E+00
3295 0.5711E+00 0.1979E+04 0.1236E-03 0.6574E+01 0.1929E+07 0.5101E+03  8.948 0.0317 0.4732E-35 0.6825E+00
3300 0.5894E+00 0.1950E+04 0.1155E-03 0.6549E+01 0.1917E+07 0.5160E+03  8.924 0.0328 0.4674E-35 0.6813E+00
3304 0.6000E+00 0.1932E+04 0.1109E-03 0.6535E+01 0.1910E+07 0.5192E+03  8.911 0.0336 0.4643E-35 0.6807E+00
3305 0.6034E+00 0.1927E+04 0.1095E-03 0.6531E+01 0.1908E+07 0.5203E+03  8.907 0.0338 0.4633E-35 0.6805E+00
3310 0.6208E+00 0.1898E+04 0.1025E-03 0.6510E+01 0.1897E+07 0.5253E+03  8.886 0.0351 0.4584E-35 0.6796E+00
3315 0.6395E+00 0.1871E+04 0.9609E-04 0.6489E+01 0.1886E+07 0.5304E+03  8.865 0.0363 0.4535E-35 0.6787E+00
3318 0.6500E+00 0.1857E+04 0.9287E-04 0.6478E+01 0.1880E+07 0.5331E+03  8.854 0.0369 0.4509E-35 0.6783E+00
3320 0.6583E+00 0.1846E+04 0.9049E-04 0.6470E+01 0.1876E+07 0.5352E+03  8.846 0.0374 0.4489E-35 0.6779E+00
3325 0.6802E+00 0.1819E+04 0.8476E-04 0.6448E+01 0.1864E+07 0.5405E+03  8.824 0.0386 0.4439E-35 0.6771E+00
3330 0.7000E+00 0.1796E+04 0.8020E-04 0.6430E+01 0.1855E+07 0.5450E+03  8.805 0.0396 0.4397E-35 0.6764E+00
3330 0.7000E+00 0.1796E+04 0.8020E-04 0.6430E+01 0.1855E+07 0.5450E+03  8.805 0.0396 0.4397E-35 0.6764E+00
3335 0.7247E+00 0.1770E+04 0.7514E-04 0.6409E+01 0.1843E+07 0.5503E+03  8.784 0.0408 0.4348E-35 0.6757E+00
3340 0.7500E+00 0.1745E+04 0.7057E-04 0.6389E+01 0.1831E+07 0.5555E+03  8.763 0.0419 0.4301E-35 0.6750E+00
3340 0.7500E+00 0.1745E+04 0.7057E-04 0.6389E+01 0.1831E+07 0.5555E+03  8.763 0.0419 0.4301E-35 0.6750E+00
3345 0.7780E+00 0.1720E+04 0.6612E-04 0.6369E+01 0.1819E+07 0.5609E+03  8.740 0.0431 0.4253E-35 0.6743E+00
3349 0.8000E+00 0.1702E+04 0.6304E-04 0.6354E+01 0.1810E+07 0.5649E+03  8.724 0.0439 0.4218E-35 0.6739E+00
3350 0.8062E+00 0.1697E+04 0.6223E-04 0.6349E+01 0.1808E+07 0.5660E+03  8.720 0.0442 0.4208E-35 0.6737E+00
3355 0.8399E+00 0.1673E+04 0.5835E-04 0.6328E+01 0.1795E+07 0.5717E+03  8.696 0.0452 0.4159E-35 0.6731E+00
3357 0.8500E+00 0.1666E+04 0.5736E-04 0.6322E+01 0.1791E+07 0.5734E+03  8.689 0.0454 0.4145E-35 0.6730E+00
3360 0.8721E+00 0.1653E+04 0.5540E-04 0.6309E+01 0.1783E+07 0.5770E+03  8.674 0.0457 0.4115E-35 0.6726E+00
3364 0.9000E+00 0.1639E+04 0.5322E-04 0.6293E+01 0.1773E+07 0.5813E+03  8.657 0.0460 0.4080E-35 0.6722E+00
3365 0.9077E+00 0.1635E+04 0.5266E-04 0.6288E+01 0.1770E+07 0.5825E+03  8.652 0.0461 0.4071E-35 0.6721E+00
3370 0.9476E+00 0.1617E+04 0.5001E-04 0.6267E+01 0.1756E+07 0.5884E+03  8.627 0.0464 0.4025E-35 0.6717E+00
3371 0.9500E+00 0.1616E+04 0.4986E-04 0.6266E+01 0.1755E+07 0.5888E+03  8.626 0.0464 0.4022E-35 0.6716E+00
3375 0.9831E+00 0.1602E+04 0.4787E-04 0.6249E+01 0.1744E+07 0.5935E+03  8.607 0.0465 0.3988E-35 0.6713E+00
3377 0.1000E+01 0.1595E+04 0.4693E-04 0.6241E+01 0.1739E+07 0.5958E+03  8.597 0.0465 0.3971E-35 0.6711E+00
3380 0.1026E+01 0.1584E+04 0.4554E-04 0.6229E+01 0.1730E+07 0.5993E+03  8.582 0.0466 0.3946E-35 0.6709E+00
3385 0.1071E+01 0.1567E+04 0.4332E-04 0.6208E+01 0.1716E+07 0.6052E+03  8.558 0.0466 0.3906E-35 0.6706E+00
3390 0.1117E+01 0.1551E+04 0.4123E-04 0.6189E+01 0.1702E+07 0.6110E+03  8.534 0.0466 0.3868E-35 0.6703E+00
3395 0.1165E+01 0.1534E+04 0.3925E-04 0.6169E+01 0.1689E+07 0.6167E+03  8.510 0.0465 0.3832E-35 0.6700E+00
3400 0.1214E+01 0.1518E+04 0.3738E-04 0.6150E+01 0.1675E+07 0.6224E+03  8.487 0.0464 0.3798E-35 0.6698E+00
3405 0.1265E+01 0.1502E+04 0.3561E-04 0.6132E+01 0.1661E+07 0.6279E+03  8.464 0.0463 0.3766E-35 0.6696E+00
3410 0.1317E+01 0.1486E+04 0.3393E-04 0.6114E+01 0.1648E+07 0.6334E+03  8.441 0.0462 0.3736E-35 0.6694E+00
3415 0.1371E+01 0.1470E+04 0.3235E-04 0.6097E+01 0.1634E+07 0.6388E+03  8.418 0.0460 0.3707E-35 0.6693E+00
3420 0.1426E+01 0.1455E+04 0.3085E-04 0.6080E+01 0.1621E+07 0.6441E+03  8.396 0.0458 0.3680E-35 0.6692E+00
3425 0.1482E+01 0.1440E+04 0.2943E-04 0.6063E+01 0.1608E+07 0.6493E+03  8.373 0.0455 0.3654E-35 0.6690E+00
3427 0.1500E+01 0.1435E+04 0.2901E-04 0.6058E+01 0.1604E+07 0.6509E+03  8.367 0.0454 0.3646E-35 0.6690E+00
3430 0.1535E+01 0.1426E+04 0.2821E-04 0.6048E+01 0.1596E+07 0.6540E+03  8.354 0.0453 0.3632E-35 0.6690E+00
3435 0.1595E+01 0.1412E+04 0.2694E-04 0.6033E+01 0.1583E+07 0.6591E+03  8.332 0.0450 0.3609E-35 0.6689E+00
3440 0.1656E+01 0.1398E+04 0.2572E-04 0.6017E+01 0.1570E+07 0.6641E+03  8.310 0.0447 0.3587E-35 0.6688E+00
3445 0.1719E+01 0.1383E+04 0.2456E-04 0.6002E+01 0.1557E+07 0.6691E+03  8.289 0.0444 0.3566E-35 0.6687E+00
3450 0.1784E+01 0.1369E+04 0.2345E-04 0.5987E+01 0.1544E+07 0.6740E+03  8.268 0.0440 0.3546E-35 0.6687E+00
3455 0.1851E+01 0.1355E+04 0.2237E-04 0.5973E+01 0.1532E+07 0.6788E+03  8.247 0.0437 0.3527E-35 0.6686E+00
3460 0.1920E+01 0.1340E+04 0.2134E-04 0.5959E+01 0.1519E+07 0.6836E+03  8.226 0.0434 0.3509E-35 0.6686E+00
3465 0.1992E+01 0.1326E+04 0.2036E-04 0.5945E+01 0.1507E+07 0.6883E+03  8.206 0.0431 0.3491E-35 0.6686E+00
3466 0.2000E+01 0.1324E+04 0.2024E-04 0.5943E+01 0.1506E+07 0.6889E+03  8.203 0.0431 0.3489E-35 0.6685E+00
3470 0.2059E+01 0.1313E+04 0.1950E-04 0.5932E+01 0.1496E+07 0.6926E+03  8.187 0.0428 0.3476E-35 0.6685E+00
3475 0.2134E+01 0.1299E+04 0.1861E-04 0.5919E+01 0.1484E+07 0.6972E+03  8.167 0.0425 0.3460E-35 0.6685E+00
3480 0.2212E+01 0.1286E+04 0.1776E-04 0.5906E+01 0.1472E+07 0.7018E+03  8.146 0.0421 0.3445E-35 0.6685E+00
3485 0.2293E+01 0.1272E+04 0.1696E-04 0.5893E+01 0.1459E+07 0.7063E+03  8.126 0.0417 0.3431E-35 0.6684E+00
3490 0.2376E+01 0.1259E+04 0.1619E-04 0.5880E+01 0.1448E+07 0.7108E+03  8.106 0.0413 0.3417E-35 0.6684E+00
3495 0.2462E+01 0.1246E+04 0.1547E-04 0.5868E+01 0.1436E+07 0.7152E+03  8.087 0.0409 0.3404E-35 0.6684E+00
3498 0.2500E+01 0.1241E+04 0.1517E-04 0.5863E+01 0.1431E+07 0.7171E+03  8.078 0.0407 0.3398E-35 0.6684E+00
3500 0.2535E+01 0.1236E+04 0.1490E-04 0.5858E+01 0.1426E+07 0.7189E+03  8.070 0.0405 0.3393E-35 0.6684E+00
3505 0.2626E+01 0.1223E+04 0.1424E-04 0.5846E+01 0.1414E+07 0.7232E+03  8.051 0.0400 0.3381E-35 0.6684E+00
3510 0.2720E+01 0.1210E+04 0.1361E-04 0.5834E+01 0.1403E+07 0.7275E+03  8.031 0.0396 0.3369E-35 0.6684E+00
3515 0.2817E+01 0.1198E+04 0.1300E-04 0.5823E+01 0.1391E+07 0.7318E+03  8.012 0.0391 0.3358E-35 0.6684E+00
3520 0.2917E+01 0.1186E+04 0.1243E-04 0.5811E+01 0.1380E+07 0.7360E+03  7.992 0.0386 0.3347E-35 0.6684E+00
3525 0.3000E+01 0.1176E+04 0.1198E-04 0.5802E+01 0.1370E+07 0.7394E+03  7.977 0.0383 0.3339E-35 0.6684E+00
3525 0.3000E+01 0.1176E+04 0.1198E-04 0.5802E+01 0.1370E+07 0.7394E+03  7.977 0.0383 0.3339E-35 0.6684E+00
3530 0.3106E+01 0.1163E+04 0.1143E-04 0.5791E+01 0.1359E+07 0.7436E+03  7.958 0.0378 0.3329E-35 0.6684E+00
3535 0.3216E+01 0.1150E+04 0.1090E-04 0.5780E+01 0.1348E+07 0.7477E+03  7.938 0.0374 0.3320E-35 0.6684E+00
3540 0.3329E+01 0.1138E+04 0.1038E-04 0.5770E+01 0.1336E+07 0.7517E+03  7.920 0.0370 0.3311E-35 0.6683E+00
3545 0.3447E+01 0.1124E+04 0.9876E-05 0.5759E+01 0.1325E+07 0.7557E+03  7.901 0.0367 0.3302E-35 0.6683E+00
3548 0.3500E+01 0.1119E+04 0.9661E-05 0.5755E+01 0.1321E+07 0.7575E+03  7.892 0.0366 0.3298E-35 0.6683E+00
3550 0.3549E+01 0.1113E+04 0.9466E-05 0.5750E+01 0.1316E+07 0.7591E+03  7.885 0.0364 0.3295E-35 0.6683E+00
3555 0.3676E+01 0.1100E+04 0.8994E-05 0.5740E+01 0.1305E+07 0.7630E+03  7.866 0.0361 0.3287E-35 0.6683E+00
3560 0.3807E+01 0.1087E+04 0.8544E-05 0.5730E+01 0.1294E+07 0.7669E+03  7.848 0.0359 0.3279E-35 0.6683E+00
3565 0.3944E+01 0.1074E+04 0.8118E-05 0.5720E+01 0.1284E+07 0.7708E+03  7.829 0.0355 0.3271E-35 0.6683E+00
3567 0.4000E+01 0.1069E+04 0.7955E-05 0.5717E+01 0.1279E+07 0.7723E+03  7.822 0.0354 0.3268E-35 0.6683E+00
3570 0.4086E+01 0.1062E+04 0.7717E-05 0.5711E+01 0.1273E+07 0.7746E+03  7.810 0.0352 0.3264E-35 0.6683E+00
3575 0.4234E+01 0.1049E+04 0.7338E-05 0.5701E+01 0.1262E+07 0.7784E+03  7.792 0.0349 0.3257E-35 0.6683E+00
3580 0.4387E+01 0.1037E+04 0.6980E-05 0.5692E+01 0.1252E+07 0.7822E+03  7.774 0.0345 0.3250E-35 0.6683E+00
3584 0.4500E+01 0.1029E+04 0.6736E-05 0.5685E+01 0.1244E+07 0.7849E+03  7.761 0.0343 0.3245E-35 0.6683E+00
3585 0.4532E+01 0.1026E+04 0.6669E-05 0.5683E+01 0.1242E+07 0.7856E+03  7.757 0.0342 0.3244E-35 0.6683E+00
3590 0.4697E+01 0.1014E+04 0.6342E-05 0.5674E+01 0.1232E+07 0.7893E+03  7.739 0.0338 0.3238E-35 0.6683E+00
3595 0.4869E+01 0.1002E+04 0.6026E-05 0.5665E+01 0.1221E+07 0.7930E+03  7.720 0.0335 0.3232E-35 0.6683E+00
3599 0.5000E+01 0.9930E+03 0.5799E-05 0.5659E+01 0.1214E+07 0.7957E+03  7.707 0.0332 0.3227E-35 0.6683E+00
3600 0.5036E+01 0.9905E+03 0.5737E-05 0.5657E+01 0.1212E+07 0.7964E+03  7.703 0.0332 0.3226E-35 0.6683E+00
3605 0.5222E+01 0.9779E+03 0.5433E-05 0.5648E+01 0.1202E+07 0.8000E+03  7.685 0.0330 0.3220E-35 0.6683E+00
3610 0.5416E+01 0.9646E+03 0.5129E-05 0.5639E+01 0.1192E+07 0.8036E+03  7.667 0.0328 0.3215E-35 0.6683E+00
3613 0.5500E+01 0.9590E+03 0.5003E-05 0.5636E+01 0.1187E+07 0.8050E+03  7.660 0.0328 0.3213E-35 0.6683E+00
3615 0.5582E+01 0.9534E+03 0.4881E-05 0.5632E+01 0.1183E+07 0.8064E+03  7.653 0.0328 0.3210E-35 0.6683E+00
3620 0.5789E+01 0.9394E+03 0.4587E-05 0.5624E+01 0.1174E+07 0.8099E+03  7.635 0.0328 0.3205E-35 0.6683E+00
3625 0.5999E+01 0.9256E+03 0.4312E-05 0.5616E+01 0.1164E+07 0.8131E+03  7.618 0.0329 0.3200E-35 0.6683E+00
3626 0.6000E+01 0.9256E+03 0.4311E-05 0.5616E+01 0.1164E+07 0.8132E+03  7.618 0.0329 0.3200E-35 0.6683E+00
3630 0.6168E+01 0.9148E+03 0.4106E-05 0.5610E+01 0.1157E+07 0.8157E+03  7.605 0.0330 0.3197E-35 0.6683E+00
3635 0.6389E+01 0.9014E+03 0.3860E-05 0.5603E+01 0.1148E+07 0.8187E+03  7.589 0.0332 0.3192E-35 0.6683E+00
3638 0.6500E+01 0.8949E+03 0.3746E-05 0.5600E+01 0.1144E+07 0.8202E+03  7.582 0.0333 0.3190E-35 0.6683E+00
3640 0.6592E+01 0.8896E+03 0.3655E-05 0.5597E+01 0.1141E+07 0.8214E+03  7.575 0.0334 0.3188E-35 0.6683E+00
3645 0.6829E+01 0.8766E+03 0.3437E-05 0.5590E+01 0.1132E+07 0.8244E+03  7.560 0.0336 0.3184E-35 0.6683E+00
3649 0.7000E+01 0.8678E+03 0.3294E-05 0.5585E+01 0.1126E+07 0.8264E+03  7.549 0.0337 0.3181E-35 0.6683E+00
3650 0.7050E+01 0.8652E+03 0.3254E-05 0.5584E+01 0.1125E+07 0.8270E+03  7.546 0.0338 0.3181E-35 0.6683E+00
3655 0.7309E+01 0.8526E+03 0.3061E-05 0.5577E+01 0.1117E+07 0.8299E+03  7.531 0.0340 0.3176E-35 0.6683E+00
3659 0.7500E+01 0.8437E+03 0.2931E-05 0.5572E+01 0.1111E+07 0.8319E+03  7.520 0.0341 0.3174E-35 0.6683E+00
3660 0.7555E+01 0.8412E+03 0.2895E-05 0.5571E+01 0.1109E+07 0.8325E+03  7.517 0.0342 0.3173E-35 0.6683E+00
3665 0.7840E+01 0.8290E+03 0.2723E-05 0.5565E+01 0.1101E+07 0.8353E+03  7.502 0.0344 0.3169E-35 0.6683E+00
3668 0.8000E+01 0.8224E+03 0.2635E-05 0.5561E+01 0.1097E+07 0.8368E+03  7.494 0.0345 0.3167E-35 0.6683E+00
3670 0.8122E+01 0.8176E+03 0.2571E-05 0.5559E+01 0.1093E+07 0.8380E+03  7.488 0.0346 0.3165E-35 0.6683E+00
3675 0.8438E+01 0.8057E+03 0.2419E-05 0.5552E+01 0.1085E+07 0.8408E+03  7.473 0.0348 0.3161E-35 0.6683E+00
3676 0.8500E+01 0.8034E+03 0.2391E-05 0.5551E+01 0.1084E+07 0.8413E+03  7.470 0.0348 0.3161E-35 0.6683E+00
3680 0.8769E+01 0.7941E+03 0.2278E-05 0.5546E+01 0.1077E+07 0.8435E+03  7.458 0.0349 0.3158E-35 0.6683E+00
3684 0.9000E+01 0.7865E+03 0.2188E-05 0.5542E+01 0.1072E+07 0.8454E+03  7.448 0.0351 0.3155E-35 0.6683E+00
3685 0.9072E+01 0.7841E+03 0.2161E-05 0.5540E+01 0.1071E+07 0.8459E+03  7.444 0.0351 0.3154E-35 0.6683E+00
3690 0.9448E+01 0.7727E+03 0.2034E-05 0.5534E+01 0.1062E+07 0.8487E+03  7.429 0.0352 0.3151E-35 0.6683E+00
3691 0.9500E+01 0.7712E+03 0.2017E-05 0.5533E+01 0.1061E+07 0.8491E+03  7.427 0.0352 0.3150E-35 0.6683E+00
3695 0.9821E+01 0.7622E+03 0.1921E-05 0.5528E+01 0.1055E+07 0.8514E+03  7.414 0.0353 0.3147E-35 0.6683E+00
3698 0.1000E+02 0.7575E+03 0.1872E-05 0.5525E+01 0.1051E+07 0.8526E+03  7.408 0.0353 0.3146E-35 0.6683E+00
3700 0.1017E+02 0.7531E+03 0.1827E-05 0.5523E+01 0.1048E+07 0.8537E+03  7.401 0.0353 0.3144E-35 0.6683E+00
3704 0.1050E+02 0.7450E+03 0.1747E-05 0.5518E+01 0.1042E+07 0.8558E+03  7.390 0.0354 0.3141E-35 0.6683E+00
3705 0.1059E+02 0.7428E+03 0.1726E-05 0.5517E+01 0.1040E+07 0.8564E+03  7.386 0.0354 0.3141E-35 0.6683E+00
3710 0.1100E+02 0.7335E+03 0.1638E-05 0.5511E+01 0.1033E+07 0.8589E+03  7.373 0.0354 0.3137E-35 0.6683E+00
3710 0.1100E+02 0.7335E+03 0.1638E-05 0.5511E+01 0.1033E+07 0.8589E+03  7.373 0.0354 0.3137E-35 0.6683E+00
3715 0.1150E+02 0.7229E+03 0.1542E-05 0.5505E+01 0.1025E+07 0.8617E+03  7.357 0.0353 0.3134E-35 0.6683E+00
3715 0.1150E+02 0.7229E+03 0.1542E-05 0.5505E+01 0.1025E+07 0.8617E+03  7.357 0.0353 0.3134E-35 0.6683E+00
3720 0.1200E+02 0.7131E+03 0.1456E-05 0.5499E+01 0.1017E+07 0.8644E+03  7.341 0.0353 0.3131E-35 0.6683E+00
3720 0.1200E+02 0.7131E+03 0.1456E-05 0.5499E+01 0.1017E+07 0.8644E+03  7.341 0.0353 0.3131E-35 0.6683E+00
3725 0.1250E+02 0.7040E+03 0.1380E-05 0.5493E+01 0.1010E+07 0.8670E+03  7.327 0.0352 0.3127E-35 0.6683E+00
3725 0.1250E+02 0.7040E+03 0.1380E-05 0.5493E+01 0.1010E+07 0.8670E+03  7.327 0.0352 0.3127E-35 0.6683E+00
3730 0.1300E+02 0.6955E+03 0.1312E-05 0.5488E+01 0.1003E+07 0.8694E+03  7.313 0.0351 0.3124E-35 0.6683E+00
3730 0.1300E+02 0.6955E+03 0.1312E-05 0.5488E+01 0.1003E+07 0.8694E+03  7.313 0.0351 0.3124E-35 0.6683E+00
3734 0.1350E+02 0.6875E+03 0.1251E-05 0.5483E+01 0.9960E+06 0.8718E+03  7.299 0.0350 0.3122E-35 0.6683E+00
3735 0.1363E+02 0.6855E+03 0.1236E-05 0.5482E+01 0.9943E+06 0.8723E+03  7.296 0.0349 0.3121E-35 0.6683E+00
3738 0.1400E+02 0.6801E+03 0.1196E-05 0.5478E+01 0.9895E+06 0.8740E+03  7.286 0.0348 0.3119E-35 0.6683E+00
3740 0.1427E+02 0.6762E+03 0.1167E-05 0.5476E+01 0.9862E+06 0.8751E+03  7.280 0.0347 0.3118E-35 0.6683E+00
3742 0.1450E+02 0.6731E+03 0.1145E-05 0.5474E+01 0.9834E+06 0.8761E+03  7.274 0.0346 0.3117E-35 0.6683E+00
3745 0.1492E+02 0.6675E+03 0.1106E-05 0.5470E+01 0.9783E+06 0.8778E+03  7.264 0.0344 0.3115E-35 0.6683E+00
3746 0.1500E+02 0.6665E+03 0.1099E-05 0.5469E+01 0.9774E+06 0.8782E+03  7.262 0.0344 0.3114E-35 0.6683E+00
3750 0.1550E+02 0.6604E+03 0.1058E-05 0.5465E+01 0.9717E+06 0.8801E+03  7.250 0.0342 0.3112E-35 0.6683E+00
3750 0.1550E+02 0.6604E+03 0.1058E-05 0.5465E+01 0.9717E+06 0.8801E+03  7.250 0.0342 0.3112E-35 0.6683E+00
3754 0.1600E+02 0.6544E+03 0.1019E-05 0.5461E+01 0.9662E+06 0.8820E+03  7.239 0.0340 0.3110E-35 0.6683E+00
3755 0.1615E+02 0.6527E+03 0.1007E-05 0.5460E+01 0.9646E+06 0.8826E+03  7.236 0.0339 0.3110E-35 0.6683E+00
3758 0.1650E+02 0.6489E+03 0.9830E-06 0.5457E+01 0.9609E+06 0.8839E+03  7.228 0.0337 0.3108E-35 0.6683E+00
3760 0.1682E+02 0.6454E+03 0.9615E-06 0.5454E+01 0.9576E+06 0.8850E+03  7.222 0.0336 0.3107E-35 0.6683E+00
3762 0.1700E+02 0.6435E+03 0.9494E-06 0.5453E+01 0.9558E+06 0.8856E+03  7.218 0.0335 0.3106E-35 0.6683E+00
3765 0.1749E+02 0.6384E+03 0.9188E-06 0.5449E+01 0.9509E+06 0.8873E+03  7.208 0.0332 0.3105E-35 0.6683E+00
3766 0.1750E+02 0.6383E+03 0.9183E-06 0.5449E+01 0.9508E+06 0.8874E+03  7.208 0.0332 0.3105E-35 0.6683E+00
3769 0.1800E+02 0.6334E+03 0.8889E-06 0.5446E+01 0.9459E+06 0.8890E+03  7.198 0.0330 0.3103E-35 0.6683E+00
3770 0.1817E+02 0.6317E+03 0.8793E-06 0.5445E+01 0.9443E+06 0.8896E+03  7.194 0.0329 0.3102E-35 0.6683E+00
3772 0.1850E+02 0.6286E+03 0.8614E-06 0.5442E+01 0.9412E+06 0.8906E+03  7.188 0.0327 0.3101E-35 0.6683E+00
3775 0.1900E+02 0.6240E+03 0.8355E-06 0.5439E+01 0.9367E+06 0.8922E+03  7.178 0.0325 0.3100E-35 0.6683E+00
3775 0.1900E+02 0.6240E+03 0.8355E-06 0.5439E+01 0.9367E+06 0.8922E+03  7.178 0.0325 0.3100E-35 0.6683E+00
3778 0.1950E+02 0.6196E+03 0.8110E-06 0.5436E+01 0.9322E+06 0.8937E+03  7.169 0.0323 0.3098E-35 0.6683E+00
3780 0.1987E+02 0.6164E+03 0.7938E-06 0.5434E+01 0.9291E+06 0.8948E+03  7.162 0.0321 0.3097E-35 0.6683E+00
3781 0.2000E+02 0.6153E+03 0.7879E-06 0.5433E+01 0.9279E+06 0.8952E+03  7.160 0.0320 0.3097E-35 0.6683E+00
