 $INPUT
 IMODEL	=             1
 N	=           120
 MINSTP	=             0
 VEOS	=  1.000000000000000
 ILOOP	=             1
 STATIC	=   F
 FRACT	=  3.5000000000000001E-03
 SHINE	=  0.3000000000000000
 SHAVE	=  9.9999999999999995E-08
 POUT	=  5000000.000000000
 AMETH	=             2
 CMETH	=             1
 NOBOND	=             1
 TBEG	=  5.0000000000000004E-06
 TIMEF	=  10.00000000000000
 DTIMEO	=  5.0000000000000003E-02
 STEPO	=  0.5000000000000000
 LCORR	=   T
 LSTART	=   F
 MAXSTP	=          7000
 SPK	=  15.00000000000000
 STARL	=  0.0000000000000000E+00
 DIST	=  5.200000000000000
 ALB	=  0.3500000000000000
 TEFFS	=  5770.000000000000
 LCONV	=   T
 LTRANS	=   T
 LPOUT	=   F
 LFILL	=   F
 LCONT	=   T
 LBURN	=   T
 MAG	=  'O '
 GAM	=  '7X'
 MASS	=  22.78968000000000
 YHEA	=  0.2500000000000000
 YDI	=  2.0000000000000002E-05
 HB	=  1.000000000000000
 $end
 
 
 Gam,Mass,Yhe,Ydi,Dist,starl,alb=  7X  22.790   0.250 0.200E-04 0.520E+01 0.000E+00 0.350E+00
  I  Time(Gyrs) Teff        Lumin      Rad(Gcm)  Tc         Rhoc       S      Ratio  Yd         Yl


   5 0.7540E-06 0.2314E+04 0.3166E-01 0.7699E+02 0.1285E+06 0.1464E+00 14.982 0.0000 0.2000E-04 0.1000E+01
  10 0.1731E-05 0.2321E+04 0.3091E-01 0.7564E+02 0.1300E+06 0.1516E+00 14.955 0.0000 0.2000E-04 0.1000E+01
  15 0.2747E-05 0.2327E+04 0.3017E-01 0.7433E+02 0.1315E+06 0.1570E+00 14.929 0.0000 0.2000E-04 0.1000E+01
  20 0.3804E-05 0.2333E+04 0.2945E-01 0.7305E+02 0.1329E+06 0.1625E+00 14.902 0.0000 0.2000E-04 0.1000E+01
  25 0.4907E-05 0.2339E+04 0.2874E-01 0.7180E+02 0.1344E+06 0.1682E+00 14.876 0.0000 0.2000E-04 0.1000E+01
  26 0.0000E+00 0.2340E+04 0.2868E-01 0.7170E+02 0.1346E+06 0.1687E+00 14.873 0.0000 0.2000E-04 0.1000E+01
  30 0.9168E-06 0.2344E+04 0.2813E-01 0.7072E+02 0.1358E+06 0.1734E+00 14.852 0.0000 0.2000E-04 0.1000E+01
  35 0.2106E-05 0.2350E+04 0.2745E-01 0.6951E+02 0.1373E+06 0.1794E+00 14.825 0.0000 0.2000E-04 0.1000E+01
  40 0.3346E-05 0.2356E+04 0.2678E-01 0.6834E+02 0.1388E+06 0.1857E+00 14.798 0.0000 0.2000E-04 0.1000E+01
  45 0.4638E-05 0.2361E+04 0.2613E-01 0.6719E+02 0.1403E+06 0.1921E+00 14.770 0.0000 0.2000E-04 0.1000E+01
  50 0.5983E-05 0.2366E+04 0.2549E-01 0.6607E+02 0.1418E+06 0.1988E+00 14.743 0.0000 0.2000E-04 0.1000E+01
  55 0.7375E-05 0.2372E+04 0.2488E-01 0.6497E+02 0.1433E+06 0.2056E+00 14.716 0.0000 0.2000E-04 0.1000E+01
  60 0.8813E-05 0.2377E+04 0.2428E-01 0.6391E+02 0.1448E+06 0.2126E+00 14.688 0.0000 0.2000E-04 0.1000E+01
  65 0.1030E-04 0.2382E+04 0.2369E-01 0.6288E+02 0.1463E+06 0.2197E+00 14.661 0.0000 0.2000E-04 0.1000E+01
  70 0.1185E-04 0.2387E+04 0.2312E-01 0.6187E+02 0.1478E+06 0.2271E+00 14.634 0.0000 0.2000E-04 0.1000E+01
  75 0.1345E-04 0.2391E+04 0.2257E-01 0.6088E+02 0.1493E+06 0.2346E+00 14.606 0.0000 0.2000E-04 0.1000E+01
  80 0.1511E-04 0.2396E+04 0.2203E-01 0.5992E+02 0.1508E+06 0.2424E+00 14.579 0.0000 0.2000E-04 0.1000E+01
  85 0.1683E-04 0.2400E+04 0.2150E-01 0.5898E+02 0.1523E+06 0.2503E+00 14.551 0.0000 0.2000E-04 0.1000E+01
  90 0.1862E-04 0.2405E+04 0.2099E-01 0.5806E+02 0.1538E+06 0.2585E+00 14.524 0.0000 0.2000E-04 0.1000E+01
  95 0.2047E-04 0.2409E+04 0.2049E-01 0.5716E+02 0.1553E+06 0.2670E+00 14.496 0.0000 0.2000E-04 0.1000E+01
 100 0.2240E-04 0.2413E+04 0.2000E-01 0.5628E+02 0.1568E+06 0.2757E+00 14.468 0.0000 0.2000E-04 0.1000E+01
 105 0.2440E-04 0.2417E+04 0.1952E-01 0.5542E+02 0.1584E+06 0.2847E+00 14.441 0.0000 0.2000E-04 0.1000E+01
 110 0.2647E-04 0.2421E+04 0.1906E-01 0.5458E+02 0.1599E+06 0.2939E+00 14.413 0.0000 0.2000E-04 0.1000E+01
 115 0.2861E-04 0.2425E+04 0.1861E-01 0.5376E+02 0.1614E+06 0.3034E+00 14.385 0.0000 0.2000E-04 0.1000E+01
 120 0.3083E-04 0.2429E+04 0.1817E-01 0.5295E+02 0.1630E+06 0.3131E+00 14.357 0.0000 0.2000E-04 0.1000E+01
 125 0.3312E-04 0.2432E+04 0.1774E-01 0.5217E+02 0.1645E+06 0.3231E+00 14.329 0.0000 0.2000E-04 0.1000E+01
 130 0.3549E-04 0.2436E+04 0.1732E-01 0.5140E+02 0.1660E+06 0.3334E+00 14.301 0.0000 0.2000E-04 0.1000E+01
 135 0.3795E-04 0.2439E+04 0.1691E-01 0.5065E+02 0.1676E+06 0.3440E+00 14.273 0.0000 0.2000E-04 0.1000E+01
 140 0.4050E-04 0.2442E+04 0.1651E-01 0.4991E+02 0.1692E+06 0.3549E+00 14.245 0.0000 0.2000E-04 0.1000E+01
 145 0.4313E-04 0.2446E+04 0.1612E-01 0.4919E+02 0.1707E+06 0.3661E+00 14.217 0.0000 0.2000E-04 0.1000E+01
 150 0.4586E-04 0.2449E+04 0.1574E-01 0.4848E+02 0.1723E+06 0.3777E+00 14.188 0.0000 0.2000E-04 0.1000E+01
 155 0.4869E-04 0.2452E+04 0.1537E-01 0.4779E+02 0.1739E+06 0.3896E+00 14.160 0.0000 0.2000E-04 0.1000E+01
 160 0.5162E-04 0.2455E+04 0.1501E-01 0.4711E+02 0.1755E+06 0.4018E+00 14.132 0.0000 0.2000E-04 0.1000E+01
 165 0.5467E-04 0.2458E+04 0.1466E-01 0.4644E+02 0.1771E+06 0.4145E+00 14.103 0.0000 0.2000E-04 0.1000E+01
 170 0.5783E-04 0.2461E+04 0.1431E-01 0.4578E+02 0.1788E+06 0.4275E+00 14.074 0.0000 0.2000E-04 0.1000E+01
 175 0.6111E-04 0.2463E+04 0.1397E-01 0.4513E+02 0.1804E+06 0.4410E+00 14.046 0.0000 0.2000E-04 0.1000E+01
 180 0.6451E-04 0.2466E+04 0.1363E-01 0.4450E+02 0.1820E+06 0.4549E+00 14.017 0.0000 0.2000E-04 0.1000E+01
 185 0.6805E-04 0.2468E+04 0.1331E-01 0.4387E+02 0.1837E+06 0.4693E+00 13.988 0.0000 0.2000E-04 0.1000E+01
 190 0.7172E-04 0.2471E+04 0.1299E-01 0.4326E+02 0.1854E+06 0.4841E+00 13.959 0.0000 0.2000E-04 0.1000E+01
 195 0.7553E-04 0.2473E+04 0.1267E-01 0.4265E+02 0.1871E+06 0.4996E+00 13.929 0.0000 0.2000E-04 0.1000E+01
 200 0.7950E-04 0.2475E+04 0.1236E-01 0.4205E+02 0.1888E+06 0.5156E+00 13.899 0.0000 0.2000E-04 0.1000E+01
 205 0.8362E-04 0.2477E+04 0.1206E-01 0.4146E+02 0.1906E+06 0.5320E+00 13.870 0.0000 0.2000E-04 0.1000E+01
 210 0.8789E-04 0.2479E+04 0.1177E-01 0.4089E+02 0.1923E+06 0.5489E+00 13.840 0.0000 0.2000E-04 0.1000E+01
 215 0.9233E-04 0.2481E+04 0.1148E-01 0.4032E+02 0.1941E+06 0.5665E+00 13.810 0.0000 0.2000E-04 0.1000E+01
 220 0.9694E-04 0.2483E+04 0.1120E-01 0.3977E+02 0.1959E+06 0.5846E+00 13.781 0.0000 0.2000E-04 0.1000E+01
 225 0.1017E-03 0.2485E+04 0.1093E-01 0.3922E+02 0.1977E+06 0.6033E+00 13.751 0.0000 0.2000E-04 0.1000E+01
 230 0.1067E-03 0.2487E+04 0.1066E-01 0.3868E+02 0.1995E+06 0.6226E+00 13.720 0.0000 0.2000E-04 0.1000E+01
 235 0.1118E-03 0.2489E+04 0.1041E-01 0.3815E+02 0.2013E+06 0.6426E+00 13.690 0.0000 0.2000E-04 0.1000E+01
 240 0.1171E-03 0.2491E+04 0.1016E-01 0.3764E+02 0.2032E+06 0.6631E+00 13.660 0.0000 0.2000E-04 0.1000E+01
 245 0.1226E-03 0.2493E+04 0.9912E-02 0.3713E+02 0.2050E+06 0.6843E+00 13.630 0.0000 0.2000E-04 0.1000E+01
 250 0.1283E-03 0.2495E+04 0.9675E-02 0.3663E+02 0.2069E+06 0.7062E+00 13.600 0.0000 0.2000E-04 0.1000E+01
 255 0.1342E-03 0.2497E+04 0.9447E-02 0.3613E+02 0.2088E+06 0.7288E+00 13.569 0.0000 0.2000E-04 0.1000E+01
 260 0.1403E-03 0.2499E+04 0.9227E-02 0.3565E+02 0.2107E+06 0.7521E+00 13.539 0.0000 0.2000E-04 0.1000E+01
 265 0.1466E-03 0.2501E+04 0.9014E-02 0.3517E+02 0.2126E+06 0.7762E+00 13.508 0.0000 0.2000E-04 0.1000E+01
 270 0.1532E-03 0.2503E+04 0.8805E-02 0.3470E+02 0.2145E+06 0.8010E+00 13.478 0.0000 0.2000E-04 0.1000E+01
 275 0.1600E-03 0.2505E+04 0.8603E-02 0.3424E+02 0.2165E+06 0.8266E+00 13.447 0.0000 0.2000E-04 0.1000E+01
 280 0.1670E-03 0.2507E+04 0.8405E-02 0.3379E+02 0.2184E+06 0.8530E+00 13.416 0.0000 0.2000E-04 0.1000E+01
 285 0.1743E-03 0.2510E+04 0.8211E-02 0.3334E+02 0.2204E+06 0.8803E+00 13.386 0.0000 0.2000E-04 0.1000E+01
 290 0.1818E-03 0.2512E+04 0.8022E-02 0.3290E+02 0.2224E+06 0.9085E+00 13.355 0.0000 0.2000E-04 0.1000E+01
 295 0.1896E-03 0.2514E+04 0.7836E-02 0.3247E+02 0.2243E+06 0.9376E+00 13.324 0.0000 0.2000E-04 0.1000E+01
 300 0.1977E-03 0.2515E+04 0.7654E-02 0.3204E+02 0.2263E+06 0.9677E+00 13.292 0.0000 0.2000E-04 0.1000E+01
 305 0.2061E-03 0.2517E+04 0.7476E-02 0.3162E+02 0.2283E+06 0.9988E+00 13.261 0.0000 0.2000E-04 0.1000E+01
 310 0.2148E-03 0.2519E+04 0.7300E-02 0.3121E+02 0.2303E+06 0.1031E+01 13.230 0.0000 0.2000E-04 0.1000E+01
 315 0.2238E-03 0.2520E+04 0.7128E-02 0.3080E+02 0.2323E+06 0.1064E+01 13.198 0.0000 0.2000E-04 0.1000E+01
 320 0.2331E-03 0.2522E+04 0.6959E-02 0.3040E+02 0.2343E+06 0.1098E+01 13.167 0.0000 0.2000E-04 0.1000E+01
 325 0.2428E-03 0.2523E+04 0.6794E-02 0.3000E+02 0.2364E+06 0.1133E+01 13.135 0.0000 0.2000E-04 0.1000E+01
 330 0.2528E-03 0.2524E+04 0.6631E-02 0.2961E+02 0.2384E+06 0.1170E+01 13.103 0.0000 0.2000E-04 0.1000E+01
 335 0.2632E-03 0.2526E+04 0.6471E-02 0.2923E+02 0.2404E+06 0.1207E+01 13.071 0.0000 0.2000E-04 0.1000E+01
 340 0.2740E-03 0.2526E+04 0.6315E-02 0.2885E+02 0.2425E+06 0.1246E+01 13.039 0.0000 0.2000E-04 0.1000E+01
 345 0.2851E-03 0.2527E+04 0.6161E-02 0.2848E+02 0.2445E+06 0.1286E+01 13.007 0.0000 0.2000E-04 0.1000E+01
 350 0.2967E-03 0.2528E+04 0.6011E-02 0.2811E+02 0.2465E+06 0.1327E+01 12.975 0.0000 0.2000E-04 0.1000E+01
 355 0.3087E-03 0.2529E+04 0.5865E-02 0.2775E+02 0.2485E+06 0.1370E+01 12.942 0.0000 0.2000E-04 0.1000E+01
 360 0.3211E-03 0.2530E+04 0.5722E-02 0.2739E+02 0.2505E+06 0.1414E+01 12.910 0.0000 0.2000E-04 0.1000E+01
 365 0.3340E-03 0.2530E+04 0.5582E-02 0.2704E+02 0.2526E+06 0.1459E+01 12.878 0.0000 0.2000E-04 0.1000E+01
 370 0.3474E-03 0.2531E+04 0.5446E-02 0.2670E+02 0.2546E+06 0.1506E+01 12.845 0.0000 0.2000E-04 0.1000E+01
 375 0.3612E-03 0.2531E+04 0.5313E-02 0.2636E+02 0.2566E+06 0.1554E+01 12.812 0.0000 0.2000E-04 0.1000E+01
 380 0.3756E-03 0.2532E+04 0.5184E-02 0.2603E+02 0.2586E+06 0.1604E+01 12.779 0.0000 0.2000E-04 0.1000E+01
 385 0.3904E-03 0.2532E+04 0.5058E-02 0.2570E+02 0.2606E+06 0.1655E+01 12.747 0.0000 0.2000E-04 0.1000E+01
 390 0.4058E-03 0.2533E+04 0.4935E-02 0.2537E+02 0.2626E+06 0.1708E+01 12.714 0.0000 0.2000E-04 0.1000E+01
 395 0.4218E-03 0.2533E+04 0.4814E-02 0.2506E+02 0.2645E+06 0.1762E+01 12.680 0.0000 0.2000E-04 0.1000E+01
 400 0.4383E-03 0.2533E+04 0.4696E-02 0.2474E+02 0.2665E+06 0.1819E+01 12.647 0.0000 0.2000E-04 0.1000E+01
 405 0.4554E-03 0.2534E+04 0.4581E-02 0.2443E+02 0.2685E+06 0.1876E+01 12.614 0.0000 0.2000E-04 0.1000E+01
 410 0.4731E-03 0.2534E+04 0.4469E-02 0.2413E+02 0.2705E+06 0.1936E+01 12.581 0.0000 0.2000E-04 0.1000E+01
 415 0.4914E-03 0.2534E+04 0.4358E-02 0.2383E+02 0.2725E+06 0.1997E+01 12.547 0.0000 0.2000E-04 0.1000E+01
 420 0.5103E-03 0.2533E+04 0.4250E-02 0.2354E+02 0.2745E+06 0.2061E+01 12.514 0.0000 0.2000E-04 0.1000E+01
 425 0.5299E-03 0.2533E+04 0.4145E-02 0.2325E+02 0.2765E+06 0.2126E+01 12.481 0.0000 0.2000E-04 0.1000E+01
 430 0.5502E-03 0.2533E+04 0.4041E-02 0.2296E+02 0.2784E+06 0.2193E+01 12.447 0.0000 0.2000E-04 0.1000E+01
 435 0.5712E-03 0.2532E+04 0.3939E-02 0.2268E+02 0.2804E+06 0.2263E+01 12.413 0.0000 0.2000E-04 0.1000E+01
 440 0.5930E-03 0.2531E+04 0.3838E-02 0.2241E+02 0.2824E+06 0.2334E+01 12.380 0.0000 0.2000E-04 0.1000E+01
 445 0.6157E-03 0.2530E+04 0.3739E-02 0.2214E+02 0.2843E+06 0.2408E+01 12.346 0.0000 0.2000E-04 0.1000E+01
 450 0.6392E-03 0.2529E+04 0.3641E-02 0.2187E+02 0.2863E+06 0.2485E+01 12.312 0.0000 0.2000E-04 0.1000E+01
 455 0.6638E-03 0.2527E+04 0.3544E-02 0.2160E+02 0.2883E+06 0.2565E+01 12.277 0.0000 0.2000E-04 0.1000E+01
 460 0.6893E-03 0.2525E+04 0.3448E-02 0.2134E+02 0.2903E+06 0.2647E+01 12.243 0.0000 0.2000E-04 0.1000E+01
 465 0.7159E-03 0.2523E+04 0.3355E-02 0.2108E+02 0.2922E+06 0.2732E+01 12.208 0.0000 0.2000E-04 0.1000E+01
 470 0.7436E-03 0.2521E+04 0.3262E-02 0.2082E+02 0.2942E+06 0.2820E+01 12.173 0.0000 0.2000E-04 0.1000E+01
 475 0.7725E-03 0.2519E+04 0.3172E-02 0.2056E+02 0.2962E+06 0.2912E+01 12.137 0.0000 0.2000E-04 0.1000E+01
 480 0.8026E-03 0.2517E+04 0.3083E-02 0.2031E+02 0.2981E+06 0.3007E+01 12.102 0.0000 0.2000E-04 0.1000E+01
 485 0.8339E-03 0.2515E+04 0.2998E-02 0.2006E+02 0.3001E+06 0.3105E+01 12.066 0.0000 0.2000E-04 0.1000E+01
 490 0.8665E-03 0.2512E+04 0.2914E-02 0.1982E+02 0.3021E+06 0.3206E+01 12.030 0.0000 0.2000E-04 0.1000E+01
 495 0.9004E-03 0.2510E+04 0.2832E-02 0.1958E+02 0.3040E+06 0.3312E+01 11.994 0.0000 0.2000E-04 0.1000E+01
 500 0.9358E-03 0.2507E+04 0.2752E-02 0.1934E+02 0.3060E+06 0.3420E+01 11.958 0.0001 0.2000E-04 0.1000E+01
 505 0.9725E-03 0.2505E+04 0.2674E-02 0.1910E+02 0.3079E+06 0.3533E+01 11.921 0.0001 0.2000E-04 0.1000E+01
 510 0.1011E-02 0.2502E+04 0.2598E-02 0.1887E+02 0.3098E+06 0.3649E+01 11.885 0.0001 0.2000E-04 0.1000E+01
 515 0.1050E-02 0.2499E+04 0.2524E-02 0.1864E+02 0.3117E+06 0.3768E+01 11.848 0.0001 0.2000E-04 0.1000E+01
 520 0.1091E-02 0.2496E+04 0.2452E-02 0.1842E+02 0.3136E+06 0.3890E+01 11.812 0.0001 0.2000E-04 0.1000E+01
 525 0.1133E-02 0.2492E+04 0.2382E-02 0.1821E+02 0.3154E+06 0.4015E+01 11.776 0.0001 0.2000E-04 0.1000E+01
 530 0.1176E-02 0.2489E+04 0.2314E-02 0.1799E+02 0.3172E+06 0.4143E+01 11.740 0.0001 0.2000E-04 0.1000E+01
 535 0.1220E-02 0.2486E+04 0.2248E-02 0.1778E+02 0.3190E+06 0.4274E+01 11.704 0.0002 0.2000E-04 0.1000E+01
 540 0.1266E-02 0.2482E+04 0.2184E-02 0.1758E+02 0.3208E+06 0.4409E+01 11.668 0.0002 0.2000E-04 0.1000E+01
 545 0.1314E-02 0.2478E+04 0.2121E-02 0.1738E+02 0.3225E+06 0.4547E+01 11.632 0.0002 0.2000E-04 0.1000E+01
 550 0.1363E-02 0.2474E+04 0.2060E-02 0.1718E+02 0.3242E+06 0.4688E+01 11.597 0.0003 0.2000E-04 0.1000E+01
 555 0.1414E-02 0.2470E+04 0.2001E-02 0.1699E+02 0.3258E+06 0.4833E+01 11.561 0.0003 0.2000E-04 0.1000E+01
 560 0.1466E-02 0.2465E+04 0.1942E-02 0.1680E+02 0.3275E+06 0.4981E+01 11.526 0.0004 0.2000E-04 0.1000E+01
 565 0.1520E-02 0.2460E+04 0.1885E-02 0.1662E+02 0.3291E+06 0.5132E+01 11.490 0.0004 0.2000E-04 0.1000E+01
 570 0.1575E-02 0.2456E+04 0.1830E-02 0.1644E+02 0.3306E+06 0.5287E+01 11.455 0.0005 0.2000E-04 0.1000E+01
 575 0.1632E-02 0.2450E+04 0.1776E-02 0.1626E+02 0.3321E+06 0.5445E+01 11.420 0.0006 0.2000E-04 0.1000E+01
 580 0.1691E-02 0.2445E+04 0.1723E-02 0.1609E+02 0.3336E+06 0.5606E+01 11.386 0.0006 0.2000E-04 0.1000E+01
 585 0.1751E-02 0.2439E+04 0.1672E-02 0.1592E+02 0.3351E+06 0.5771E+01 11.351 0.0007 0.2000E-04 0.1000E+01
 590 0.1814E-02 0.2434E+04 0.1621E-02 0.1576E+02 0.3365E+06 0.5939E+01 11.317 0.0009 0.2000E-04 0.1000E+01
 595 0.1878E-02 0.2427E+04 0.1572E-02 0.1559E+02 0.3379E+06 0.6110E+01 11.283 0.0010 0.2000E-04 0.1000E+01
 600 0.1944E-02 0.2421E+04 0.1524E-02 0.1544E+02 0.3392E+06 0.6285E+01 11.249 0.0011 0.2000E-04 0.1000E+01
 605 0.2011E-02 0.2414E+04 0.1477E-02 0.1528E+02 0.3405E+06 0.6462E+01 11.215 0.0013 0.2000E-04 0.1000E+01
 610 0.2081E-02 0.2407E+04 0.1432E-02 0.1513E+02 0.3418E+06 0.6643E+01 11.181 0.0014 0.2000E-04 0.1000E+01
 615 0.2153E-02 0.2400E+04 0.1388E-02 0.1498E+02 0.3430E+06 0.6827E+01 11.148 0.0016 0.2000E-04 0.1000E+01
 620 0.2227E-02 0.2393E+04 0.1345E-02 0.1484E+02 0.3442E+06 0.7015E+01 11.115 0.0019 0.2000E-04 0.1000E+01
 625 0.2304E-02 0.2386E+04 0.1304E-02 0.1470E+02 0.3453E+06 0.7206E+01 11.082 0.0021 0.2000E-04 0.1000E+01
 630 0.2382E-02 0.2379E+04 0.1264E-02 0.1456E+02 0.3465E+06 0.7400E+01 11.049 0.0024 0.2000E-04 0.1000E+01
 635 0.2463E-02 0.2372E+04 0.1225E-02 0.1442E+02 0.3475E+06 0.7598E+01 11.016 0.0027 0.2000E-04 0.1000E+01
 640 0.2546E-02 0.2364E+04 0.1188E-02 0.1429E+02 0.3486E+06 0.7799E+01 10.984 0.0030 0.2000E-04 0.1000E+01
 645 0.2632E-02 0.2357E+04 0.1152E-02 0.1416E+02 0.3495E+06 0.8002E+01 10.952 0.0033 0.2000E-04 0.1000E+01
 650 0.2717E-02 0.2350E+04 0.1118E-02 0.1403E+02 0.3505E+06 0.8204E+01 10.921 0.0037 0.2000E-04 0.1000E+01
 655 0.2802E-02 0.2343E+04 0.1087E-02 0.1392E+02 0.3513E+06 0.8402E+01 10.891 0.0041 0.2000E-04 0.1000E+01
 660 0.2887E-02 0.2336E+04 0.1057E-02 0.1380E+02 0.3521E+06 0.8599E+01 10.861 0.0045 0.2000E-04 0.1000E+01
 665 0.2973E-02 0.2329E+04 0.1028E-02 0.1369E+02 0.3529E+06 0.8795E+01 10.833 0.0049 0.2000E-04 0.1000E+01
 667 0.3000E-02 0.2327E+04 0.1020E-02 0.1366E+02 0.3531E+06 0.8857E+01 10.824 0.0051 0.2000E-04 0.1000E+01
 670 0.3052E-02 0.2324E+04 0.1004E-02 0.1360E+02 0.3535E+06 0.8974E+01 10.807 0.0054 0.2000E-04 0.1000E+01
 675 0.3139E-02 0.2317E+04 0.9782E-03 0.1350E+02 0.3542E+06 0.9169E+01 10.780 0.0058 0.1999E-04 0.1000E+01
 680 0.3226E-02 0.2311E+04 0.9541E-03 0.1340E+02 0.3548E+06 0.9362E+01 10.753 0.0063 0.1999E-04 0.1000E+01
 685 0.3314E-02 0.2306E+04 0.9313E-03 0.1330E+02 0.3554E+06 0.9554E+01 10.727 0.0069 0.1999E-04 0.1000E+01
 690 0.3401E-02 0.2300E+04 0.9097E-03 0.1321E+02 0.3559E+06 0.9746E+01 10.702 0.0074 0.1999E-04 0.1000E+01
 695 0.3490E-02 0.2295E+04 0.8892E-03 0.1312E+02 0.3564E+06 0.9937E+01 10.676 0.0080 0.1999E-04 0.1000E+01
 700 0.3580E-02 0.2290E+04 0.8696E-03 0.1303E+02 0.3569E+06 0.1013E+02 10.651 0.0085 0.1999E-04 0.1000E+01
 705 0.3671E-02 0.2285E+04 0.8508E-03 0.1295E+02 0.3573E+06 0.1032E+02 10.627 0.0091 0.1999E-04 0.1000E+01
 710 0.3762E-02 0.2280E+04 0.8329E-03 0.1287E+02 0.3577E+06 0.1051E+02 10.603 0.0098 0.1999E-04 0.1000E+01
 715 0.3854E-02 0.2275E+04 0.8158E-03 0.1279E+02 0.3581E+06 0.1071E+02 10.579 0.0104 0.1999E-04 0.1000E+01
 720 0.3947E-02 0.2271E+04 0.7994E-03 0.1271E+02 0.3584E+06 0.1090E+02 10.556 0.0111 0.1999E-04 0.1000E+01
 725 0.4040E-02 0.2266E+04 0.7836E-03 0.1263E+02 0.3587E+06 0.1109E+02 10.532 0.0117 0.1999E-04 0.1000E+01
 730 0.4135E-02 0.2261E+04 0.7676E-03 0.1256E+02 0.3590E+06 0.1128E+02 10.510 0.0124 0.1999E-04 0.1000E+01
 735 0.4231E-02 0.2255E+04 0.7505E-03 0.1248E+02 0.3592E+06 0.1148E+02 10.487 0.0132 0.1999E-04 0.1000E+01
 740 0.4329E-02 0.2249E+04 0.7335E-03 0.1241E+02 0.3594E+06 0.1167E+02 10.464 0.0140 0.1999E-04 0.1000E+01
 745 0.4428E-02 0.2242E+04 0.7169E-03 0.1234E+02 0.3596E+06 0.1187E+02 10.442 0.0148 0.1998E-04 0.1000E+01
 750 0.4529E-02 0.2236E+04 0.7006E-03 0.1227E+02 0.3598E+06 0.1206E+02 10.420 0.0156 0.1998E-04 0.1000E+01
 755 0.4631E-02 0.2229E+04 0.6845E-03 0.1220E+02 0.3599E+06 0.1226E+02 10.398 0.0164 0.1998E-04 0.1000E+01
 760 0.4735E-02 0.2222E+04 0.6686E-03 0.1214E+02 0.3600E+06 0.1246E+02 10.376 0.0173 0.1998E-04 0.1000E+01
 765 0.4841E-02 0.2215E+04 0.6529E-03 0.1207E+02 0.3601E+06 0.1266E+02 10.354 0.0183 0.1998E-04 0.1000E+01
 770 0.4949E-02 0.2207E+04 0.6372E-03 0.1201E+02 0.3601E+06 0.1286E+02 10.333 0.0192 0.1998E-04 0.1000E+01
 775 0.5060E-02 0.2199E+04 0.6216E-03 0.1194E+02 0.3601E+06 0.1306E+02 10.311 0.0202 0.1998E-04 0.1000E+01
 780 0.5172E-02 0.2191E+04 0.6061E-03 0.1188E+02 0.3601E+06 0.1326E+02 10.290 0.0212 0.1998E-04 0.1000E+01
 785 0.5287E-02 0.2183E+04 0.5907E-03 0.1182E+02 0.3601E+06 0.1347E+02 10.269 0.0222 0.1997E-04 0.1000E+01
 790 0.5405E-02 0.2174E+04 0.5755E-03 0.1176E+02 0.3600E+06 0.1367E+02 10.248 0.0233 0.1997E-04 0.1000E+01
 795 0.5525E-02 0.2165E+04 0.5604E-03 0.1170E+02 0.3600E+06 0.1388E+02 10.227 0.0244 0.1997E-04 0.1000E+01
 800 0.5648E-02 0.2156E+04 0.5456E-03 0.1164E+02 0.3599E+06 0.1408E+02 10.206 0.0256 0.1997E-04 0.1000E+01
 805 0.5774E-02 0.2147E+04 0.5308E-03 0.1158E+02 0.3597E+06 0.1429E+02 10.185 0.0268 0.1997E-04 0.1000E+01
 810 0.5903E-02 0.2137E+04 0.5162E-03 0.1153E+02 0.3596E+06 0.1450E+02 10.165 0.0280 0.1997E-04 0.1000E+01
 815 0.6036E-02 0.2127E+04 0.5017E-03 0.1147E+02 0.3594E+06 0.1471E+02 10.144 0.0292 0.1996E-04 0.1000E+01
 820 0.6172E-02 0.2117E+04 0.4871E-03 0.1141E+02 0.3592E+06 0.1493E+02 10.124 0.0305 0.1996E-04 0.1000E+01
 825 0.6312E-02 0.2106E+04 0.4725E-03 0.1136E+02 0.3590E+06 0.1514E+02 10.103 0.0319 0.1996E-04 0.1000E+01
 830 0.6456E-02 0.2094E+04 0.4580E-03 0.1131E+02 0.3587E+06 0.1535E+02 10.083 0.0333 0.1996E-04 0.1000E+01
 835 0.6604E-02 0.2082E+04 0.4434E-03 0.1125E+02 0.3585E+06 0.1557E+02 10.063 0.0347 0.1996E-04 0.1000E+01
 840 0.6757E-02 0.2070E+04 0.4287E-03 0.1120E+02 0.3582E+06 0.1579E+02 10.042 0.0363 0.1995E-04 0.1000E+01
 845 0.6915E-02 0.2056E+04 0.4139E-03 0.1115E+02 0.3579E+06 0.1601E+02 10.022 0.0379 0.1995E-04 0.1000E+01
 850 0.7078E-02 0.2042E+04 0.3987E-03 0.1110E+02 0.3575E+06 0.1623E+02 10.002 0.0396 0.1995E-04 0.1000E+01
 855 0.7248E-02 0.2027E+04 0.3834E-03 0.1105E+02 0.3572E+06 0.1645E+02  9.982 0.0414 0.1995E-04 0.1000E+01
 860 0.7424E-02 0.2011E+04 0.3682E-03 0.1100E+02 0.3568E+06 0.1667E+02  9.962 0.0434 0.1994E-04 0.1000E+01
 865 0.7607E-02 0.1994E+04 0.3531E-03 0.1095E+02 0.3564E+06 0.1690E+02  9.942 0.0454 0.1994E-04 0.1000E+01
 870 0.7798E-02 0.1978E+04 0.3384E-03 0.1090E+02 0.3559E+06 0.1712E+02  9.922 0.0475 0.1994E-04 0.1000E+01
 875 0.7997E-02 0.1961E+04 0.3241E-03 0.1085E+02 0.3555E+06 0.1735E+02  9.902 0.0497 0.1993E-04 0.1000E+01
 880 0.8204E-02 0.1944E+04 0.3103E-03 0.1081E+02 0.3550E+06 0.1758E+02  9.883 0.0520 0.1993E-04 0.1000E+01
 885 0.8421E-02 0.1926E+04 0.2967E-03 0.1076E+02 0.3545E+06 0.1780E+02  9.863 0.0544 0.1993E-04 0.1000E+01
 890 0.8647E-02 0.1909E+04 0.2836E-03 0.1071E+02 0.3540E+06 0.1804E+02  9.843 0.0568 0.1992E-04 0.1000E+01
 895 0.8884E-02 0.1891E+04 0.2711E-03 0.1067E+02 0.3535E+06 0.1827E+02  9.824 0.0592 0.1992E-04 0.1000E+01
 900 0.9131E-02 0.1874E+04 0.2593E-03 0.1062E+02 0.3529E+06 0.1850E+02  9.804 0.0617 0.1991E-04 0.1000E+01
 905 0.9390E-02 0.1858E+04 0.2481E-03 0.1058E+02 0.3523E+06 0.1873E+02  9.785 0.0642 0.1991E-04 0.1000E+01
 910 0.9659E-02 0.1841E+04 0.2375E-03 0.1053E+02 0.3517E+06 0.1897E+02  9.765 0.0667 0.1991E-04 0.1000E+01
 915 0.9941E-02 0.1825E+04 0.2273E-03 0.1049E+02 0.3511E+06 0.1920E+02  9.746 0.0692 0.1990E-04 0.1000E+01
 920 0.1023E-01 0.1809E+04 0.2177E-03 0.1045E+02 0.3505E+06 0.1944E+02  9.726 0.0717 0.1990E-04 0.1000E+01
 925 0.1054E-01 0.1793E+04 0.2085E-03 0.1041E+02 0.3498E+06 0.1968E+02  9.707 0.0742 0.1989E-04 0.1000E+01
 930 0.1086E-01 0.1778E+04 0.1999E-03 0.1036E+02 0.3491E+06 0.1992E+02  9.687 0.0767 0.1989E-04 0.1000E+01
 935 0.1119E-01 0.1763E+04 0.1918E-03 0.1032E+02 0.3484E+06 0.2016E+02  9.668 0.0791 0.1988E-04 0.1000E+01
 940 0.1154E-01 0.1749E+04 0.1841E-03 0.1028E+02 0.3477E+06 0.2040E+02  9.649 0.0814 0.1988E-04 0.1000E+01
 945 0.1190E-01 0.1735E+04 0.1770E-03 0.1024E+02 0.3470E+06 0.2064E+02  9.630 0.0836 0.1987E-04 0.1000E+01
 950 0.1227E-01 0.1721E+04 0.1703E-03 0.1020E+02 0.3462E+06 0.2089E+02  9.611 0.0857 0.1987E-04 0.1000E+01
 955 0.1266E-01 0.1708E+04 0.1639E-03 0.1016E+02 0.3455E+06 0.2113E+02  9.591 0.0877 0.1986E-04 0.1000E+01
 960 0.1306E-01 0.1695E+04 0.1576E-03 0.1012E+02 0.3447E+06 0.2138E+02  9.572 0.0898 0.1986E-04 0.1000E+01
 965 0.1348E-01 0.1682E+04 0.1515E-03 0.1009E+02 0.3439E+06 0.2162E+02  9.553 0.0918 0.1985E-04 0.1000E+01
 970 0.1391E-01 0.1668E+04 0.1456E-03 0.1005E+02 0.3430E+06 0.2187E+02  9.534 0.0939 0.1984E-04 0.1000E+01
 975 0.1436E-01 0.1654E+04 0.1398E-03 0.1001E+02 0.3422E+06 0.2212E+02  9.515 0.0959 0.1984E-04 0.1000E+01
 980 0.1483E-01 0.1640E+04 0.1341E-03 0.9974E+01 0.3413E+06 0.2236E+02  9.496 0.0980 0.1983E-04 0.1000E+01
 985 0.1532E-01 0.1626E+04 0.1285E-03 0.9938E+01 0.3404E+06 0.2261E+02  9.477 0.1001 0.1982E-04 0.1000E+01
 990 0.1582E-01 0.1611E+04 0.1230E-03 0.9902E+01 0.3395E+06 0.2286E+02  9.458 0.1024 0.1982E-04 0.1000E+01
 995 0.1635E-01 0.1596E+04 0.1177E-03 0.9866E+01 0.3386E+06 0.2312E+02  9.440 0.1045 0.1981E-04 0.1000E+01
1000 0.1691E-01 0.1582E+04 0.1126E-03 0.9831E+01 0.3377E+06 0.2337E+02  9.421 0.1067 0.1981E-04 0.1000E+01
1005 0.1748E-01 0.1567E+04 0.1078E-03 0.9796E+01 0.3367E+06 0.2362E+02  9.402 0.1087 0.1980E-04 0.1000E+01
1010 0.1808E-01 0.1553E+04 0.1031E-03 0.9761E+01 0.3357E+06 0.2387E+02  9.383 0.1108 0.1979E-04 0.1000E+01
1015 0.1871E-01 0.1538E+04 0.9860E-04 0.9727E+01 0.3348E+06 0.2412E+02  9.365 0.1127 0.1978E-04 0.1000E+01
1020 0.1936E-01 0.1523E+04 0.9427E-04 0.9694E+01 0.3337E+06 0.2438E+02  9.346 0.1147 0.1978E-04 0.1000E+01
1025 0.2005E-01 0.1509E+04 0.9012E-04 0.9661E+01 0.3327E+06 0.2463E+02  9.327 0.1165 0.1977E-04 0.1000E+01
1030 0.2076E-01 0.1494E+04 0.8608E-04 0.9628E+01 0.3317E+06 0.2489E+02  9.309 0.1184 0.1976E-04 0.1000E+01
1035 0.2151E-01 0.1480E+04 0.8228E-04 0.9595E+01 0.3306E+06 0.2514E+02  9.290 0.1202 0.1975E-04 0.1000E+01
1040 0.2228E-01 0.1466E+04 0.7874E-04 0.9563E+01 0.3296E+06 0.2540E+02  9.272 0.1216 0.1975E-04 0.1000E+01
1045 0.2309E-01 0.1453E+04 0.7550E-04 0.9531E+01 0.3285E+06 0.2566E+02  9.253 0.1228 0.1974E-04 0.1000E+01
1050 0.2392E-01 0.1441E+04 0.7250E-04 0.9500E+01 0.3274E+06 0.2591E+02  9.235 0.1237 0.1973E-04 0.1000E+01
1055 0.2479E-01 0.1429E+04 0.6970E-04 0.9469E+01 0.3263E+06 0.2617E+02  9.216 0.1243 0.1972E-04 0.1000E+01
1060 0.2569E-01 0.1418E+04 0.6705E-04 0.9439E+01 0.3252E+06 0.2643E+02  9.198 0.1247 0.1972E-04 0.1000E+01
1065 0.2662E-01 0.1406E+04 0.6451E-04 0.9408E+01 0.3240E+06 0.2669E+02  9.179 0.1250 0.1971E-04 0.1000E+01
1070 0.2758E-01 0.1395E+04 0.6207E-04 0.9378E+01 0.3229E+06 0.2695E+02  9.161 0.1252 0.1970E-04 0.1000E+01
1075 0.2858E-01 0.1384E+04 0.5974E-04 0.9349E+01 0.3217E+06 0.2721E+02  9.143 0.1252 0.1969E-04 0.1000E+01
1080 0.2960E-01 0.1373E+04 0.5750E-04 0.9319E+01 0.3206E+06 0.2747E+02  9.124 0.1251 0.1969E-04 0.1000E+01
1085 0.3067E-01 0.1362E+04 0.5535E-04 0.9290E+01 0.3194E+06 0.2773E+02  9.106 0.1248 0.1968E-04 0.1000E+01
1090 0.3177E-01 0.1351E+04 0.5329E-04 0.9262E+01 0.3182E+06 0.2799E+02  9.088 0.1245 0.1967E-04 0.1000E+01
1095 0.3290E-01 0.1341E+04 0.5130E-04 0.9233E+01 0.3169E+06 0.2825E+02  9.070 0.1240 0.1966E-04 0.1000E+01
1100 0.3407E-01 0.1330E+04 0.4937E-04 0.9205E+01 0.3157E+06 0.2851E+02  9.051 0.1234 0.1966E-04 0.1000E+01
1105 0.3528E-01 0.1319E+04 0.4751E-04 0.9178E+01 0.3145E+06 0.2877E+02  9.033 0.1228 0.1965E-04 0.1000E+01
1110 0.3653E-01 0.1309E+04 0.4572E-04 0.9150E+01 0.3132E+06 0.2903E+02  9.015 0.1220 0.1964E-04 0.1000E+01
1115 0.3783E-01 0.1298E+04 0.4400E-04 0.9123E+01 0.3120E+06 0.2929E+02  8.997 0.1211 0.1964E-04 0.1000E+01
1120 0.3916E-01 0.1287E+04 0.4234E-04 0.9096E+01 0.3107E+06 0.2955E+02  8.979 0.1202 0.1963E-04 0.1000E+01
1125 0.4054E-01 0.1277E+04 0.4074E-04 0.9070E+01 0.3094E+06 0.2982E+02  8.961 0.1191 0.1962E-04 0.1000E+01
1130 0.4196E-01 0.1267E+04 0.3920E-04 0.9044E+01 0.3081E+06 0.3008E+02  8.943 0.1180 0.1961E-04 0.1000E+01
1135 0.4342E-01 0.1256E+04 0.3771E-04 0.9018E+01 0.3068E+06 0.3034E+02  8.925 0.1168 0.1961E-04 0.1000E+01
1140 0.4494E-01 0.1246E+04 0.3628E-04 0.8992E+01 0.3055E+06 0.3060E+02  8.907 0.1155 0.1960E-04 0.1000E+01
1145 0.4650E-01 0.1236E+04 0.3490E-04 0.8967E+01 0.3042E+06 0.3086E+02  8.889 0.1141 0.1960E-04 0.1000E+01
1150 0.4811E-01 0.1225E+04 0.3357E-04 0.8942E+01 0.3028E+06 0.3112E+02  8.871 0.1127 0.1959E-04 0.1000E+01
1155 0.4978E-01 0.1215E+04 0.3230E-04 0.8917E+01 0.3015E+06 0.3139E+02  8.853 0.1111 0.1958E-04 0.1000E+01
1156 0.5000E-01 0.1214E+04 0.3213E-04 0.8914E+01 0.3013E+06 0.3142E+02  8.851 0.1108 0.1958E-04 0.1000E+01
1160 0.5137E-01 0.1206E+04 0.3115E-04 0.8894E+01 0.3002E+06 0.3163E+02  8.836 0.1096 0.1958E-04 0.1000E+01
1165 0.5314E-01 0.1196E+04 0.2996E-04 0.8870E+01 0.2988E+06 0.3189E+02  8.818 0.1079 0.1957E-04 0.1000E+01
1170 0.5497E-01 0.1186E+04 0.2882E-04 0.8846E+01 0.2975E+06 0.3216E+02  8.800 0.1061 0.1957E-04 0.1000E+01
1175 0.5685E-01 0.1176E+04 0.2773E-04 0.8822E+01 0.2961E+06 0.3242E+02  8.782 0.1043 0.1956E-04 0.1000E+01
1180 0.5879E-01 0.1166E+04 0.2667E-04 0.8798E+01 0.2947E+06 0.3268E+02  8.765 0.1024 0.1955E-04 0.1000E+01
1185 0.6080E-01 0.1156E+04 0.2565E-04 0.8775E+01 0.2933E+06 0.3294E+02  8.747 0.1005 0.1955E-04 0.1000E+01
1190 0.6286E-01 0.1147E+04 0.2467E-04 0.8752E+01 0.2919E+06 0.3320E+02  8.729 0.0985 0.1954E-04 0.1000E+01
1195 0.6499E-01 0.1137E+04 0.2372E-04 0.8729E+01 0.2905E+06 0.3346E+02  8.711 0.0965 0.1954E-04 0.1000E+01
1200 0.6719E-01 0.1127E+04 0.2281E-04 0.8707E+01 0.2890E+06 0.3373E+02  8.694 0.0945 0.1953E-04 0.1000E+01
1205 0.6946E-01 0.1118E+04 0.2192E-04 0.8685E+01 0.2876E+06 0.3399E+02  8.676 0.0925 0.1953E-04 0.1000E+01
1207 0.7000E-01 0.1115E+04 0.2172E-04 0.8679E+01 0.2873E+06 0.3405E+02  8.672 0.0920 0.1953E-04 0.1000E+01
1210 0.7140E-01 0.1110E+04 0.2121E-04 0.8666E+01 0.2864E+06 0.3420E+02  8.661 0.0907 0.1953E-04 0.1000E+01
1215 0.7381E-01 0.1100E+04 0.2039E-04 0.8644E+01 0.2850E+06 0.3447E+02  8.643 0.0886 0.1952E-04 0.1000E+01
1220 0.7629E-01 0.1091E+04 0.1959E-04 0.8623E+01 0.2835E+06 0.3473E+02  8.626 0.0865 0.1952E-04 0.1000E+01
1225 0.7885E-01 0.1081E+04 0.1883E-04 0.8601E+01 0.2821E+06 0.3499E+02  8.608 0.0844 0.1951E-04 0.1000E+01
1230 0.8150E-01 0.1072E+04 0.1808E-04 0.8580E+01 0.2806E+06 0.3525E+02  8.590 0.0823 0.1951E-04 0.1000E+01
1235 0.8423E-01 0.1062E+04 0.1737E-04 0.8559E+01 0.2791E+06 0.3551E+02  8.573 0.0801 0.1950E-04 0.1000E+01
1240 0.8705E-01 0.1053E+04 0.1667E-04 0.8539E+01 0.2776E+06 0.3577E+02  8.555 0.0780 0.1950E-04 0.1000E+01
1245 0.8997E-01 0.1043E+04 0.1599E-04 0.8518E+01 0.2761E+06 0.3603E+02  8.537 0.0759 0.1950E-04 0.1000E+01
1250 0.9299E-01 0.1033E+04 0.1533E-04 0.8498E+01 0.2747E+06 0.3629E+02  8.520 0.0739 0.1949E-04 0.1000E+01
1255 0.9611E-01 0.1023E+04 0.1468E-04 0.8478E+01 0.2732E+06 0.3655E+02  8.502 0.0719 0.1949E-04 0.1000E+01
1260 0.9934E-01 0.1013E+04 0.1405E-04 0.8458E+01 0.2716E+06 0.3680E+02  8.484 0.0700 0.1949E-04 0.1000E+01
1261 0.1000E+00 0.1011E+04 0.1392E-04 0.8454E+01 0.2713E+06 0.3686E+02  8.481 0.0696 0.1949E-04 0.1000E+01
1265 0.1027E+00 0.1003E+04 0.1343E-04 0.8438E+01 0.2701E+06 0.3706E+02  8.467 0.0681 0.1948E-04 0.1000E+01
1270 0.1062E+00 0.9927E+03 0.1282E-04 0.8419E+01 0.2686E+06 0.3732E+02  8.449 0.0664 0.1948E-04 0.1000E+01
1275 0.1098E+00 0.9822E+03 0.1223E-04 0.8399E+01 0.2671E+06 0.3758E+02  8.432 0.0646 0.1948E-04 0.1000E+01
1280 0.1136E+00 0.9717E+03 0.1166E-04 0.8380E+01 0.2656E+06 0.3783E+02  8.414 0.0629 0.1948E-04 0.1000E+01
1285 0.1175E+00 0.9612E+03 0.1112E-04 0.8362E+01 0.2641E+06 0.3809E+02  8.397 0.0612 0.1947E-04 0.1000E+01
1290 0.1216E+00 0.9508E+03 0.1059E-04 0.8343E+01 0.2625E+06 0.3834E+02  8.379 0.0595 0.1947E-04 0.1000E+01
1295 0.1258E+00 0.9403E+03 0.1009E-04 0.8325E+01 0.2610E+06 0.3860E+02  8.362 0.0578 0.1947E-04 0.1000E+01
1300 0.1302E+00 0.9299E+03 0.9607E-05 0.8306E+01 0.2595E+06 0.3885E+02  8.344 0.0562 0.1946E-04 0.1000E+01
1305 0.1349E+00 0.9194E+03 0.9144E-05 0.8288E+01 0.2579E+06 0.3911E+02  8.327 0.0546 0.1946E-04 0.1000E+01
1310 0.1397E+00 0.9091E+03 0.8701E-05 0.8270E+01 0.2564E+06 0.3936E+02  8.309 0.0529 0.1946E-04 0.1000E+01
1315 0.1447E+00 0.8988E+03 0.8277E-05 0.8253E+01 0.2548E+06 0.3962E+02  8.292 0.0513 0.1946E-04 0.1000E+01
1320 0.1499E+00 0.8885E+03 0.7872E-05 0.8235E+01 0.2533E+06 0.3987E+02  8.274 0.0498 0.1946E-04 0.1000E+01
1321 0.1500E+00 0.8883E+03 0.7865E-05 0.8235E+01 0.2532E+06 0.3987E+02  8.274 0.0498 0.1946E-04 0.1000E+01
1325 0.1543E+00 0.8801E+03 0.7554E-05 0.8221E+01 0.2520E+06 0.4007E+02  8.260 0.0485 0.1945E-04 0.1000E+01
1330 0.1600E+00 0.8700E+03 0.7180E-05 0.8204E+01 0.2504E+06 0.4032E+02  8.242 0.0470 0.1945E-04 0.1000E+01
1335 0.1659E+00 0.8598E+03 0.6823E-05 0.8187E+01 0.2489E+06 0.4057E+02  8.225 0.0454 0.1945E-04 0.1000E+01
1340 0.1720E+00 0.8497E+03 0.6482E-05 0.8170E+01 0.2473E+06 0.4082E+02  8.208 0.0440 0.1945E-04 0.1000E+01
1345 0.1784E+00 0.8397E+03 0.6155E-05 0.8153E+01 0.2458E+06 0.4107E+02  8.190 0.0425 0.1945E-04 0.1000E+01
1350 0.1851E+00 0.8296E+03 0.5842E-05 0.8137E+01 0.2442E+06 0.4132E+02  8.173 0.0411 0.1944E-04 0.1000E+01
1355 0.1922E+00 0.8197E+03 0.5544E-05 0.8121E+01 0.2426E+06 0.4157E+02  8.155 0.0397 0.1944E-04 0.1000E+01
1360 0.1995E+00 0.8097E+03 0.5259E-05 0.8105E+01 0.2411E+06 0.4181E+02  8.138 0.0383 0.1944E-04 0.1000E+01
1361 0.2000E+00 0.8091E+03 0.5240E-05 0.8103E+01 0.2410E+06 0.4183E+02  8.137 0.0382 0.1944E-04 0.1000E+01
1365 0.2061E+00 0.8012E+03 0.5023E-05 0.8091E+01 0.2397E+06 0.4203E+02  8.123 0.0371 0.1944E-04 0.1000E+01
1370 0.2141E+00 0.7913E+03 0.4763E-05 0.8075E+01 0.2382E+06 0.4227E+02  8.105 0.0358 0.1944E-04 0.1000E+01
1375 0.2225E+00 0.7816E+03 0.4515E-05 0.8059E+01 0.2366E+06 0.4252E+02  8.088 0.0345 0.1944E-04 0.1000E+01
1380 0.2312E+00 0.7720E+03 0.4279E-05 0.8044E+01 0.2350E+06 0.4276E+02  8.071 0.0333 0.1944E-04 0.1000E+01
1385 0.2403E+00 0.7624E+03 0.4056E-05 0.8028E+01 0.2335E+06 0.4300E+02  8.053 0.0320 0.1943E-04 0.1000E+01
1390 0.2499E+00 0.7529E+03 0.3843E-05 0.8013E+01 0.2319E+06 0.4324E+02  8.036 0.0308 0.1943E-04 0.1000E+01
1391 0.2500E+00 0.7528E+03 0.3841E-05 0.8013E+01 0.2319E+06 0.4325E+02  8.036 0.0308 0.1943E-04 0.1000E+01
1395 0.2580E+00 0.7453E+03 0.3678E-05 0.8001E+01 0.2306E+06 0.4344E+02  8.022 0.0299 0.1943E-04 0.1000E+01
1400 0.2684E+00 0.7360E+03 0.3485E-05 0.7986E+01 0.2291E+06 0.4368E+02  8.005 0.0287 0.1943E-04 0.1000E+01
1405 0.2793E+00 0.7267E+03 0.3301E-05 0.7971E+01 0.2275E+06 0.4392E+02  7.987 0.0276 0.1943E-04 0.1000E+01
1410 0.2907E+00 0.7176E+03 0.3126E-05 0.7957E+01 0.2259E+06 0.4416E+02  7.970 0.0264 0.1943E-04 0.1000E+01
1414 0.3000E+00 0.7105E+03 0.2996E-05 0.7946E+01 0.2247E+06 0.4434E+02  7.956 0.0256 0.1943E-04 0.1000E+01
1415 0.3024E+00 0.7087E+03 0.2963E-05 0.7943E+01 0.2244E+06 0.4439E+02  7.953 0.0254 0.1943E-04 0.1000E+01
1420 0.3149E+00 0.6997E+03 0.2806E-05 0.7928E+01 0.2229E+06 0.4463E+02  7.935 0.0243 0.1943E-04 0.1000E+01
1425 0.3280E+00 0.6909E+03 0.2658E-05 0.7914E+01 0.2213E+06 0.4486E+02  7.918 0.0233 0.1943E-04 0.1000E+01
1430 0.3418E+00 0.6822E+03 0.2517E-05 0.7900E+01 0.2198E+06 0.4509E+02  7.901 0.0223 0.1943E-04 0.1000E+01
1433 0.3500E+00 0.6772E+03 0.2439E-05 0.7892E+01 0.2189E+06 0.4523E+02  7.891 0.0218 0.1943E-04 0.1000E+01
1435 0.3558E+00 0.6737E+03 0.2387E-05 0.7887E+01 0.2182E+06 0.4532E+02  7.884 0.0214 0.1943E-04 0.1000E+01
1440 0.3708E+00 0.6652E+03 0.2261E-05 0.7873E+01 0.2167E+06 0.4555E+02  7.867 0.0204 0.1942E-04 0.1000E+01
1445 0.3866E+00 0.6568E+03 0.2141E-05 0.7860E+01 0.2152E+06 0.4579E+02  7.849 0.0195 0.1942E-04 0.1000E+01
1450 0.4000E+00 0.6501E+03 0.2049E-05 0.7849E+01 0.2139E+06 0.4597E+02  7.835 0.0188 0.1942E-04 0.1000E+01
1450 0.4000E+00 0.6501E+03 0.2049E-05 0.7849E+01 0.2139E+06 0.4597E+02  7.835 0.0188 0.1942E-04 0.1000E+01
1455 0.4171E+00 0.6418E+03 0.1940E-05 0.7835E+01 0.2124E+06 0.4620E+02  7.818 0.0180 0.1942E-04 0.1000E+01
1460 0.4350E+00 0.6337E+03 0.1837E-05 0.7822E+01 0.2109E+06 0.4643E+02  7.801 0.0171 0.1942E-04 0.1000E+01
1465 0.4500E+00 0.6272E+03 0.1758E-05 0.7812E+01 0.2096E+06 0.4661E+02  7.787 0.0165 0.1942E-04 0.1000E+01
1465 0.4500E+00 0.6272E+03 0.1758E-05 0.7812E+01 0.2096E+06 0.4661E+02  7.787 0.0165 0.1942E-04 0.1000E+01
1470 0.4695E+00 0.6189E+03 0.1662E-05 0.7799E+01 0.2081E+06 0.4684E+02  7.769 0.0157 0.1942E-04 0.1000E+01
1475 0.4900E+00 0.6109E+03 0.1572E-05 0.7786E+01 0.2066E+06 0.4707E+02  7.752 0.0150 0.1942E-04 0.1000E+01
1478 0.5000E+00 0.6071E+03 0.1532E-05 0.7780E+01 0.2059E+06 0.4717E+02  7.744 0.0147 0.1942E-04 0.1000E+01
1480 0.5086E+00 0.6039E+03 0.1498E-05 0.7775E+01 0.2053E+06 0.4726E+02  7.737 0.0144 0.1942E-04 0.1000E+01
1485 0.5311E+00 0.5960E+03 0.1416E-05 0.7762E+01 0.2038E+06 0.4748E+02  7.719 0.0137 0.1942E-04 0.1000E+01
1490 0.5500E+00 0.5895E+03 0.1352E-05 0.7752E+01 0.2026E+06 0.4766E+02  7.705 0.0132 0.1942E-04 0.1000E+01
1490 0.5500E+00 0.5895E+03 0.1352E-05 0.7752E+01 0.2026E+06 0.4766E+02  7.705 0.0132 0.1942E-04 0.1000E+01
1495 0.5745E+00 0.5815E+03 0.1276E-05 0.7740E+01 0.2011E+06 0.4788E+02  7.688 0.0126 0.1942E-04 0.1000E+01
1500 0.6000E+00 0.5736E+03 0.1204E-05 0.7728E+01 0.1996E+06 0.4810E+02  7.671 0.0120 0.1942E-04 0.1000E+01
1500 0.6000E+00 0.5736E+03 0.1204E-05 0.7728E+01 0.1996E+06 0.4810E+02  7.671 0.0120 0.1942E-04 0.1000E+01
1505 0.6271E+00 0.5656E+03 0.1135E-05 0.7716E+01 0.1981E+06 0.4832E+02  7.654 0.0114 0.1942E-04 0.1000E+01
1510 0.6500E+00 0.5592E+03 0.1082E-05 0.7706E+01 0.1969E+06 0.4850E+02  7.640 0.0110 0.1942E-04 0.1000E+01
1510 0.6500E+00 0.5592E+03 0.1082E-05 0.7706E+01 0.1969E+06 0.4850E+02  7.640 0.0110 0.1942E-04 0.1000E+01
1515 0.6797E+00 0.5513E+03 0.1018E-05 0.7694E+01 0.1954E+06 0.4871E+02  7.623 0.0105 0.1942E-04 0.1000E+01
1519 0.7000E+00 0.5461E+03 0.9788E-06 0.7687E+01 0.1945E+06 0.4886E+02  7.611 0.0102 0.1942E-04 0.1000E+01
1520 0.7063E+00 0.5445E+03 0.9670E-06 0.7684E+01 0.1942E+06 0.4890E+02  7.608 0.0101 0.1942E-04 0.1000E+01
1525 0.7391E+00 0.5367E+03 0.9098E-06 0.7673E+01 0.1927E+06 0.4911E+02  7.591 0.0096 0.1942E-04 0.1000E+01
1527 0.7500E+00 0.5342E+03 0.8923E-06 0.7669E+01 0.1923E+06 0.4918E+02  7.585 0.0095 0.1942E-04 0.1000E+01
1530 0.7709E+00 0.5296E+03 0.8600E-06 0.7662E+01 0.1914E+06 0.4931E+02  7.575 0.0092 0.1942E-04 0.1000E+01
1535 0.8000E+00 0.5234E+03 0.8185E-06 0.7653E+01 0.1902E+06 0.4948E+02  7.561 0.0088 0.1942E-04 0.1000E+01
1535 0.8000E+00 0.5234E+03 0.8185E-06 0.7653E+01 0.1902E+06 0.4948E+02  7.561 0.0088 0.1942E-04 0.1000E+01
1540 0.8379E+00 0.5157E+03 0.7694E-06 0.7642E+01 0.1888E+06 0.4969E+02  7.544 0.0084 0.1942E-04 0.1000E+01
1542 0.8500E+00 0.5134E+03 0.7549E-06 0.7638E+01 0.1883E+06 0.4976E+02  7.538 0.0083 0.1942E-04 0.1000E+01
1545 0.8741E+00 0.5089E+03 0.7275E-06 0.7632E+01 0.1875E+06 0.4988E+02  7.528 0.0081 0.1942E-04 0.1000E+01
1549 0.9000E+00 0.5043E+03 0.7002E-06 0.7625E+01 0.1866E+06 0.5001E+02  7.517 0.0078 0.1942E-04 0.1000E+01
1550 0.9084E+00 0.5028E+03 0.6916E-06 0.7623E+01 0.1863E+06 0.5006E+02  7.514 0.0077 0.1942E-04 0.1000E+01
1555 0.9500E+00 0.4959E+03 0.6525E-06 0.7612E+01 0.1849E+06 0.5025E+02  7.497 0.0074 0.1942E-04 0.1000E+01
1555 0.9500E+00 0.4959E+03 0.6525E-06 0.7612E+01 0.1849E+06 0.5025E+02  7.497 0.0074 0.1942E-04 0.1000E+01
1560 0.9962E+00 0.4887E+03 0.6139E-06 0.7601E+01 0.1835E+06 0.5046E+02  7.480 0.0070 0.1942E-04 0.1000E+01
1561 0.1000E+01 0.4882E+03 0.6109E-06 0.7600E+01 0.1834E+06 0.5048E+02  7.479 0.0070 0.1942E-04 0.1000E+01
1565 0.1039E+01 0.4825E+03 0.5820E-06 0.7592E+01 0.1822E+06 0.5064E+02  7.465 0.0067 0.1942E-04 0.1000E+01
1570 0.1090E+01 0.4757E+03 0.5479E-06 0.7581E+01 0.1808E+06 0.5085E+02  7.448 0.0063 0.1942E-04 0.1000E+01
1575 0.1144E+01 0.4689E+03 0.5160E-06 0.7570E+01 0.1794E+06 0.5105E+02  7.430 0.0060 0.1942E-04 0.1000E+01
1580 0.1200E+01 0.4623E+03 0.4860E-06 0.7560E+01 0.1780E+06 0.5125E+02  7.413 0.0057 0.1941E-04 0.1000E+01
1585 0.1260E+01 0.4557E+03 0.4579E-06 0.7550E+01 0.1766E+06 0.5146E+02  7.396 0.0054 0.1941E-04 0.1000E+01
1590 0.1323E+01 0.4493E+03 0.4315E-06 0.7539E+01 0.1752E+06 0.5166E+02  7.379 0.0051 0.1941E-04 0.1000E+01
1595 0.1388E+01 0.4430E+03 0.4067E-06 0.7529E+01 0.1738E+06 0.5186E+02  7.362 0.0048 0.1941E-04 0.1000E+01
1600 0.1458E+01 0.4368E+03 0.3834E-06 0.7519E+01 0.1725E+06 0.5206E+02  7.344 0.0045 0.1941E-04 0.1000E+01
1603 0.1500E+01 0.4332E+03 0.3704E-06 0.7513E+01 0.1717E+06 0.5217E+02  7.334 0.0043 0.1941E-04 0.1000E+01
1605 0.1530E+01 0.4308E+03 0.3617E-06 0.7509E+01 0.1711E+06 0.5225E+02  7.327 0.0042 0.1941E-04 0.1000E+01
1610 0.1606E+01 0.4248E+03 0.3410E-06 0.7500E+01 0.1698E+06 0.5245E+02  7.310 0.0040 0.1941E-04 0.1000E+01
1615 0.1687E+01 0.4188E+03 0.3214E-06 0.7490E+01 0.1684E+06 0.5264E+02  7.293 0.0037 0.1941E-04 0.1000E+01
1620 0.1772E+01 0.4129E+03 0.3030E-06 0.7480E+01 0.1671E+06 0.5283E+02  7.276 0.0035 0.1941E-04 0.1000E+01
1625 0.1862E+01 0.4071E+03 0.2856E-06 0.7471E+01 0.1657E+06 0.5303E+02  7.259 0.0032 0.1941E-04 0.1000E+01
1630 0.1956E+01 0.4014E+03 0.2692E-06 0.7461E+01 0.1644E+06 0.5322E+02  7.241 0.0030 0.1941E-04 0.1000E+01
1633 0.2000E+01 0.3989E+03 0.2621E-06 0.7457E+01 0.1638E+06 0.5330E+02  7.234 0.0029 0.1941E-04 0.1000E+01
1635 0.2040E+01 0.3966E+03 0.2560E-06 0.7453E+01 0.1633E+06 0.5338E+02  7.227 0.0028 0.1941E-04 0.1000E+01
1640 0.2143E+01 0.3910E+03 0.2412E-06 0.7444E+01 0.1619E+06 0.5357E+02  7.210 0.0025 0.1941E-04 0.1000E+01
1645 0.2252E+01 0.3855E+03 0.2273E-06 0.7435E+01 0.1606E+06 0.5376E+02  7.192 0.0023 0.1941E-04 0.1000E+01
1650 0.2367E+01 0.3800E+03 0.2142E-06 0.7426E+01 0.1593E+06 0.5394E+02  7.175 0.0021 0.1941E-04 0.1000E+01
1655 0.2487E+01 0.3746E+03 0.2018E-06 0.7417E+01 0.1580E+06 0.5413E+02  7.158 0.0018 0.1941E-04 0.1000E+01
1656 0.2500E+01 0.3741E+03 0.2005E-06 0.7416E+01 0.1579E+06 0.5415E+02  7.156 0.0018 0.1941E-04 0.1000E+01
1660 0.2601E+01 0.3698E+03 0.1911E-06 0.7409E+01 0.1569E+06 0.5430E+02  7.142 0.0016 0.1941E-04 0.1000E+01
1665 0.2734E+01 0.3645E+03 0.1801E-06 0.7400E+01 0.1556E+06 0.5448E+02  7.125 0.0012 0.1941E-04 0.1000E+01
1670 0.2874E+01 0.3593E+03 0.1696E-06 0.7391E+01 0.1543E+06 0.5466E+02  7.108 0.0010 0.1941E-04 0.1000E+01
1675 0.3000E+01 0.3549E+03 0.1610E-06 0.7383E+01 0.1532E+06 0.5482E+02  7.093 0.0009 0.1941E-04 0.1000E+01
1675 0.3000E+01 0.3549E+03 0.1610E-06 0.7383E+01 0.1532E+06 0.5482E+02  7.093 0.0009 0.1941E-04 0.1000E+01
1680 0.3154E+01 0.3498E+03 0.1517E-06 0.7375E+01 0.1519E+06 0.5500E+02  7.076 0.0006 0.1941E-04 0.1000E+01
1685 0.3315E+01 0.3448E+03 0.1428E-06 0.7366E+01 0.1507E+06 0.5517E+02  7.059 0.0006 0.1941E-04 0.1000E+01
1690 0.3486E+01 0.3398E+03 0.1345E-06 0.7358E+01 0.1494E+06 0.5535E+02  7.042 0.0006 0.1941E-04 0.1000E+01
1691 0.3500E+01 0.3394E+03 0.1338E-06 0.7357E+01 0.1493E+06 0.5537E+02  7.041 0.0006 0.1941E-04 0.1000E+01
1695 0.3643E+01 0.3355E+03 0.1275E-06 0.7351E+01 0.1484E+06 0.5551E+02  7.027 0.0005 0.1941E-04 0.1000E+01
1700 0.3831E+01 0.3307E+03 0.1200E-06 0.7342E+01 0.1471E+06 0.5568E+02  7.010 0.0005 0.1941E-04 0.1000E+01
1705 0.4000E+01 0.3265E+03 0.1139E-06 0.7335E+01 0.1461E+06 0.5583E+02  6.995 0.0005 0.1941E-04 0.1000E+01
1705 0.4000E+01 0.3265E+03 0.1139E-06 0.7335E+01 0.1461E+06 0.5583E+02  6.995 0.0005 0.1941E-04 0.1000E+01
1710 0.4207E+01 0.3218E+03 0.1072E-06 0.7327E+01 0.1449E+06 0.5600E+02  6.978 0.0004 0.1941E-04 0.1000E+01
1715 0.4425E+01 0.3171E+03 0.1009E-06 0.7319E+01 0.1437E+06 0.5617E+02  6.961 0.0004 0.1941E-04 0.1000E+01
1717 0.4500E+01 0.3156E+03 0.9885E-07 0.7317E+01 0.1433E+06 0.5623E+02  6.955 0.0004 0.1941E-04 0.1000E+01
1720 0.4639E+01 0.3128E+03 0.9532E-07 0.7312E+01 0.1426E+06 0.5633E+02  6.945 0.0004 0.1941E-04 0.1000E+01
1725 0.4880E+01 0.3082E+03 0.8968E-07 0.7304E+01 0.1414E+06 0.5650E+02  6.928 0.0003 0.1941E-04 0.1000E+01
1728 0.5000E+01 0.3061E+03 0.8709E-07 0.7300E+01 0.1408E+06 0.5658E+02  6.920 0.0003 0.1941E-04 0.1000E+01
1730 0.5102E+01 0.3043E+03 0.8500E-07 0.7297E+01 0.1403E+06 0.5665E+02  6.913 0.0003 0.1941E-04 0.1000E+01
1735 0.5368E+01 0.2998E+03 0.7995E-07 0.7289E+01 0.1392E+06 0.5682E+02  6.896 0.0003 0.1941E-04 0.1000E+01
1738 0.5500E+01 0.2977E+03 0.7765E-07 0.7286E+01 0.1386E+06 0.5690E+02  6.888 0.0003 0.1941E-04 0.1000E+01
1740 0.5613E+01 0.2959E+03 0.7577E-07 0.7283E+01 0.1382E+06 0.5696E+02  6.881 0.0003 0.1941E-04 0.1000E+01
1745 0.5906E+01 0.2916E+03 0.7125E-07 0.7275E+01 0.1370E+06 0.5713E+02  6.864 0.0003 0.1941E-04 0.1000E+01
1747 0.6000E+01 0.2903E+03 0.6992E-07 0.7273E+01 0.1366E+06 0.5718E+02  6.859 0.0003 0.1941E-04 0.1000E+01
1750 0.6186E+01 0.2877E+03 0.6740E-07 0.7268E+01 0.1360E+06 0.5728E+02  6.848 0.0002 0.1941E-04 0.1000E+01
1755 0.6500E+01 0.2836E+03 0.6352E-07 0.7261E+01 0.1349E+06 0.5744E+02  6.832 0.0002 0.1941E-04 0.1000E+01
1755 0.6500E+01 0.2836E+03 0.6352E-07 0.7261E+01 0.1349E+06 0.5744E+02  6.832 0.0002 0.1941E-04 0.1000E+01
1760 0.6841E+01 0.2794E+03 0.5974E-07 0.7254E+01 0.1337E+06 0.5760E+02  6.815 0.0002 0.1941E-04 0.1000E+01
1763 0.7000E+01 0.2776E+03 0.5812E-07 0.7250E+01 0.1332E+06 0.5767E+02  6.807 0.0002 0.1941E-04 0.1000E+01
1765 0.7144E+01 0.2759E+03 0.5672E-07 0.7248E+01 0.1328E+06 0.5773E+02  6.800 0.0002 0.1941E-04 0.1000E+01
1770 0.7500E+01 0.2721E+03 0.5352E-07 0.7241E+01 0.1317E+06 0.5788E+02  6.784 0.0002 0.1941E-04 0.1000E+01
1770 0.7500E+01 0.2721E+03 0.5352E-07 0.7241E+01 0.1317E+06 0.5788E+02  6.784 0.0002 0.1941E-04 0.1000E+01
1775 0.7894E+01 0.2681E+03 0.5035E-07 0.7234E+01 0.1306E+06 0.5804E+02  6.767 0.0002 0.1941E-04 0.1000E+01
1777 0.8000E+01 0.2671E+03 0.4956E-07 0.7232E+01 0.1303E+06 0.5808E+02  6.763 0.0002 0.1941E-04 0.1000E+01
1780 0.8249E+01 0.2647E+03 0.4777E-07 0.7228E+01 0.1297E+06 0.5818E+02  6.753 0.0001 0.1941E-04 0.1000E+01
1783 0.8500E+01 0.2624E+03 0.4610E-07 0.7223E+01 0.1290E+06 0.5827E+02  6.743 0.0001 0.1941E-04 0.1000E+01
1785 0.8676E+01 0.2609E+03 0.4499E-07 0.7221E+01 0.1286E+06 0.5833E+02  6.736 0.0001 0.1941E-04 0.1000E+01
1789 0.9000E+01 0.2582E+03 0.4307E-07 0.7216E+01 0.1278E+06 0.5844E+02  6.724 0.0001 0.1941E-04 0.1000E+01
1790 0.9092E+01 0.2574E+03 0.4255E-07 0.7214E+01 0.1276E+06 0.5847E+02  6.721 0.0001 0.1941E-04 0.1000E+01
1795 0.9500E+01 0.2542E+03 0.4041E-07 0.7208E+01 0.1267E+06 0.5860E+02  6.706 0.0001 0.1941E-04 0.1000E+01
1795 0.9500E+01 0.2542E+03 0.4041E-07 0.7208E+01 0.1267E+06 0.5860E+02  6.706 0.0001 0.1941E-04 0.1000E+01
1800 0.9999E+01 0.2505E+03 0.3803E-07 0.7202E+01 0.1256E+06 0.5876E+02  6.689 0.0001 0.1941E-04 0.1000E+01
1801 0.1000E+02 0.2505E+03 0.3803E-07 0.7202E+01 0.1256E+06 0.5876E+02  6.689 0.0001 0.1941E-04 0.1000E+01
