 $INPUT
 IMODEL	=             1
 N	=           120
 MINSTP	=             0
 VEOS	=  1.000000000000000
 ILOOP	=             1
 STATIC	=   F
 FRACT	=  2.5000000000000001E-03
 SHINE	=  0.3000000000000000
 SHAVE	=  9.9999999999999995E-08
 POUT	=  5000000.000000000
 AMETH	=             2
 CMETH	=             1
 NOBOND	=             1
 TBEG	=  5.0000000000000004E-06
 TIMEF	=  10.00000000000000
 DTIMEO	=  5.0000000000000003E-02
 STEPO	=  0.5000000000000000
 LCORR	=   T
 LSTART	=   F
 MAXSTP	=          5000
 SPK	=  15.00000000000000
 STARL	=  0.0000000000000000E+00
 DIST	=  5.200000000000000
 ALB	=  0.3500000000000000
 TEFFS	=  5770.000000000000
 LCONV	=   T
 LTRANS	=   T
 LPOUT	=   F
 LFILL	=   F
 LCONT	=   T
 LBURN	=   T
 MAG	=  'O '
 GAM	=  '7X'
 MASS	=  26.58796000000000
 YHEA	=  0.2500000000000000
 YDI	=  2.0000000000000002E-05
 HB	=  1.000000000000000
 $end
 
 
 Gam,Mass,Yhe,Ydi,Dist,starl,alb=  7X  26.588   0.250 0.200E-04 0.520E+01 0.000E+00 0.350E+00
  I  Time(Gyrs) Teff        Lumin      Rad(Gcm)  Tc         Rhoc       S      Ratio  Yd         Yl


   5 0.7951E-06 0.2406E+04 0.3041E-01 0.6981E+02 0.1525E+06 0.1898E+00 14.987 0.0000 0.2000E-04 0.1000E+01
  10 0.1809E-05 0.2409E+04 0.2989E-01 0.6901E+02 0.1536E+06 0.1943E+00 14.967 0.0000 0.2000E-04 0.1000E+01
  15 0.2846E-05 0.2413E+04 0.2938E-01 0.6823E+02 0.1548E+06 0.1990E+00 14.948 0.0000 0.2000E-04 0.1000E+01
  20 0.3907E-05 0.2416E+04 0.2889E-01 0.6746E+02 0.1559E+06 0.2037E+00 14.929 0.0000 0.2000E-04 0.1000E+01
  25 0.4993E-05 0.2419E+04 0.2840E-01 0.6671E+02 0.1571E+06 0.2085E+00 14.910 0.0000 0.2000E-04 0.1000E+01
  26 0.0000E+00 0.2419E+04 0.2840E-01 0.6671E+02 0.1571E+06 0.2085E+00 14.910 0.0000 0.2000E-04 0.1000E+01
  30 0.8884E-06 0.2422E+04 0.2797E-01 0.6604E+02 0.1581E+06 0.2129E+00 14.893 0.0000 0.2000E-04 0.1000E+01
  35 0.2025E-05 0.2426E+04 0.2750E-01 0.6532E+02 0.1593E+06 0.2178E+00 14.874 0.0000 0.2000E-04 0.1000E+01
  40 0.3189E-05 0.2429E+04 0.2704E-01 0.6460E+02 0.1604E+06 0.2229E+00 14.855 0.0000 0.2000E-04 0.1000E+01
  45 0.4384E-05 0.2432E+04 0.2659E-01 0.6390E+02 0.1615E+06 0.2280E+00 14.835 0.0000 0.2000E-04 0.1000E+01
  50 0.5612E-05 0.2435E+04 0.2614E-01 0.6321E+02 0.1627E+06 0.2333E+00 14.816 0.0000 0.2000E-04 0.1000E+01
  55 0.6874E-05 0.2438E+04 0.2571E-01 0.6252E+02 0.1638E+06 0.2387E+00 14.797 0.0000 0.2000E-04 0.1000E+01
  60 0.8170E-05 0.2441E+04 0.2527E-01 0.6185E+02 0.1650E+06 0.2442E+00 14.778 0.0000 0.2000E-04 0.1000E+01
  65 0.9502E-05 0.2443E+04 0.2485E-01 0.6118E+02 0.1661E+06 0.2498E+00 14.758 0.0000 0.2000E-04 0.1000E+01
  70 0.1087E-04 0.2446E+04 0.2443E-01 0.6053E+02 0.1673E+06 0.2555E+00 14.739 0.0000 0.2000E-04 0.1000E+01
  75 0.1227E-04 0.2449E+04 0.2402E-01 0.5988E+02 0.1684E+06 0.2614E+00 14.720 0.0000 0.2000E-04 0.1000E+01
  80 0.1371E-04 0.2452E+04 0.2362E-01 0.5925E+02 0.1696E+06 0.2673E+00 14.700 0.0000 0.2000E-04 0.1000E+01
  85 0.1519E-04 0.2454E+04 0.2323E-01 0.5862E+02 0.1707E+06 0.2734E+00 14.681 0.0000 0.2000E-04 0.1000E+01
  90 0.1670E-04 0.2457E+04 0.2284E-01 0.5801E+02 0.1719E+06 0.2797E+00 14.661 0.0000 0.2000E-04 0.1000E+01
  95 0.1825E-04 0.2460E+04 0.2246E-01 0.5740E+02 0.1730E+06 0.2860E+00 14.642 0.0000 0.2000E-04 0.1000E+01
 100 0.1985E-04 0.2462E+04 0.2208E-01 0.5680E+02 0.1742E+06 0.2925E+00 14.622 0.0000 0.2000E-04 0.1000E+01
 105 0.2148E-04 0.2465E+04 0.2171E-01 0.5621E+02 0.1753E+06 0.2991E+00 14.602 0.0000 0.2000E-04 0.1000E+01
 110 0.2315E-04 0.2467E+04 0.2135E-01 0.5563E+02 0.1765E+06 0.3058E+00 14.583 0.0000 0.2000E-04 0.1000E+01
 115 0.2487E-04 0.2470E+04 0.2100E-01 0.5505E+02 0.1777E+06 0.3127E+00 14.563 0.0000 0.2000E-04 0.1000E+01
 120 0.2663E-04 0.2472E+04 0.2065E-01 0.5449E+02 0.1789E+06 0.3197E+00 14.543 0.0000 0.2000E-04 0.1000E+01
 125 0.2844E-04 0.2474E+04 0.2030E-01 0.5393E+02 0.1800E+06 0.3269E+00 14.524 0.0000 0.2000E-04 0.1000E+01
 130 0.3029E-04 0.2477E+04 0.1997E-01 0.5338E+02 0.1812E+06 0.3342E+00 14.504 0.0000 0.2000E-04 0.1000E+01
 135 0.3219E-04 0.2479E+04 0.1964E-01 0.5284E+02 0.1824E+06 0.3417E+00 14.484 0.0000 0.2000E-04 0.1000E+01
 140 0.3413E-04 0.2481E+04 0.1931E-01 0.5231E+02 0.1836E+06 0.3493E+00 14.464 0.0000 0.2000E-04 0.1000E+01
 145 0.3612E-04 0.2483E+04 0.1899E-01 0.5178E+02 0.1848E+06 0.3571E+00 14.444 0.0000 0.2000E-04 0.1000E+01
 150 0.3816E-04 0.2486E+04 0.1868E-01 0.5126E+02 0.1860E+06 0.3650E+00 14.425 0.0000 0.2000E-04 0.1000E+01
 155 0.4025E-04 0.2488E+04 0.1837E-01 0.5075E+02 0.1872E+06 0.3731E+00 14.405 0.0000 0.2000E-04 0.1000E+01
 160 0.4239E-04 0.2490E+04 0.1807E-01 0.5025E+02 0.1885E+06 0.3813E+00 14.385 0.0000 0.2000E-04 0.1000E+01
 165 0.4459E-04 0.2492E+04 0.1777E-01 0.4975E+02 0.1897E+06 0.3897E+00 14.365 0.0000 0.2000E-04 0.1000E+01
 170 0.4683E-04 0.2494E+04 0.1748E-01 0.4926E+02 0.1909E+06 0.3983E+00 14.345 0.0000 0.2000E-04 0.1000E+01
 175 0.4914E-04 0.2496E+04 0.1719E-01 0.4878E+02 0.1921E+06 0.4071E+00 14.325 0.0000 0.2000E-04 0.1000E+01
 180 0.5150E-04 0.2498E+04 0.1691E-01 0.4830E+02 0.1933E+06 0.4160E+00 14.305 0.0000 0.2000E-04 0.1000E+01
 185 0.5392E-04 0.2499E+04 0.1663E-01 0.4783E+02 0.1946E+06 0.4252E+00 14.285 0.0000 0.2000E-04 0.1000E+01
 190 0.5640E-04 0.2501E+04 0.1635E-01 0.4737E+02 0.1958E+06 0.4345E+00 14.265 0.0000 0.2000E-04 0.1000E+01
 195 0.5895E-04 0.2503E+04 0.1608E-01 0.4691E+02 0.1971E+06 0.4441E+00 14.245 0.0000 0.2000E-04 0.1000E+01
 200 0.6156E-04 0.2505E+04 0.1582E-01 0.4645E+02 0.1983E+06 0.4538E+00 14.224 0.0000 0.2000E-04 0.1000E+01
 205 0.6423E-04 0.2506E+04 0.1556E-01 0.4600E+02 0.1996E+06 0.4638E+00 14.204 0.0000 0.2000E-04 0.1000E+01
 210 0.6698E-04 0.2508E+04 0.1530E-01 0.4556E+02 0.2009E+06 0.4741E+00 14.184 0.0000 0.2000E-04 0.1000E+01
 215 0.6979E-04 0.2510E+04 0.1504E-01 0.4512E+02 0.2022E+06 0.4845E+00 14.163 0.0000 0.2000E-04 0.1000E+01
 220 0.7269E-04 0.2511E+04 0.1478E-01 0.4469E+02 0.2035E+06 0.4952E+00 14.143 0.0000 0.2000E-04 0.1000E+01
 225 0.7566E-04 0.2512E+04 0.1453E-01 0.4426E+02 0.2048E+06 0.5062E+00 14.123 0.0000 0.2000E-04 0.1000E+01
 230 0.7871E-04 0.2514E+04 0.1429E-01 0.4384E+02 0.2061E+06 0.5174E+00 14.102 0.0000 0.2000E-04 0.1000E+01
 235 0.8184E-04 0.2515E+04 0.1404E-01 0.4342E+02 0.2074E+06 0.5290E+00 14.081 0.0000 0.2000E-04 0.1000E+01
 240 0.8506E-04 0.2516E+04 0.1380E-01 0.4300E+02 0.2087E+06 0.5407E+00 14.061 0.0000 0.2000E-04 0.1000E+01
 245 0.8836E-04 0.2517E+04 0.1357E-01 0.4259E+02 0.2101E+06 0.5528E+00 14.040 0.0000 0.2000E-04 0.1000E+01
 250 0.9175E-04 0.2519E+04 0.1334E-01 0.4219E+02 0.2114E+06 0.5652E+00 14.019 0.0000 0.2000E-04 0.1000E+01
 255 0.9523E-04 0.2520E+04 0.1311E-01 0.4178E+02 0.2128E+06 0.5779E+00 13.998 0.0000 0.2000E-04 0.1000E+01
 260 0.9881E-04 0.2521E+04 0.1289E-01 0.4139E+02 0.2142E+06 0.5908E+00 13.977 0.0000 0.2000E-04 0.1000E+01
 265 0.1025E-03 0.2522E+04 0.1267E-01 0.4099E+02 0.2156E+06 0.6042E+00 13.956 0.0000 0.2000E-04 0.1000E+01
 270 0.1062E-03 0.2524E+04 0.1245E-01 0.4060E+02 0.2170E+06 0.6179E+00 13.935 0.0000 0.2000E-04 0.1000E+01
 275 0.1101E-03 0.2525E+04 0.1223E-01 0.4021E+02 0.2184E+06 0.6320E+00 13.913 0.0000 0.2000E-04 0.1000E+01
 280 0.1141E-03 0.2526E+04 0.1203E-01 0.3983E+02 0.2199E+06 0.6463E+00 13.892 0.0000 0.2000E-04 0.1000E+01
 285 0.1182E-03 0.2527E+04 0.1182E-01 0.3945E+02 0.2213E+06 0.6609E+00 13.871 0.0000 0.2000E-04 0.1000E+01
 290 0.1224E-03 0.2528E+04 0.1162E-01 0.3908E+02 0.2227E+06 0.6757E+00 13.850 0.0000 0.2000E-04 0.1000E+01
 295 0.1267E-03 0.2529E+04 0.1142E-01 0.3871E+02 0.2242E+06 0.6910E+00 13.829 0.0000 0.2000E-04 0.1000E+01
 300 0.1311E-03 0.2531E+04 0.1122E-01 0.3834E+02 0.2257E+06 0.7069E+00 13.807 0.0000 0.2000E-04 0.1000E+01
 305 0.1356E-03 0.2532E+04 0.1104E-01 0.3798E+02 0.2272E+06 0.7229E+00 13.786 0.0000 0.2000E-04 0.1000E+01
 310 0.1403E-03 0.2533E+04 0.1085E-01 0.3762E+02 0.2287E+06 0.7392E+00 13.764 0.0000 0.2000E-04 0.1000E+01
 315 0.1450E-03 0.2534E+04 0.1067E-01 0.3727E+02 0.2301E+06 0.7559E+00 13.743 0.0000 0.2000E-04 0.1000E+01
 320 0.1499E-03 0.2536E+04 0.1049E-01 0.3693E+02 0.2316E+06 0.7730E+00 13.721 0.0000 0.2000E-04 0.1000E+01
 325 0.1548E-03 0.2537E+04 0.1032E-01 0.3658E+02 0.2331E+06 0.7904E+00 13.700 0.0000 0.2000E-04 0.1000E+01
 330 0.1599E-03 0.2538E+04 0.1015E-01 0.3624E+02 0.2346E+06 0.8082E+00 13.678 0.0000 0.2000E-04 0.1000E+01
 335 0.1652E-03 0.2539E+04 0.9986E-02 0.3591E+02 0.2362E+06 0.8264E+00 13.657 0.0000 0.2000E-04 0.1000E+01
 340 0.1705E-03 0.2541E+04 0.9824E-02 0.3558E+02 0.2377E+06 0.8450E+00 13.635 0.0000 0.2000E-04 0.1000E+01
 345 0.1760E-03 0.2542E+04 0.9664E-02 0.3525E+02 0.2392E+06 0.8641E+00 13.613 0.0000 0.2000E-04 0.1000E+01
 350 0.1816E-03 0.2543E+04 0.9507E-02 0.3493E+02 0.2408E+06 0.8836E+00 13.592 0.0000 0.2000E-04 0.1000E+01
 355 0.1874E-03 0.2545E+04 0.9353E-02 0.3460E+02 0.2423E+06 0.9034E+00 13.570 0.0000 0.2000E-04 0.1000E+01
 360 0.1933E-03 0.2546E+04 0.9205E-02 0.3429E+02 0.2438E+06 0.9237E+00 13.549 0.0000 0.2000E-04 0.1000E+01
 365 0.1993E-03 0.2548E+04 0.9058E-02 0.3398E+02 0.2454E+06 0.9445E+00 13.527 0.0000 0.2000E-04 0.1000E+01
 370 0.2055E-03 0.2549E+04 0.8915E-02 0.3367E+02 0.2470E+06 0.9658E+00 13.505 0.0000 0.2000E-04 0.1000E+01
 375 0.2119E-03 0.2551E+04 0.8773E-02 0.3336E+02 0.2485E+06 0.9877E+00 13.483 0.0000 0.2000E-04 0.1000E+01
 380 0.2184E-03 0.2552E+04 0.8634E-02 0.3305E+02 0.2501E+06 0.1010E+01 13.461 0.0000 0.2000E-04 0.1000E+01
 385 0.2250E-03 0.2554E+04 0.8497E-02 0.3275E+02 0.2517E+06 0.1033E+01 13.439 0.0000 0.2000E-04 0.1000E+01
 390 0.2319E-03 0.2555E+04 0.8362E-02 0.3246E+02 0.2533E+06 0.1056E+01 13.417 0.0000 0.2000E-04 0.1000E+01
 395 0.2389E-03 0.2557E+04 0.8229E-02 0.3216E+02 0.2549E+06 0.1080E+01 13.395 0.0000 0.2000E-04 0.1000E+01
 400 0.2460E-03 0.2558E+04 0.8097E-02 0.3187E+02 0.2565E+06 0.1105E+01 13.373 0.0000 0.2000E-04 0.1000E+01
 405 0.2534E-03 0.2559E+04 0.7967E-02 0.3158E+02 0.2581E+06 0.1130E+01 13.351 0.0000 0.2000E-04 0.1000E+01
 410 0.2610E-03 0.2560E+04 0.7839E-02 0.3129E+02 0.2597E+06 0.1155E+01 13.329 0.0000 0.2000E-04 0.1000E+01
 415 0.2687E-03 0.2562E+04 0.7712E-02 0.3101E+02 0.2613E+06 0.1182E+01 13.306 0.0000 0.2000E-04 0.1000E+01
 420 0.2766E-03 0.2563E+04 0.7586E-02 0.3073E+02 0.2629E+06 0.1209E+01 13.284 0.0000 0.2000E-04 0.1000E+01
 425 0.2848E-03 0.2564E+04 0.7462E-02 0.3045E+02 0.2645E+06 0.1236E+01 13.261 0.0000 0.2000E-04 0.1000E+01
 430 0.2931E-03 0.2565E+04 0.7339E-02 0.3018E+02 0.2661E+06 0.1264E+01 13.239 0.0000 0.2000E-04 0.1000E+01
 435 0.3016E-03 0.2566E+04 0.7219E-02 0.2990E+02 0.2677E+06 0.1293E+01 13.216 0.0000 0.2000E-04 0.1000E+01
 440 0.3104E-03 0.2567E+04 0.7099E-02 0.2963E+02 0.2694E+06 0.1322E+01 13.194 0.0000 0.2000E-04 0.1000E+01
 445 0.3194E-03 0.2568E+04 0.6981E-02 0.2937E+02 0.2710E+06 0.1353E+01 13.171 0.0000 0.2000E-04 0.1000E+01
 450 0.3286E-03 0.2568E+04 0.6864E-02 0.2910E+02 0.2726E+06 0.1383E+01 13.149 0.0000 0.2000E-04 0.1000E+01
 455 0.3381E-03 0.2569E+04 0.6749E-02 0.2884E+02 0.2742E+06 0.1415E+01 13.126 0.0000 0.2000E-04 0.1000E+01
 460 0.3478E-03 0.2570E+04 0.6635E-02 0.2858E+02 0.2758E+06 0.1447E+01 13.103 0.0000 0.2000E-04 0.1000E+01
 465 0.3577E-03 0.2570E+04 0.6523E-02 0.2833E+02 0.2775E+06 0.1480E+01 13.080 0.0000 0.2000E-04 0.1000E+01
 470 0.3679E-03 0.2571E+04 0.6413E-02 0.2807E+02 0.2791E+06 0.1513E+01 13.057 0.0000 0.2000E-04 0.1000E+01
 475 0.3784E-03 0.2571E+04 0.6303E-02 0.2782E+02 0.2807E+06 0.1548E+01 13.034 0.0000 0.2000E-04 0.1000E+01
 480 0.3891E-03 0.2572E+04 0.6195E-02 0.2757E+02 0.2824E+06 0.1583E+01 13.011 0.0000 0.2000E-04 0.1000E+01
 485 0.4001E-03 0.2572E+04 0.6090E-02 0.2733E+02 0.2840E+06 0.1619E+01 12.988 0.0000 0.2000E-04 0.1000E+01
 490 0.4113E-03 0.2573E+04 0.5985E-02 0.2709E+02 0.2856E+06 0.1655E+01 12.965 0.0000 0.2000E-04 0.1000E+01
 495 0.4229E-03 0.2573E+04 0.5883E-02 0.2685E+02 0.2873E+06 0.1693E+01 12.942 0.0000 0.2000E-04 0.1000E+01
 500 0.4347E-03 0.2573E+04 0.5781E-02 0.2661E+02 0.2889E+06 0.1731E+01 12.919 0.0000 0.2000E-04 0.1000E+01
 505 0.4469E-03 0.2574E+04 0.5683E-02 0.2637E+02 0.2905E+06 0.1770E+01 12.896 0.0000 0.2000E-04 0.1000E+01
 510 0.4594E-03 0.2574E+04 0.5585E-02 0.2614E+02 0.2922E+06 0.1811E+01 12.872 0.0000 0.2000E-04 0.1000E+01
 515 0.4721E-03 0.2574E+04 0.5490E-02 0.2591E+02 0.2938E+06 0.1852E+01 12.849 0.0000 0.2000E-04 0.1000E+01
 520 0.4853E-03 0.2574E+04 0.5395E-02 0.2568E+02 0.2955E+06 0.1894E+01 12.826 0.0000 0.2000E-04 0.1000E+01
 525 0.4987E-03 0.2575E+04 0.5304E-02 0.2546E+02 0.2971E+06 0.1937E+01 12.802 0.0000 0.2000E-04 0.1000E+01
 530 0.5125E-03 0.2575E+04 0.5215E-02 0.2523E+02 0.2988E+06 0.1981E+01 12.779 0.0000 0.2000E-04 0.1000E+01
 535 0.5266E-03 0.2576E+04 0.5127E-02 0.2501E+02 0.3004E+06 0.2026E+01 12.755 0.0000 0.2000E-04 0.1000E+01
 540 0.5410E-03 0.2576E+04 0.5040E-02 0.2479E+02 0.3021E+06 0.2072E+01 12.732 0.0000 0.2000E-04 0.1000E+01
 545 0.5558E-03 0.2576E+04 0.4954E-02 0.2458E+02 0.3037E+06 0.2119E+01 12.708 0.0000 0.2000E-04 0.1000E+01
 550 0.5710E-03 0.2576E+04 0.4869E-02 0.2436E+02 0.3054E+06 0.2167E+01 12.684 0.0000 0.2000E-04 0.1000E+01
 555 0.5866E-03 0.2576E+04 0.4786E-02 0.2415E+02 0.3070E+06 0.2216E+01 12.661 0.0000 0.2000E-04 0.1000E+01
 560 0.6026E-03 0.2576E+04 0.4704E-02 0.2394E+02 0.3087E+06 0.2267E+01 12.637 0.0000 0.2000E-04 0.1000E+01
 565 0.6190E-03 0.2576E+04 0.4622E-02 0.2373E+02 0.3103E+06 0.2319E+01 12.613 0.0000 0.2000E-04 0.1000E+01
 570 0.6357E-03 0.2576E+04 0.4542E-02 0.2353E+02 0.3120E+06 0.2371E+01 12.589 0.0000 0.2000E-04 0.1000E+01
 575 0.6529E-03 0.2576E+04 0.4463E-02 0.2332E+02 0.3137E+06 0.2425E+01 12.565 0.0000 0.2000E-04 0.1000E+01
 580 0.6705E-03 0.2576E+04 0.4385E-02 0.2312E+02 0.3153E+06 0.2481E+01 12.541 0.0000 0.2000E-04 0.1000E+01
 585 0.6886E-03 0.2576E+04 0.4308E-02 0.2292E+02 0.3170E+06 0.2537E+01 12.517 0.0000 0.2000E-04 0.1000E+01
 590 0.7071E-03 0.2575E+04 0.4232E-02 0.2273E+02 0.3187E+06 0.2595E+01 12.493 0.0001 0.2000E-04 0.1000E+01
 595 0.7261E-03 0.2575E+04 0.4156E-02 0.2253E+02 0.3203E+06 0.2654E+01 12.469 0.0001 0.2000E-04 0.1000E+01
 600 0.7456E-03 0.2574E+04 0.4082E-02 0.2234E+02 0.3220E+06 0.2715E+01 12.445 0.0001 0.2000E-04 0.1000E+01
 605 0.7655E-03 0.2574E+04 0.4009E-02 0.2215E+02 0.3236E+06 0.2776E+01 12.421 0.0001 0.2000E-04 0.1000E+01
 610 0.7860E-03 0.2573E+04 0.3936E-02 0.2196E+02 0.3253E+06 0.2839E+01 12.397 0.0001 0.2000E-04 0.1000E+01
 615 0.8070E-03 0.2572E+04 0.3864E-02 0.2177E+02 0.3269E+06 0.2904E+01 12.373 0.0001 0.2000E-04 0.1000E+01
 620 0.8286E-03 0.2571E+04 0.3793E-02 0.2159E+02 0.3286E+06 0.2970E+01 12.348 0.0001 0.2000E-04 0.1000E+01
 625 0.8507E-03 0.2570E+04 0.3723E-02 0.2140E+02 0.3302E+06 0.3038E+01 12.324 0.0001 0.2000E-04 0.1000E+01
 630 0.8735E-03 0.2569E+04 0.3653E-02 0.2122E+02 0.3319E+06 0.3107E+01 12.299 0.0001 0.2000E-04 0.1000E+01
 635 0.8970E-03 0.2568E+04 0.3584E-02 0.2104E+02 0.3335E+06 0.3179E+01 12.275 0.0002 0.2000E-04 0.1000E+01
 640 0.9211E-03 0.2567E+04 0.3516E-02 0.2086E+02 0.3352E+06 0.3251E+01 12.250 0.0002 0.2000E-04 0.1000E+01
 645 0.9459E-03 0.2565E+04 0.3449E-02 0.2068E+02 0.3368E+06 0.3326E+01 12.225 0.0002 0.2000E-04 0.1000E+01
 650 0.9713E-03 0.2564E+04 0.3382E-02 0.2050E+02 0.3385E+06 0.3403E+01 12.200 0.0002 0.2000E-04 0.1000E+01
 655 0.9975E-03 0.2562E+04 0.3317E-02 0.2033E+02 0.3401E+06 0.3481E+01 12.175 0.0003 0.2000E-04 0.1000E+01
 660 0.1024E-02 0.2560E+04 0.3252E-02 0.2016E+02 0.3418E+06 0.3561E+01 12.150 0.0003 0.2000E-04 0.1000E+01
 665 0.1052E-02 0.2559E+04 0.3188E-02 0.1998E+02 0.3434E+06 0.3644E+01 12.125 0.0004 0.2000E-04 0.1000E+01
 670 0.1081E-02 0.2557E+04 0.3126E-02 0.1981E+02 0.3450E+06 0.3728E+01 12.099 0.0004 0.2000E-04 0.1000E+01
 675 0.1110E-02 0.2555E+04 0.3065E-02 0.1964E+02 0.3467E+06 0.3815E+01 12.074 0.0005 0.2000E-04 0.1000E+01
 680 0.1140E-02 0.2554E+04 0.3005E-02 0.1948E+02 0.3483E+06 0.3903E+01 12.048 0.0005 0.2000E-04 0.1000E+01
 685 0.1172E-02 0.2552E+04 0.2946E-02 0.1931E+02 0.3499E+06 0.3995E+01 12.023 0.0006 0.2000E-04 0.1000E+01
 690 0.1204E-02 0.2550E+04 0.2888E-02 0.1915E+02 0.3516E+06 0.4088E+01 11.997 0.0007 0.2000E-04 0.1000E+01
 695 0.1236E-02 0.2548E+04 0.2831E-02 0.1898E+02 0.3532E+06 0.4184E+01 11.971 0.0008 0.2000E-04 0.1000E+01
 700 0.1270E-02 0.2547E+04 0.2774E-02 0.1882E+02 0.3548E+06 0.4282E+01 11.945 0.0009 0.2000E-04 0.1000E+01
 705 0.1305E-02 0.2545E+04 0.2719E-02 0.1866E+02 0.3564E+06 0.4382E+01 11.919 0.0010 0.2000E-04 0.1000E+01
 710 0.1341E-02 0.2543E+04 0.2664E-02 0.1850E+02 0.3580E+06 0.4485E+01 11.893 0.0011 0.2000E-04 0.1000E+01
 715 0.1378E-02 0.2540E+04 0.2610E-02 0.1834E+02 0.3596E+06 0.4590E+01 11.867 0.0012 0.2000E-04 0.1000E+01
 720 0.1415E-02 0.2538E+04 0.2558E-02 0.1819E+02 0.3612E+06 0.4698E+01 11.841 0.0014 0.2000E-04 0.1000E+01
 725 0.1454E-02 0.2536E+04 0.2506E-02 0.1804E+02 0.3628E+06 0.4807E+01 11.815 0.0016 0.2000E-04 0.1000E+01
 730 0.1493E-02 0.2534E+04 0.2456E-02 0.1789E+02 0.3643E+06 0.4918E+01 11.789 0.0018 0.2000E-04 0.1000E+01
 735 0.1533E-02 0.2532E+04 0.2407E-02 0.1774E+02 0.3659E+06 0.5031E+01 11.763 0.0020 0.2000E-04 0.1000E+01
 740 0.1574E-02 0.2529E+04 0.2358E-02 0.1759E+02 0.3674E+06 0.5147E+01 11.738 0.0022 0.2000E-04 0.1000E+01
 745 0.1616E-02 0.2527E+04 0.2311E-02 0.1745E+02 0.3689E+06 0.5264E+01 11.712 0.0025 0.2000E-04 0.1000E+01
 750 0.1659E-02 0.2524E+04 0.2264E-02 0.1731E+02 0.3704E+06 0.5384E+01 11.686 0.0028 0.2000E-04 0.1000E+01
 755 0.1703E-02 0.2521E+04 0.2218E-02 0.1717E+02 0.3719E+06 0.5506E+01 11.661 0.0031 0.2000E-04 0.1000E+01
 760 0.1748E-02 0.2519E+04 0.2173E-02 0.1703E+02 0.3734E+06 0.5631E+01 11.635 0.0035 0.2000E-04 0.1000E+01
 765 0.1794E-02 0.2516E+04 0.2129E-02 0.1689E+02 0.3749E+06 0.5757E+01 11.610 0.0039 0.2000E-04 0.1000E+01
 770 0.1841E-02 0.2513E+04 0.2085E-02 0.1676E+02 0.3763E+06 0.5886E+01 11.584 0.0044 0.2000E-04 0.1000E+01
 775 0.1889E-02 0.2510E+04 0.2043E-02 0.1663E+02 0.3777E+06 0.6017E+01 11.559 0.0049 0.2000E-04 0.1000E+01
 780 0.1938E-02 0.2507E+04 0.2000E-02 0.1650E+02 0.3791E+06 0.6150E+01 11.534 0.0054 0.2000E-04 0.1000E+01
 785 0.1988E-02 0.2503E+04 0.1959E-02 0.1637E+02 0.3805E+06 0.6286E+01 11.508 0.0060 0.2000E-04 0.1000E+01
 790 0.2039E-02 0.2500E+04 0.1918E-02 0.1624E+02 0.3819E+06 0.6424E+01 11.483 0.0067 0.2000E-04 0.1000E+01
 795 0.2092E-02 0.2496E+04 0.1878E-02 0.1612E+02 0.3833E+06 0.6564E+01 11.458 0.0075 0.1999E-04 0.1000E+01
 800 0.2145E-02 0.2493E+04 0.1839E-02 0.1599E+02 0.3846E+06 0.6706E+01 11.433 0.0083 0.1999E-04 0.1000E+01
 805 0.2200E-02 0.2489E+04 0.1800E-02 0.1587E+02 0.3860E+06 0.6851E+01 11.408 0.0091 0.1999E-04 0.1000E+01
 810 0.2256E-02 0.2485E+04 0.1763E-02 0.1575E+02 0.3873E+06 0.6998E+01 11.383 0.0101 0.1999E-04 0.1000E+01
 815 0.2313E-02 0.2481E+04 0.1726E-02 0.1564E+02 0.3885E+06 0.7147E+01 11.359 0.0112 0.1999E-04 0.1000E+01
 820 0.2372E-02 0.2477E+04 0.1689E-02 0.1552E+02 0.3898E+06 0.7298E+01 11.334 0.0123 0.1999E-04 0.1000E+01
 825 0.2431E-02 0.2473E+04 0.1653E-02 0.1541E+02 0.3910E+06 0.7452E+01 11.310 0.0136 0.1999E-04 0.1000E+01
 830 0.2492E-02 0.2469E+04 0.1618E-02 0.1530E+02 0.3922E+06 0.7607E+01 11.285 0.0150 0.1999E-04 0.1000E+01
 835 0.2555E-02 0.2464E+04 0.1584E-02 0.1519E+02 0.3934E+06 0.7765E+01 11.261 0.0165 0.1999E-04 0.1000E+01
 840 0.2619E-02 0.2460E+04 0.1550E-02 0.1508E+02 0.3946E+06 0.7926E+01 11.237 0.0181 0.1999E-04 0.1000E+01
 845 0.2684E-02 0.2455E+04 0.1517E-02 0.1497E+02 0.3958E+06 0.8088E+01 11.212 0.0199 0.1998E-04 0.1000E+01
 850 0.2750E-02 0.2451E+04 0.1484E-02 0.1486E+02 0.3969E+06 0.8252E+01 11.188 0.0218 0.1998E-04 0.1000E+01
 855 0.2818E-02 0.2446E+04 0.1453E-02 0.1476E+02 0.3980E+06 0.8419E+01 11.165 0.0238 0.1998E-04 0.1000E+01
 860 0.2888E-02 0.2442E+04 0.1422E-02 0.1466E+02 0.3991E+06 0.8588E+01 11.141 0.0261 0.1998E-04 0.1000E+01
 865 0.2959E-02 0.2437E+04 0.1392E-02 0.1456E+02 0.4001E+06 0.8759E+01 11.117 0.0285 0.1998E-04 0.1000E+01
 868 0.3000E-02 0.2434E+04 0.1375E-02 0.1450E+02 0.4007E+06 0.8857E+01 11.104 0.0299 0.1997E-04 0.1000E+01
 870 0.3029E-02 0.2433E+04 0.1364E-02 0.1446E+02 0.4011E+06 0.8926E+01 11.094 0.0310 0.1997E-04 0.1000E+01
 875 0.3103E-02 0.2428E+04 0.1335E-02 0.1436E+02 0.4021E+06 0.9102E+01 11.071 0.0337 0.1997E-04 0.1000E+01
 880 0.3179E-02 0.2423E+04 0.1307E-02 0.1427E+02 0.4031E+06 0.9279E+01 11.047 0.0367 0.1997E-04 0.1000E+01
 885 0.3257E-02 0.2419E+04 0.1280E-02 0.1417E+02 0.4041E+06 0.9460E+01 11.024 0.0399 0.1996E-04 0.1000E+01
 890 0.3337E-02 0.2414E+04 0.1254E-02 0.1408E+02 0.4050E+06 0.9642E+01 11.001 0.0433 0.1996E-04 0.1000E+01
 895 0.3418E-02 0.2409E+04 0.1228E-02 0.1399E+02 0.4059E+06 0.9827E+01 10.978 0.0469 0.1996E-04 0.1000E+01
 900 0.3502E-02 0.2405E+04 0.1203E-02 0.1390E+02 0.4068E+06 0.1001E+02 10.955 0.0507 0.1995E-04 0.1000E+01
 905 0.3587E-02 0.2400E+04 0.1178E-02 0.1381E+02 0.4076E+06 0.1020E+02 10.932 0.0548 0.1995E-04 0.1000E+01
 910 0.3674E-02 0.2396E+04 0.1154E-02 0.1372E+02 0.4084E+06 0.1040E+02 10.909 0.0592 0.1994E-04 0.1000E+01
 915 0.3764E-02 0.2391E+04 0.1132E-02 0.1363E+02 0.4092E+06 0.1059E+02 10.886 0.0638 0.1994E-04 0.1000E+01
 920 0.3855E-02 0.2387E+04 0.1109E-02 0.1354E+02 0.4100E+06 0.1079E+02 10.863 0.0687 0.1993E-04 0.1000E+01
 925 0.3949E-02 0.2382E+04 0.1086E-02 0.1346E+02 0.4107E+06 0.1098E+02 10.840 0.0739 0.1992E-04 0.1000E+01
 930 0.4045E-02 0.2377E+04 0.1064E-02 0.1338E+02 0.4114E+06 0.1119E+02 10.818 0.0794 0.1992E-04 0.1000E+01
 935 0.4143E-02 0.2372E+04 0.1042E-02 0.1329E+02 0.4121E+06 0.1139E+02 10.795 0.0852 0.1991E-04 0.1000E+01
 940 0.4244E-02 0.2367E+04 0.1021E-02 0.1321E+02 0.4127E+06 0.1159E+02 10.773 0.0913 0.1990E-04 0.1000E+01
 945 0.4347E-02 0.2363E+04 0.1001E-02 0.1313E+02 0.4134E+06 0.1180E+02 10.751 0.0977 0.1989E-04 0.1000E+01
 950 0.4453E-02 0.2358E+04 0.9805E-03 0.1305E+02 0.4139E+06 0.1201E+02 10.728 0.1044 0.1989E-04 0.1000E+01
 955 0.4561E-02 0.2353E+04 0.9607E-03 0.1298E+02 0.4145E+06 0.1222E+02 10.706 0.1114 0.1988E-04 0.1000E+01
 960 0.4673E-02 0.2348E+04 0.9414E-03 0.1290E+02 0.4150E+06 0.1244E+02 10.684 0.1188 0.1987E-04 0.1000E+01
 965 0.4785E-02 0.2343E+04 0.9227E-03 0.1282E+02 0.4155E+06 0.1265E+02 10.663 0.1264 0.1985E-04 0.1000E+01
 970 0.4899E-02 0.2338E+04 0.9047E-03 0.1275E+02 0.4160E+06 0.1286E+02 10.642 0.1341 0.1984E-04 0.1000E+01
 975 0.5014E-02 0.2333E+04 0.8873E-03 0.1268E+02 0.4164E+06 0.1307E+02 10.621 0.1421 0.1983E-04 0.1000E+01
 980 0.5130E-02 0.2328E+04 0.8706E-03 0.1261E+02 0.4168E+06 0.1328E+02 10.601 0.1502 0.1982E-04 0.1000E+01
 985 0.5246E-02 0.2323E+04 0.8543E-03 0.1255E+02 0.4172E+06 0.1348E+02 10.581 0.1585 0.1980E-04 0.1000E+01
 990 0.5365E-02 0.2318E+04 0.8385E-03 0.1248E+02 0.4175E+06 0.1369E+02 10.561 0.1670 0.1979E-04 0.1000E+01
 995 0.5486E-02 0.2314E+04 0.8231E-03 0.1242E+02 0.4178E+06 0.1390E+02 10.542 0.1756 0.1978E-04 0.1000E+01
1000 0.5609E-02 0.2309E+04 0.8081E-03 0.1236E+02 0.4181E+06 0.1410E+02 10.523 0.1845 0.1976E-04 0.1000E+01
1005 0.5733E-02 0.2304E+04 0.7934E-03 0.1230E+02 0.4184E+06 0.1431E+02 10.504 0.1936 0.1974E-04 0.1000E+01
1010 0.5860E-02 0.2299E+04 0.7791E-03 0.1224E+02 0.4186E+06 0.1451E+02 10.485 0.2028 0.1973E-04 0.1000E+01
1015 0.5989E-02 0.2294E+04 0.7650E-03 0.1218E+02 0.4188E+06 0.1471E+02 10.467 0.2122 0.1971E-04 0.1000E+01
1020 0.6120E-02 0.2289E+04 0.7512E-03 0.1213E+02 0.4190E+06 0.1492E+02 10.449 0.2218 0.1969E-04 0.1000E+01
1025 0.6253E-02 0.2283E+04 0.7377E-03 0.1207E+02 0.4192E+06 0.1512E+02 10.431 0.2315 0.1967E-04 0.1000E+01
1030 0.6389E-02 0.2278E+04 0.7244E-03 0.1202E+02 0.4193E+06 0.1532E+02 10.413 0.2414 0.1965E-04 0.1000E+01
1035 0.6528E-02 0.2273E+04 0.7113E-03 0.1196E+02 0.4195E+06 0.1552E+02 10.396 0.2516 0.1963E-04 0.1000E+01
1040 0.6671E-02 0.2267E+04 0.6984E-03 0.1191E+02 0.4196E+06 0.1572E+02 10.379 0.2619 0.1961E-04 0.1000E+01
1045 0.6817E-02 0.2262E+04 0.6856E-03 0.1186E+02 0.4197E+06 0.1592E+02 10.361 0.2725 0.1959E-04 0.1000E+01
1050 0.6966E-02 0.2256E+04 0.6728E-03 0.1181E+02 0.4198E+06 0.1613E+02 10.344 0.2833 0.1956E-04 0.1000E+01
1055 0.7120E-02 0.2250E+04 0.6601E-03 0.1176E+02 0.4198E+06 0.1633E+02 10.328 0.2943 0.1954E-04 0.1000E+01
1060 0.7277E-02 0.2244E+04 0.6475E-03 0.1171E+02 0.4198E+06 0.1653E+02 10.311 0.3055 0.1951E-04 0.1000E+01
1065 0.7439E-02 0.2238E+04 0.6351E-03 0.1166E+02 0.4198E+06 0.1673E+02 10.294 0.3169 0.1948E-04 0.1000E+01
1070 0.7606E-02 0.2231E+04 0.6229E-03 0.1162E+02 0.4198E+06 0.1693E+02 10.278 0.3284 0.1945E-04 0.1000E+01
1075 0.7777E-02 0.2225E+04 0.6109E-03 0.1157E+02 0.4198E+06 0.1713E+02 10.262 0.3400 0.1942E-04 0.1000E+01
1080 0.7953E-02 0.2218E+04 0.5990E-03 0.1152E+02 0.4197E+06 0.1734E+02 10.246 0.3518 0.1939E-04 0.1000E+01
1085 0.8136E-02 0.2212E+04 0.5873E-03 0.1148E+02 0.4197E+06 0.1754E+02 10.230 0.3638 0.1936E-04 0.1000E+01
1090 0.8324E-02 0.2205E+04 0.5757E-03 0.1144E+02 0.4196E+06 0.1774E+02 10.214 0.3759 0.1932E-04 0.1000E+01
1095 0.8520E-02 0.2198E+04 0.5643E-03 0.1139E+02 0.4195E+06 0.1794E+02 10.198 0.3882 0.1929E-04 0.1000E+01
1100 0.8722E-02 0.2191E+04 0.5531E-03 0.1135E+02 0.4194E+06 0.1815E+02 10.182 0.4006 0.1925E-04 0.1000E+01
1105 0.8931E-02 0.2184E+04 0.5420E-03 0.1131E+02 0.4193E+06 0.1835E+02 10.166 0.4131 0.1921E-04 0.1000E+01
1110 0.9148E-02 0.2177E+04 0.5310E-03 0.1126E+02 0.4191E+06 0.1856E+02 10.151 0.4258 0.1917E-04 0.1000E+01
1115 0.9373E-02 0.2170E+04 0.5200E-03 0.1122E+02 0.4190E+06 0.1876E+02 10.135 0.4387 0.1912E-04 0.1000E+01
1120 0.9607E-02 0.2162E+04 0.5091E-03 0.1118E+02 0.4188E+06 0.1897E+02 10.120 0.4518 0.1908E-04 0.1000E+01
1125 0.9851E-02 0.2155E+04 0.4982E-03 0.1114E+02 0.4186E+06 0.1918E+02 10.104 0.4651 0.1903E-04 0.1000E+01
1130 0.1011E-01 0.2147E+04 0.4874E-03 0.1110E+02 0.4184E+06 0.1938E+02 10.089 0.4786 0.1898E-04 0.1000E+01
1135 0.1037E-01 0.2139E+04 0.4767E-03 0.1106E+02 0.4182E+06 0.1959E+02 10.074 0.4924 0.1892E-04 0.1000E+01
1140 0.1065E-01 0.2130E+04 0.4660E-03 0.1102E+02 0.4180E+06 0.1980E+02 10.058 0.5063 0.1887E-04 0.1000E+01
1145 0.1094E-01 0.2122E+04 0.4553E-03 0.1098E+02 0.4178E+06 0.2001E+02 10.043 0.5205 0.1881E-04 0.1000E+01
1150 0.1125E-01 0.2113E+04 0.4445E-03 0.1095E+02 0.4175E+06 0.2021E+02 10.028 0.5351 0.1875E-04 0.1000E+01
1155 0.1157E-01 0.2103E+04 0.4337E-03 0.1091E+02 0.4172E+06 0.2042E+02 10.013 0.5500 0.1868E-04 0.1000E+01
1160 0.1192E-01 0.2094E+04 0.4228E-03 0.1087E+02 0.4169E+06 0.2064E+02  9.998 0.5653 0.1861E-04 0.1000E+01
1165 0.1228E-01 0.2083E+04 0.4120E-03 0.1083E+02 0.4166E+06 0.2085E+02  9.983 0.5809 0.1854E-04 0.1000E+01
1170 0.1266E-01 0.2073E+04 0.4011E-03 0.1080E+02 0.4163E+06 0.2106E+02  9.968 0.5968 0.1846E-04 0.1000E+01
1175 0.1307E-01 0.2063E+04 0.3904E-03 0.1076E+02 0.4160E+06 0.2127E+02  9.954 0.6128 0.1837E-04 0.1000E+01
1180 0.1351E-01 0.2052E+04 0.3799E-03 0.1073E+02 0.4157E+06 0.2148E+02  9.939 0.6289 0.1828E-04 0.1000E+01
1185 0.1398E-01 0.2041E+04 0.3695E-03 0.1069E+02 0.4153E+06 0.2170E+02  9.924 0.6450 0.1819E-04 0.1000E+01
1190 0.1448E-01 0.2030E+04 0.3593E-03 0.1066E+02 0.4149E+06 0.2191E+02  9.909 0.6610 0.1809E-04 0.1000E+01
1195 0.1502E-01 0.2019E+04 0.3494E-03 0.1062E+02 0.4145E+06 0.2213E+02  9.895 0.6769 0.1798E-04 0.1000E+01
1200 0.1561E-01 0.2008E+04 0.3396E-03 0.1059E+02 0.4141E+06 0.2234E+02  9.880 0.6926 0.1786E-04 0.1000E+01
1205 0.1624E-01 0.1997E+04 0.3298E-03 0.1055E+02 0.4137E+06 0.2256E+02  9.865 0.7085 0.1773E-04 0.1000E+01
1210 0.1692E-01 0.1985E+04 0.3203E-03 0.1052E+02 0.4133E+06 0.2278E+02  9.851 0.7240 0.1760E-04 0.1000E+01
1215 0.1766E-01 0.1974E+04 0.3110E-03 0.1049E+02 0.4129E+06 0.2300E+02  9.836 0.7390 0.1745E-04 0.1000E+01
1220 0.1847E-01 0.1963E+04 0.3020E-03 0.1045E+02 0.4124E+06 0.2322E+02  9.822 0.7533 0.1729E-04 0.1000E+01
1225 0.1935E-01 0.1951E+04 0.2933E-03 0.1042E+02 0.4120E+06 0.2343E+02  9.807 0.7669 0.1712E-04 0.1000E+01
1230 0.2030E-01 0.1940E+04 0.2848E-03 0.1039E+02 0.4115E+06 0.2365E+02  9.793 0.7797 0.1694E-04 0.1000E+01
1235 0.2134E-01 0.1929E+04 0.2765E-03 0.1036E+02 0.4110E+06 0.2388E+02  9.779 0.7915 0.1674E-04 0.1000E+01
1240 0.2245E-01 0.1918E+04 0.2686E-03 0.1033E+02 0.4105E+06 0.2409E+02  9.764 0.8023 0.1654E-04 0.1000E+01
1245 0.2357E-01 0.1907E+04 0.2613E-03 0.1030E+02 0.4100E+06 0.2430E+02  9.751 0.8114 0.1633E-04 0.1000E+01
1250 0.2470E-01 0.1898E+04 0.2547E-03 0.1027E+02 0.4095E+06 0.2449E+02  9.739 0.8190 0.1613E-04 0.1000E+01
1255 0.2583E-01 0.1889E+04 0.2486E-03 0.1024E+02 0.4091E+06 0.2468E+02  9.727 0.8254 0.1593E-04 0.1000E+01
1260 0.2696E-01 0.1880E+04 0.2430E-03 0.1022E+02 0.4087E+06 0.2485E+02  9.716 0.8303 0.1573E-04 0.1000E+01
1265 0.2810E-01 0.1872E+04 0.2377E-03 0.1020E+02 0.4082E+06 0.2502E+02  9.705 0.8347 0.1554E-04 0.1000E+01
1270 0.2925E-01 0.1864E+04 0.2327E-03 0.1017E+02 0.4078E+06 0.2518E+02  9.695 0.8383 0.1534E-04 0.1000E+01
1275 0.3040E-01 0.1856E+04 0.2280E-03 0.1015E+02 0.4074E+06 0.2534E+02  9.685 0.8411 0.1515E-04 0.1000E+01
1280 0.3156E-01 0.1849E+04 0.2236E-03 0.1013E+02 0.4070E+06 0.2550E+02  9.675 0.8433 0.1496E-04 0.1000E+01
1285 0.3272E-01 0.1842E+04 0.2194E-03 0.1011E+02 0.4066E+06 0.2565E+02  9.666 0.8449 0.1478E-04 0.1000E+01
1290 0.3389E-01 0.1835E+04 0.2153E-03 0.1009E+02 0.4062E+06 0.2579E+02  9.656 0.8461 0.1459E-04 0.1000E+01
1295 0.3506E-01 0.1828E+04 0.2113E-03 0.1008E+02 0.4058E+06 0.2594E+02  9.647 0.8470 0.1441E-04 0.1000E+01
1300 0.3624E-01 0.1822E+04 0.2075E-03 0.1006E+02 0.4054E+06 0.2608E+02  9.638 0.8475 0.1423E-04 0.1000E+01
1305 0.3742E-01 0.1815E+04 0.2038E-03 0.1004E+02 0.4051E+06 0.2622E+02  9.630 0.8475 0.1406E-04 0.1000E+01
1310 0.3861E-01 0.1809E+04 0.2003E-03 0.1002E+02 0.4047E+06 0.2636E+02  9.621 0.8473 0.1388E-04 0.1000E+01
1315 0.3981E-01 0.1803E+04 0.1968E-03 0.1000E+02 0.4043E+06 0.2650E+02  9.612 0.8468 0.1371E-04 0.1000E+01
1320 0.4102E-01 0.1796E+04 0.1934E-03 0.9987E+01 0.4039E+06 0.2664E+02  9.604 0.8462 0.1354E-04 0.1000E+01
1325 0.4223E-01 0.1790E+04 0.1900E-03 0.9970E+01 0.4035E+06 0.2678E+02  9.595 0.8456 0.1337E-04 0.1000E+01
1330 0.4345E-01 0.1783E+04 0.1866E-03 0.9953E+01 0.4031E+06 0.2692E+02  9.587 0.8449 0.1321E-04 0.1000E+01
1335 0.4467E-01 0.1777E+04 0.1833E-03 0.9936E+01 0.4027E+06 0.2705E+02  9.579 0.8442 0.1304E-04 0.1000E+01
1340 0.4591E-01 0.1770E+04 0.1800E-03 0.9920E+01 0.4023E+06 0.2719E+02  9.570 0.8435 0.1288E-04 0.1000E+01
1345 0.4715E-01 0.1764E+04 0.1768E-03 0.9903E+01 0.4019E+06 0.2732E+02  9.562 0.8428 0.1272E-04 0.1000E+01
1350 0.4840E-01 0.1757E+04 0.1736E-03 0.9887E+01 0.4014E+06 0.2746E+02  9.554 0.8420 0.1256E-04 0.1000E+01
1355 0.4966E-01 0.1751E+04 0.1704E-03 0.9871E+01 0.4010E+06 0.2759E+02  9.546 0.8413 0.1241E-04 0.1000E+01
1357 0.5000E-01 0.1749E+04 0.1696E-03 0.9867E+01 0.4009E+06 0.2763E+02  9.543 0.8413 0.1236E-04 0.1000E+01
1360 0.5076E-01 0.1745E+04 0.1677E-03 0.9857E+01 0.4007E+06 0.2771E+02  9.539 0.8406 0.1227E-04 0.1000E+01
1365 0.5204E-01 0.1738E+04 0.1646E-03 0.9841E+01 0.4003E+06 0.2785E+02  9.531 0.8398 0.1212E-04 0.1000E+01
1370 0.5332E-01 0.1731E+04 0.1616E-03 0.9826E+01 0.3999E+06 0.2798E+02  9.522 0.8389 0.1197E-04 0.1000E+01
1375 0.5461E-01 0.1725E+04 0.1586E-03 0.9810E+01 0.3994E+06 0.2811E+02  9.515 0.8381 0.1182E-04 0.1000E+01
1380 0.5592E-01 0.1718E+04 0.1556E-03 0.9795E+01 0.3990E+06 0.2824E+02  9.507 0.8371 0.1167E-04 0.1000E+01
1385 0.5723E-01 0.1711E+04 0.1527E-03 0.9780E+01 0.3986E+06 0.2838E+02  9.499 0.8362 0.1153E-04 0.1000E+01
1390 0.5855E-01 0.1704E+04 0.1498E-03 0.9765E+01 0.3982E+06 0.2851E+02  9.491 0.8351 0.1139E-04 0.1000E+01
1395 0.5989E-01 0.1697E+04 0.1469E-03 0.9750E+01 0.3977E+06 0.2864E+02  9.483 0.8341 0.1124E-04 0.1000E+01
1400 0.6123E-01 0.1690E+04 0.1441E-03 0.9735E+01 0.3973E+06 0.2877E+02  9.475 0.8333 0.1110E-04 0.1000E+01
1405 0.6259E-01 0.1683E+04 0.1413E-03 0.9721E+01 0.3969E+06 0.2890E+02  9.467 0.8325 0.1097E-04 0.1000E+01
1410 0.6396E-01 0.1676E+04 0.1385E-03 0.9706E+01 0.3964E+06 0.2903E+02  9.460 0.8316 0.1083E-04 0.1000E+01
1415 0.6533E-01 0.1669E+04 0.1358E-03 0.9692E+01 0.3960E+06 0.2916E+02  9.452 0.8306 0.1070E-04 0.1000E+01
1420 0.6672E-01 0.1662E+04 0.1332E-03 0.9677E+01 0.3956E+06 0.2929E+02  9.444 0.8293 0.1056E-04 0.1000E+01
1425 0.6813E-01 0.1655E+04 0.1306E-03 0.9663E+01 0.3951E+06 0.2942E+02  9.437 0.8279 0.1043E-04 0.1000E+01
1430 0.6954E-01 0.1648E+04 0.1281E-03 0.9649E+01 0.3947E+06 0.2955E+02  9.429 0.8264 0.1030E-04 0.1000E+01
1432 0.7000E-01 0.1646E+04 0.1272E-03 0.9645E+01 0.3945E+06 0.2960E+02  9.426 0.8260 0.1026E-04 0.1000E+01
1435 0.7086E-01 0.1642E+04 0.1258E-03 0.9636E+01 0.3943E+06 0.2968E+02  9.422 0.8249 0.1019E-04 0.1000E+01
1440 0.7230E-01 0.1635E+04 0.1233E-03 0.9622E+01 0.3938E+06 0.2981E+02  9.414 0.8231 0.1006E-04 0.1000E+01
1445 0.7375E-01 0.1628E+04 0.1209E-03 0.9608E+01 0.3934E+06 0.2994E+02  9.407 0.8213 0.9934E-05 0.1000E+01
1450 0.7522E-01 0.1622E+04 0.1186E-03 0.9594E+01 0.3929E+06 0.3007E+02  9.399 0.8193 0.9810E-05 0.1000E+01
1455 0.7670E-01 0.1615E+04 0.1162E-03 0.9580E+01 0.3924E+06 0.3020E+02  9.391 0.8172 0.9689E-05 0.1000E+01
1460 0.7819E-01 0.1608E+04 0.1140E-03 0.9566E+01 0.3920E+06 0.3033E+02  9.384 0.8151 0.9568E-05 0.1000E+01
1465 0.7971E-01 0.1601E+04 0.1117E-03 0.9553E+01 0.3915E+06 0.3047E+02  9.376 0.8129 0.9450E-05 0.1000E+01
1470 0.8123E-01 0.1594E+04 0.1095E-03 0.9539E+01 0.3910E+06 0.3060E+02  9.368 0.8106 0.9332E-05 0.1000E+01
1475 0.8277E-01 0.1587E+04 0.1073E-03 0.9525E+01 0.3905E+06 0.3074E+02  9.360 0.8083 0.9216E-05 0.1000E+01
1480 0.8433E-01 0.1581E+04 0.1051E-03 0.9511E+01 0.3900E+06 0.3087E+02  9.352 0.8058 0.9102E-05 0.1000E+01
1485 0.8591E-01 0.1574E+04 0.1030E-03 0.9497E+01 0.3895E+06 0.3101E+02  9.345 0.8033 0.8989E-05 0.1000E+01
1490 0.8750E-01 0.1567E+04 0.1009E-03 0.9483E+01 0.3890E+06 0.3114E+02  9.337 0.8008 0.8878E-05 0.1000E+01
1495 0.8912E-01 0.1560E+04 0.9886E-04 0.9469E+01 0.3885E+06 0.3128E+02  9.329 0.7981 0.8767E-05 0.1000E+01
1500 0.9075E-01 0.1553E+04 0.9680E-04 0.9455E+01 0.3880E+06 0.3142E+02  9.321 0.7956 0.8659E-05 0.1000E+01
1505 0.9240E-01 0.1546E+04 0.9477E-04 0.9442E+01 0.3875E+06 0.3156E+02  9.313 0.7929 0.8551E-05 0.1000E+01
1510 0.9407E-01 0.1539E+04 0.9279E-04 0.9428E+01 0.3870E+06 0.3170E+02  9.305 0.7901 0.8445E-05 0.1000E+01
1515 0.9576E-01 0.1532E+04 0.9085E-04 0.9414E+01 0.3864E+06 0.3184E+02  9.297 0.7870 0.8340E-05 0.1000E+01
1520 0.9747E-01 0.1525E+04 0.8897E-04 0.9400E+01 0.3859E+06 0.3199E+02  9.288 0.7837 0.8237E-05 0.1000E+01
1525 0.9921E-01 0.1518E+04 0.8713E-04 0.9386E+01 0.3853E+06 0.3213E+02  9.280 0.7799 0.8134E-05 0.1000E+01
1528 0.1000E+00 0.1515E+04 0.8632E-04 0.9379E+01 0.3851E+06 0.3220E+02  9.276 0.7784 0.8089E-05 0.1000E+01
1530 0.1007E+00 0.1512E+04 0.8561E-04 0.9373E+01 0.3849E+06 0.3226E+02  9.273 0.7765 0.8048E-05 0.1000E+01
1535 0.1025E+00 0.1506E+04 0.8387E-04 0.9359E+01 0.3843E+06 0.3241E+02  9.264 0.7719 0.7949E-05 0.1000E+01
1540 0.1043E+00 0.1499E+04 0.8221E-04 0.9345E+01 0.3837E+06 0.3256E+02  9.256 0.7668 0.7850E-05 0.1000E+01
1545 0.1061E+00 0.1493E+04 0.8057E-04 0.9330E+01 0.3831E+06 0.3272E+02  9.247 0.7613 0.7753E-05 0.1000E+01
1550 0.1080E+00 0.1487E+04 0.7897E-04 0.9315E+01 0.3825E+06 0.3287E+02  9.238 0.7554 0.7656E-05 0.1000E+01
1555 0.1099E+00 0.1481E+04 0.7739E-04 0.9300E+01 0.3818E+06 0.3304E+02  9.229 0.7492 0.7561E-05 0.1000E+01
1560 0.1118E+00 0.1474E+04 0.7584E-04 0.9284E+01 0.3811E+06 0.3320E+02  9.220 0.7427 0.7468E-05 0.1000E+01
1565 0.1137E+00 0.1468E+04 0.7430E-04 0.9268E+01 0.3805E+06 0.3337E+02  9.210 0.7359 0.7375E-05 0.1000E+01
1570 0.1157E+00 0.1462E+04 0.7277E-04 0.9252E+01 0.3798E+06 0.3355E+02  9.200 0.7289 0.7283E-05 0.1000E+01
1575 0.1177E+00 0.1455E+04 0.7125E-04 0.9236E+01 0.3790E+06 0.3373E+02  9.190 0.7217 0.7193E-05 0.1000E+01
1580 0.1198E+00 0.1449E+04 0.6971E-04 0.9219E+01 0.3783E+06 0.3392E+02  9.180 0.7144 0.7104E-05 0.1000E+01
1585 0.1219E+00 0.1442E+04 0.6818E-04 0.9202E+01 0.3775E+06 0.3411E+02  9.169 0.7069 0.7016E-05 0.1000E+01
1590 0.1240E+00 0.1435E+04 0.6665E-04 0.9185E+01 0.3767E+06 0.3430E+02  9.158 0.6992 0.6929E-05 0.1000E+01
1595 0.1262E+00 0.1428E+04 0.6512E-04 0.9167E+01 0.3758E+06 0.3450E+02  9.147 0.6914 0.6843E-05 0.1000E+01
1600 0.1285E+00 0.1421E+04 0.6359E-04 0.9149E+01 0.3750E+06 0.3471E+02  9.135 0.6833 0.6758E-05 0.1000E+01
1605 0.1308E+00 0.1414E+04 0.6206E-04 0.9130E+01 0.3741E+06 0.3492E+02  9.123 0.6750 0.6674E-05 0.1000E+01
1610 0.1331E+00 0.1407E+04 0.6053E-04 0.9111E+01 0.3731E+06 0.3514E+02  9.111 0.6665 0.6592E-05 0.1000E+01
1615 0.1355E+00 0.1399E+04 0.5899E-04 0.9092E+01 0.3722E+06 0.3537E+02  9.099 0.6578 0.6510E-05 0.1000E+01
1620 0.1380E+00 0.1391E+04 0.5745E-04 0.9072E+01 0.3712E+06 0.3560E+02  9.086 0.6490 0.6429E-05 0.1000E+01
1625 0.1406E+00 0.1383E+04 0.5591E-04 0.9052E+01 0.3701E+06 0.3584E+02  9.073 0.6398 0.6350E-05 0.1000E+01
1630 0.1431E+00 0.1376E+04 0.5439E-04 0.9031E+01 0.3691E+06 0.3609E+02  9.059 0.6307 0.6272E-05 0.1000E+01
1635 0.1457E+00 0.1368E+04 0.5290E-04 0.9011E+01 0.3680E+06 0.3633E+02  9.046 0.6218 0.6199E-05 0.1000E+01
1640 0.1483E+00 0.1360E+04 0.5146E-04 0.8991E+01 0.3669E+06 0.3657E+02  9.032 0.6129 0.6128E-05 0.1000E+01
1644 0.1500E+00 0.1354E+04 0.5050E-04 0.8978E+01 0.3662E+06 0.3674E+02  9.023 0.6072 0.6081E-05 0.1000E+01
1645 0.1505E+00 0.1353E+04 0.5022E-04 0.8974E+01 0.3660E+06 0.3679E+02  9.021 0.6051 0.6068E-05 0.1000E+01
1650 0.1531E+00 0.1345E+04 0.4885E-04 0.8954E+01 0.3649E+06 0.3703E+02  9.007 0.5963 0.6003E-05 0.1000E+01
1655 0.1557E+00 0.1337E+04 0.4752E-04 0.8935E+01 0.3638E+06 0.3728E+02  8.994 0.5875 0.5940E-05 0.1000E+01
1660 0.1582E+00 0.1329E+04 0.4622E-04 0.8916E+01 0.3627E+06 0.3752E+02  8.981 0.5788 0.5879E-05 0.1000E+01
1665 0.1608E+00 0.1322E+04 0.4496E-04 0.8896E+01 0.3616E+06 0.3776E+02  8.968 0.5701 0.5821E-05 0.1000E+01
1670 0.1634E+00 0.1314E+04 0.4373E-04 0.8878E+01 0.3604E+06 0.3801E+02  8.954 0.5615 0.5766E-05 0.1000E+01
1675 0.1660E+00 0.1306E+04 0.4254E-04 0.8859E+01 0.3593E+06 0.3825E+02  8.941 0.5529 0.5712E-05 0.1000E+01
1680 0.1686E+00 0.1298E+04 0.4137E-04 0.8840E+01 0.3582E+06 0.3849E+02  8.928 0.5443 0.5661E-05 0.1000E+01
1685 0.1713E+00 0.1291E+04 0.4024E-04 0.8822E+01 0.3571E+06 0.3874E+02  8.915 0.5358 0.5611E-05 0.1000E+01
1690 0.1739E+00 0.1283E+04 0.3914E-04 0.8803E+01 0.3559E+06 0.3898E+02  8.901 0.5273 0.5563E-05 0.1000E+01
1695 0.1765E+00 0.1276E+04 0.3807E-04 0.8785E+01 0.3548E+06 0.3922E+02  8.888 0.5189 0.5518E-05 0.1000E+01
1700 0.1792E+00 0.1268E+04 0.3703E-04 0.8767E+01 0.3536E+06 0.3947E+02  8.875 0.5104 0.5474E-05 0.1000E+01
1705 0.1819E+00 0.1261E+04 0.3602E-04 0.8749E+01 0.3525E+06 0.3971E+02  8.862 0.5020 0.5431E-05 0.1000E+01
1710 0.1846E+00 0.1253E+04 0.3503E-04 0.8732E+01 0.3513E+06 0.3995E+02  8.849 0.4935 0.5390E-05 0.1000E+01
1715 0.1873E+00 0.1246E+04 0.3408E-04 0.8714E+01 0.3501E+06 0.4019E+02  8.836 0.4851 0.5351E-05 0.1000E+01
1720 0.1900E+00 0.1239E+04 0.3315E-04 0.8697E+01 0.3490E+06 0.4044E+02  8.823 0.4768 0.5313E-05 0.1000E+01
1725 0.1928E+00 0.1231E+04 0.3225E-04 0.8679E+01 0.3478E+06 0.4068E+02  8.810 0.4684 0.5276E-05 0.1000E+01
1730 0.1956E+00 0.1224E+04 0.3137E-04 0.8662E+01 0.3466E+06 0.4092E+02  8.797 0.4602 0.5241E-05 0.1000E+01
1735 0.1984E+00 0.1217E+04 0.3052E-04 0.8645E+01 0.3454E+06 0.4116E+02  8.784 0.4519 0.5208E-05 0.1000E+01
1738 0.2000E+00 0.1213E+04 0.3004E-04 0.8635E+01 0.3447E+06 0.4130E+02  8.776 0.4471 0.5189E-05 0.1000E+01
1740 0.2011E+00 0.1210E+04 0.2971E-04 0.8629E+01 0.3442E+06 0.4140E+02  8.771 0.4438 0.5176E-05 0.1000E+01
1745 0.2040E+00 0.1203E+04 0.2890E-04 0.8612E+01 0.3430E+06 0.4164E+02  8.758 0.4356 0.5144E-05 0.1000E+01
1750 0.2068E+00 0.1196E+04 0.2811E-04 0.8595E+01 0.3418E+06 0.4188E+02  8.745 0.4275 0.5114E-05 0.1000E+01
1755 0.2097E+00 0.1188E+04 0.2735E-04 0.8579E+01 0.3406E+06 0.4212E+02  8.732 0.4194 0.5085E-05 0.1000E+01
1760 0.2126E+00 0.1181E+04 0.2660E-04 0.8563E+01 0.3394E+06 0.4237E+02  8.719 0.4114 0.5057E-05 0.1000E+01
1765 0.2156E+00 0.1174E+04 0.2588E-04 0.8546E+01 0.3382E+06 0.4261E+02  8.706 0.4035 0.5030E-05 0.1000E+01
1770 0.2186E+00 0.1167E+04 0.2517E-04 0.8530E+01 0.3370E+06 0.4285E+02  8.693 0.3957 0.5004E-05 0.1000E+01
1775 0.2216E+00 0.1160E+04 0.2448E-04 0.8515E+01 0.3358E+06 0.4309E+02  8.680 0.3879 0.4979E-05 0.1000E+01
1780 0.2246E+00 0.1153E+04 0.2381E-04 0.8499E+01 0.3345E+06 0.4333E+02  8.667 0.3801 0.4955E-05 0.1000E+01
1785 0.2277E+00 0.1147E+04 0.2316E-04 0.8483E+01 0.3333E+06 0.4357E+02  8.654 0.3724 0.4932E-05 0.1000E+01
1790 0.2308E+00 0.1140E+04 0.2252E-04 0.8468E+01 0.3321E+06 0.4381E+02  8.641 0.3647 0.4909E-05 0.1000E+01
1795 0.2339E+00 0.1133E+04 0.2191E-04 0.8452E+01 0.3308E+06 0.4405E+02  8.629 0.3572 0.4888E-05 0.1000E+01
1800 0.2371E+00 0.1126E+04 0.2130E-04 0.8437E+01 0.3296E+06 0.4429E+02  8.616 0.3497 0.4867E-05 0.1000E+01
1805 0.2403E+00 0.1119E+04 0.2072E-04 0.8422E+01 0.3283E+06 0.4453E+02  8.603 0.3423 0.4847E-05 0.1000E+01
1810 0.2436E+00 0.1112E+04 0.2014E-04 0.8407E+01 0.3271E+06 0.4476E+02  8.590 0.3350 0.4828E-05 0.1000E+01
1815 0.2468E+00 0.1105E+04 0.1958E-04 0.8392E+01 0.3258E+06 0.4500E+02  8.577 0.3278 0.4809E-05 0.1000E+01
1820 0.2500E+00 0.1099E+04 0.1906E-04 0.8378E+01 0.3247E+06 0.4523E+02  8.565 0.3212 0.4792E-05 0.1000E+01
1820 0.2500E+00 0.1099E+04 0.1906E-04 0.8378E+01 0.3247E+06 0.4523E+02  8.565 0.3212 0.4792E-05 0.1000E+01
1825 0.2534E+00 0.1092E+04 0.1852E-04 0.8363E+01 0.3234E+06 0.4547E+02  8.552 0.3142 0.4775E-05 0.1000E+01
1830 0.2568E+00 0.1085E+04 0.1799E-04 0.8349E+01 0.3221E+06 0.4570E+02  8.539 0.3075 0.4758E-05 0.1000E+01
1835 0.2603E+00 0.1078E+04 0.1746E-04 0.8334E+01 0.3209E+06 0.4594E+02  8.527 0.3008 0.4742E-05 0.1000E+01
1840 0.2638E+00 0.1071E+04 0.1695E-04 0.8320E+01 0.3196E+06 0.4618E+02  8.514 0.2944 0.4727E-05 0.1000E+01
1845 0.2674E+00 0.1063E+04 0.1643E-04 0.8306E+01 0.3183E+06 0.4641E+02  8.501 0.2882 0.4712E-05 0.1000E+01
1850 0.2711E+00 0.1056E+04 0.1592E-04 0.8292E+01 0.3170E+06 0.4665E+02  8.488 0.2823 0.4697E-05 0.1000E+01
1855 0.2748E+00 0.1048E+04 0.1542E-04 0.8278E+01 0.3158E+06 0.4689E+02  8.476 0.2765 0.4683E-05 0.1000E+01
1860 0.2786E+00 0.1041E+04 0.1492E-04 0.8264E+01 0.3145E+06 0.4712E+02  8.463 0.2710 0.4670E-05 0.1000E+01
1865 0.2825E+00 0.1033E+04 0.1444E-04 0.8250E+01 0.3132E+06 0.4736E+02  8.450 0.2657 0.4657E-05 0.1000E+01
1870 0.2865E+00 0.1025E+04 0.1396E-04 0.8236E+01 0.3119E+06 0.4759E+02  8.438 0.2604 0.4644E-05 0.1000E+01
1875 0.2905E+00 0.1017E+04 0.1350E-04 0.8223E+01 0.3106E+06 0.4783E+02  8.425 0.2552 0.4632E-05 0.1000E+01
1880 0.2947E+00 0.1010E+04 0.1304E-04 0.8209E+01 0.3094E+06 0.4806E+02  8.412 0.2501 0.4620E-05 0.1000E+01
1885 0.2989E+00 0.1002E+04 0.1260E-04 0.8196E+01 0.3081E+06 0.4829E+02  8.400 0.2451 0.4608E-05 0.1000E+01
1887 0.3000E+00 0.9998E+03 0.1249E-04 0.8193E+01 0.3077E+06 0.4835E+02  8.396 0.2440 0.4605E-05 0.1000E+01
1890 0.3026E+00 0.9951E+03 0.1224E-04 0.8185E+01 0.3070E+06 0.4849E+02  8.389 0.2409 0.4599E-05 0.1000E+01
1895 0.3070E+00 0.9873E+03 0.1182E-04 0.8172E+01 0.3057E+06 0.4873E+02  8.376 0.2360 0.4588E-05 0.1000E+01
1900 0.3116E+00 0.9795E+03 0.1141E-04 0.8159E+01 0.3044E+06 0.4896E+02  8.363 0.2312 0.4577E-05 0.1000E+01
1905 0.3162E+00 0.9718E+03 0.1102E-04 0.8146E+01 0.3031E+06 0.4919E+02  8.351 0.2263 0.4567E-05 0.1000E+01
1910 0.3210E+00 0.9640E+03 0.1064E-04 0.8133E+01 0.3018E+06 0.4942E+02  8.338 0.2216 0.4557E-05 0.1000E+01
1915 0.3259E+00 0.9563E+03 0.1027E-04 0.8120E+01 0.3005E+06 0.4965E+02  8.325 0.2169 0.4548E-05 0.1000E+01
1920 0.3309E+00 0.9486E+03 0.9912E-05 0.8107E+01 0.2992E+06 0.4988E+02  8.313 0.2123 0.4538E-05 0.1000E+01
1925 0.3360E+00 0.9409E+03 0.9565E-05 0.8095E+01 0.2979E+06 0.5011E+02  8.300 0.2077 0.4529E-05 0.1000E+01
1930 0.3412E+00 0.9333E+03 0.9230E-05 0.8083E+01 0.2966E+06 0.5034E+02  8.288 0.2032 0.4521E-05 0.1000E+01
1935 0.3466E+00 0.9256E+03 0.8905E-05 0.8070E+01 0.2952E+06 0.5057E+02  8.275 0.1987 0.4512E-05 0.1000E+01
1939 0.3500E+00 0.9210E+03 0.8711E-05 0.8063E+01 0.2944E+06 0.5071E+02  8.267 0.1961 0.4507E-05 0.1000E+01
1940 0.3511E+00 0.9194E+03 0.8646E-05 0.8060E+01 0.2942E+06 0.5076E+02  8.265 0.1950 0.4506E-05 0.1000E+01
1945 0.3567E+00 0.9119E+03 0.8341E-05 0.8048E+01 0.2929E+06 0.5099E+02  8.252 0.1907 0.4498E-05 0.1000E+01
1950 0.3625E+00 0.9043E+03 0.8044E-05 0.8036E+01 0.2916E+06 0.5122E+02  8.240 0.1864 0.4490E-05 0.1000E+01
1955 0.3685E+00 0.8968E+03 0.7757E-05 0.8024E+01 0.2903E+06 0.5144E+02  8.227 0.1821 0.4483E-05 0.1000E+01
1960 0.3746E+00 0.8893E+03 0.7478E-05 0.8012E+01 0.2889E+06 0.5167E+02  8.215 0.1780 0.4476E-05 0.1000E+01
1965 0.3808E+00 0.8818E+03 0.7208E-05 0.8000E+01 0.2876E+06 0.5190E+02  8.202 0.1739 0.4469E-05 0.1000E+01
1970 0.3872E+00 0.8743E+03 0.6946E-05 0.7989E+01 0.2863E+06 0.5212E+02  8.190 0.1698 0.4462E-05 0.1000E+01
1975 0.3938E+00 0.8669E+03 0.6693E-05 0.7977E+01 0.2850E+06 0.5235E+02  8.177 0.1658 0.4455E-05 0.1000E+01
1980 0.4000E+00 0.8601E+03 0.6470E-05 0.7967E+01 0.2838E+06 0.5255E+02  8.166 0.1623 0.4450E-05 0.1000E+01
1980 0.4000E+00 0.8601E+03 0.6470E-05 0.7967E+01 0.2838E+06 0.5255E+02  8.166 0.1623 0.4450E-05 0.1000E+01
1985 0.4070E+00 0.8527E+03 0.6231E-05 0.7955E+01 0.2825E+06 0.5278E+02  8.153 0.1584 0.4444E-05 0.1000E+01
1990 0.4141E+00 0.8453E+03 0.6001E-05 0.7944E+01 0.2812E+06 0.5300E+02  8.141 0.1546 0.4438E-05 0.1000E+01
1995 0.4215E+00 0.8380E+03 0.5779E-05 0.7933E+01 0.2799E+06 0.5322E+02  8.128 0.1508 0.4432E-05 0.1000E+01
2000 0.4291E+00 0.8307E+03 0.5566E-05 0.7922E+01 0.2785E+06 0.5345E+02  8.116 0.1471 0.4427E-05 0.1000E+01
2005 0.4369E+00 0.8235E+03 0.5360E-05 0.7911E+01 0.2772E+06 0.5367E+02  8.103 0.1434 0.4421E-05 0.1000E+01
2010 0.4449E+00 0.8163E+03 0.5162E-05 0.7900E+01 0.2759E+06 0.5389E+02  8.091 0.1398 0.4416E-05 0.1000E+01
2014 0.4500E+00 0.8119E+03 0.5042E-05 0.7893E+01 0.2751E+06 0.5403E+02  8.083 0.1376 0.4413E-05 0.1000E+01
2015 0.4516E+00 0.8105E+03 0.5004E-05 0.7891E+01 0.2748E+06 0.5407E+02  8.080 0.1368 0.4412E-05 0.1000E+01
2020 0.4601E+00 0.8034E+03 0.4818E-05 0.7880E+01 0.2735E+06 0.5429E+02  8.068 0.1333 0.4407E-05 0.1000E+01
2025 0.4688E+00 0.7964E+03 0.4639E-05 0.7869E+01 0.2722E+06 0.5451E+02  8.055 0.1298 0.4403E-05 0.1000E+01
2030 0.4778E+00 0.7893E+03 0.4465E-05 0.7858E+01 0.2709E+06 0.5473E+02  8.043 0.1264 0.4398E-05 0.1000E+01
2035 0.4870E+00 0.7824E+03 0.4298E-05 0.7848E+01 0.2696E+06 0.5495E+02  8.031 0.1230 0.4394E-05 0.1000E+01
2040 0.4965E+00 0.7755E+03 0.4137E-05 0.7837E+01 0.2683E+06 0.5517E+02  8.018 0.1197 0.4390E-05 0.1000E+01
2042 0.5000E+00 0.7730E+03 0.4081E-05 0.7834E+01 0.2678E+06 0.5525E+02  8.014 0.1185 0.4388E-05 0.1000E+01
2045 0.5059E+00 0.7689E+03 0.3988E-05 0.7827E+01 0.2670E+06 0.5538E+02  8.006 0.1166 0.4386E-05 0.1000E+01
2050 0.5160E+00 0.7621E+03 0.3838E-05 0.7817E+01 0.2657E+06 0.5559E+02  7.994 0.1134 0.4382E-05 0.1000E+01
2055 0.5263E+00 0.7553E+03 0.3694E-05 0.7807E+01 0.2644E+06 0.5581E+02  7.981 0.1102 0.4378E-05 0.1000E+01
2060 0.5370E+00 0.7486E+03 0.3555E-05 0.7797E+01 0.2631E+06 0.5602E+02  7.969 0.1071 0.4375E-05 0.1000E+01
2065 0.5480E+00 0.7419E+03 0.3421E-05 0.7786E+01 0.2618E+06 0.5624E+02  7.956 0.1041 0.4371E-05 0.1000E+01
2066 0.5500E+00 0.7407E+03 0.3397E-05 0.7785E+01 0.2615E+06 0.5628E+02  7.954 0.1036 0.4371E-05 0.1000E+01
2070 0.5591E+00 0.7354E+03 0.3294E-05 0.7777E+01 0.2605E+06 0.5645E+02  7.944 0.1012 0.4368E-05 0.1000E+01
2075 0.5708E+00 0.7288E+03 0.3170E-05 0.7767E+01 0.2592E+06 0.5666E+02  7.932 0.0983 0.4365E-05 0.1000E+01
2080 0.5828E+00 0.7223E+03 0.3050E-05 0.7757E+01 0.2579E+06 0.5688E+02  7.919 0.0954 0.4362E-05 0.1000E+01
2085 0.5952E+00 0.7159E+03 0.2936E-05 0.7747E+01 0.2566E+06 0.5709E+02  7.907 0.0926 0.4359E-05 0.1000E+01
2087 0.6000E+00 0.7134E+03 0.2893E-05 0.7743E+01 0.2561E+06 0.5717E+02  7.902 0.0915 0.4357E-05 0.1000E+01
2090 0.6077E+00 0.7096E+03 0.2827E-05 0.7737E+01 0.2553E+06 0.5730E+02  7.895 0.0899 0.4356E-05 0.1000E+01
2095 0.6208E+00 0.7033E+03 0.2721E-05 0.7728E+01 0.2540E+06 0.5751E+02  7.882 0.0872 0.4353E-05 0.1000E+01
2100 0.6344E+00 0.6970E+03 0.2619E-05 0.7718E+01 0.2527E+06 0.5772E+02  7.870 0.0845 0.4350E-05 0.1000E+01
2105 0.6484E+00 0.6908E+03 0.2520E-05 0.7709E+01 0.2514E+06 0.5793E+02  7.858 0.0819 0.4348E-05 0.1000E+01
2106 0.6500E+00 0.6901E+03 0.2509E-05 0.7708E+01 0.2513E+06 0.5795E+02  7.856 0.0817 0.4347E-05 0.1000E+01
2110 0.6615E+00 0.6851E+03 0.2433E-05 0.7700E+01 0.2502E+06 0.5812E+02  7.846 0.0796 0.4346E-05 0.1000E+01
2115 0.6764E+00 0.6790E+03 0.2342E-05 0.7691E+01 0.2489E+06 0.5832E+02  7.834 0.0771 0.4343E-05 0.1000E+01
2120 0.6916E+00 0.6730E+03 0.2254E-05 0.7681E+01 0.2476E+06 0.5853E+02  7.821 0.0746 0.4341E-05 0.1000E+01
2123 0.7000E+00 0.6697E+03 0.2208E-05 0.7676E+01 0.2470E+06 0.5864E+02  7.815 0.0734 0.4340E-05 0.1000E+01
2125 0.7063E+00 0.6673E+03 0.2174E-05 0.7673E+01 0.2464E+06 0.5873E+02  7.810 0.0724 0.4339E-05 0.1000E+01
2130 0.7225E+00 0.6613E+03 0.2092E-05 0.7664E+01 0.2452E+06 0.5893E+02  7.797 0.0701 0.4337E-05 0.1000E+01
2135 0.7392E+00 0.6554E+03 0.2013E-05 0.7655E+01 0.2439E+06 0.5914E+02  7.785 0.0678 0.4335E-05 0.1000E+01
2139 0.7500E+00 0.6516E+03 0.1964E-05 0.7649E+01 0.2431E+06 0.5927E+02  7.777 0.0665 0.4333E-05 0.1000E+01
2140 0.7534E+00 0.6504E+03 0.1949E-05 0.7647E+01 0.2428E+06 0.5931E+02  7.775 0.0660 0.4333E-05 0.1000E+01
2145 0.7711E+00 0.6445E+03 0.1875E-05 0.7638E+01 0.2415E+06 0.5951E+02  7.762 0.0639 0.4331E-05 0.1000E+01
2150 0.7894E+00 0.6386E+03 0.1803E-05 0.7629E+01 0.2403E+06 0.5971E+02  7.750 0.0618 0.4329E-05 0.1000E+01
2153 0.8000E+00 0.6352E+03 0.1763E-05 0.7624E+01 0.2396E+06 0.5983E+02  7.743 0.0607 0.4328E-05 0.1000E+01
2155 0.8076E+00 0.6329E+03 0.1735E-05 0.7621E+01 0.2390E+06 0.5991E+02  7.738 0.0599 0.4328E-05 0.1000E+01
2160 0.8271E+00 0.6270E+03 0.1668E-05 0.7612E+01 0.2378E+06 0.6011E+02  7.726 0.0579 0.4326E-05 0.1000E+01
2165 0.8472E+00 0.6211E+03 0.1602E-05 0.7603E+01 0.2365E+06 0.6031E+02  7.713 0.0561 0.4324E-05 0.1000E+01
2166 0.8500E+00 0.6202E+03 0.1593E-05 0.7602E+01 0.2363E+06 0.6034E+02  7.712 0.0558 0.4324E-05 0.1000E+01
2170 0.8666E+00 0.6155E+03 0.1542E-05 0.7595E+01 0.2353E+06 0.6050E+02  7.702 0.0544 0.4323E-05 0.1000E+01
2175 0.8880E+00 0.6096E+03 0.1480E-05 0.7587E+01 0.2341E+06 0.6070E+02  7.689 0.0526 0.4321E-05 0.1000E+01
2178 0.9000E+00 0.6063E+03 0.1447E-05 0.7582E+01 0.2334E+06 0.6081E+02  7.683 0.0517 0.4321E-05 0.1000E+01
2180 0.9089E+00 0.6039E+03 0.1423E-05 0.7579E+01 0.2329E+06 0.6089E+02  7.678 0.0511 0.4320E-05 0.1000E+01
2185 0.9318E+00 0.5979E+03 0.1364E-05 0.7570E+01 0.2317E+06 0.6108E+02  7.665 0.0495 0.4319E-05 0.1000E+01
2189 0.9500E+00 0.5933E+03 0.1320E-05 0.7564E+01 0.2307E+06 0.6124E+02  7.656 0.0483 0.4318E-05 0.1000E+01
2190 0.9548E+00 0.5921E+03 0.1309E-05 0.7562E+01 0.2304E+06 0.6127E+02  7.653 0.0480 0.4317E-05 0.1000E+01
2195 0.9794E+00 0.5861E+03 0.1254E-05 0.7554E+01 0.2292E+06 0.6147E+02  7.641 0.0465 0.4316E-05 0.1000E+01
2200 0.1000E+01 0.5812E+03 0.1210E-05 0.7547E+01 0.2282E+06 0.6163E+02  7.631 0.0453 0.4315E-05 0.1000E+01
2200 0.1000E+01 0.5812E+03 0.1210E-05 0.7547E+01 0.2282E+06 0.6163E+02  7.631 0.0453 0.4315E-05 0.1000E+01
2205 0.1026E+01 0.5752E+03 0.1159E-05 0.7539E+01 0.2270E+06 0.6183E+02  7.619 0.0439 0.4314E-05 0.1000E+01
2210 0.1054E+01 0.5692E+03 0.1109E-05 0.7531E+01 0.2257E+06 0.6202E+02  7.606 0.0426 0.4313E-05 0.1000E+01
2215 0.1082E+01 0.5632E+03 0.1061E-05 0.7522E+01 0.2245E+06 0.6221E+02  7.594 0.0412 0.4312E-05 0.1000E+01
2220 0.1111E+01 0.5573E+03 0.1014E-05 0.7514E+01 0.2233E+06 0.6241E+02  7.581 0.0399 0.4311E-05 0.1000E+01
2225 0.1142E+01 0.5514E+03 0.9699E-06 0.7506E+01 0.2220E+06 0.6260E+02  7.569 0.0387 0.4310E-05 0.1000E+01
2230 0.1174E+01 0.5455E+03 0.9273E-06 0.7499E+01 0.2208E+06 0.6279E+02  7.557 0.0375 0.4309E-05 0.1000E+01
2235 0.1207E+01 0.5397E+03 0.8866E-06 0.7491E+01 0.2196E+06 0.6298E+02  7.544 0.0363 0.4308E-05 0.1000E+01
2240 0.1241E+01 0.5339E+03 0.8476E-06 0.7483E+01 0.2184E+06 0.6317E+02  7.532 0.0352 0.4307E-05 0.1000E+01
2245 0.1276E+01 0.5282E+03 0.8103E-06 0.7475E+01 0.2172E+06 0.6336E+02  7.520 0.0340 0.4306E-05 0.1000E+01
2250 0.1313E+01 0.5226E+03 0.7748E-06 0.7467E+01 0.2160E+06 0.6355E+02  7.507 0.0329 0.4305E-05 0.1000E+01
2255 0.1352E+01 0.5171E+03 0.7409E-06 0.7460E+01 0.2148E+06 0.6374E+02  7.495 0.0319 0.4304E-05 0.1000E+01
2260 0.1392E+01 0.5116E+03 0.7086E-06 0.7452E+01 0.2136E+06 0.6393E+02  7.483 0.0308 0.4304E-05 0.1000E+01
2265 0.1433E+01 0.5062E+03 0.6780E-06 0.7445E+01 0.2124E+06 0.6411E+02  7.470 0.0298 0.4303E-05 0.1000E+01
2270 0.1476E+01 0.5009E+03 0.6487E-06 0.7437E+01 0.2112E+06 0.6430E+02  7.458 0.0288 0.4302E-05 0.1000E+01
2273 0.1500E+01 0.4981E+03 0.6334E-06 0.7433E+01 0.2105E+06 0.6440E+02  7.451 0.0282 0.4302E-05 0.1000E+01
2275 0.1518E+01 0.4960E+03 0.6224E-06 0.7430E+01 0.2101E+06 0.6447E+02  7.446 0.0278 0.4301E-05 0.1000E+01
2280 0.1564E+01 0.4908E+03 0.5957E-06 0.7423E+01 0.2089E+06 0.6466E+02  7.434 0.0269 0.4301E-05 0.1000E+01
2285 0.1612E+01 0.4857E+03 0.5701E-06 0.7416E+01 0.2077E+06 0.6484E+02  7.421 0.0259 0.4300E-05 0.1000E+01
2290 0.1662E+01 0.4807E+03 0.5458E-06 0.7408E+01 0.2065E+06 0.6502E+02  7.409 0.0250 0.4300E-05 0.1000E+01
2295 0.1714E+01 0.4757E+03 0.5225E-06 0.7401E+01 0.2053E+06 0.6521E+02  7.397 0.0241 0.4299E-05 0.1000E+01
2300 0.1767E+01 0.4708E+03 0.5003E-06 0.7394E+01 0.2042E+06 0.6539E+02  7.384 0.0232 0.4298E-05 0.1000E+01
2305 0.1823E+01 0.4660E+03 0.4791E-06 0.7387E+01 0.2030E+06 0.6557E+02  7.372 0.0224 0.4298E-05 0.1000E+01
2310 0.1881E+01 0.4612E+03 0.4588E-06 0.7380E+01 0.2018E+06 0.6575E+02  7.360 0.0216 0.4297E-05 0.1000E+01
2315 0.1940E+01 0.4564E+03 0.4394E-06 0.7373E+01 0.2007E+06 0.6593E+02  7.347 0.0208 0.4297E-05 0.1000E+01
2320 0.2000E+01 0.4519E+03 0.4216E-06 0.7366E+01 0.1996E+06 0.6610E+02  7.336 0.0200 0.4296E-05 0.1000E+01
2320 0.2000E+01 0.4519E+03 0.4216E-06 0.7366E+01 0.1996E+06 0.6610E+02  7.336 0.0200 0.4296E-05 0.1000E+01
2325 0.2064E+01 0.4473E+03 0.4038E-06 0.7359E+01 0.1984E+06 0.6628E+02  7.323 0.0193 0.4296E-05 0.1000E+01
2330 0.2131E+01 0.4427E+03 0.3868E-06 0.7353E+01 0.1973E+06 0.6645E+02  7.311 0.0185 0.4296E-05 0.1000E+01
2335 0.2200E+01 0.4382E+03 0.3704E-06 0.7346E+01 0.1961E+06 0.6663E+02  7.299 0.0178 0.4295E-05 0.1000E+01
2340 0.2272E+01 0.4337E+03 0.3548E-06 0.7339E+01 0.1950E+06 0.6680E+02  7.286 0.0171 0.4295E-05 0.1000E+01
2345 0.2346E+01 0.4292E+03 0.3398E-06 0.7332E+01 0.1939E+06 0.6698E+02  7.274 0.0165 0.4294E-05 0.1000E+01
2350 0.2424E+01 0.4248E+03 0.3254E-06 0.7326E+01 0.1928E+06 0.6715E+02  7.262 0.0158 0.4294E-05 0.1000E+01
2355 0.2500E+01 0.4206E+03 0.3123E-06 0.7319E+01 0.1917E+06 0.6732E+02  7.250 0.0152 0.4294E-05 0.1000E+01
2355 0.2500E+01 0.4206E+03 0.3123E-06 0.7319E+01 0.1917E+06 0.6732E+02  7.250 0.0152 0.4294E-05 0.1000E+01
2360 0.2583E+01 0.4163E+03 0.2991E-06 0.7313E+01 0.1906E+06 0.6749E+02  7.238 0.0146 0.4293E-05 0.1000E+01
2365 0.2669E+01 0.4120E+03 0.2865E-06 0.7306E+01 0.1894E+06 0.6766E+02  7.225 0.0140 0.4293E-05 0.1000E+01
2370 0.2758E+01 0.4078E+03 0.2744E-06 0.7300E+01 0.1883E+06 0.6783E+02  7.213 0.0135 0.4293E-05 0.1000E+01
2375 0.2851E+01 0.4036E+03 0.2628E-06 0.7293E+01 0.1872E+06 0.6800E+02  7.201 0.0129 0.4292E-05 0.1000E+01
2380 0.2947E+01 0.3994E+03 0.2517E-06 0.7287E+01 0.1861E+06 0.6817E+02  7.188 0.0124 0.4292E-05 0.1000E+01
2383 0.3000E+01 0.3972E+03 0.2459E-06 0.7284E+01 0.1855E+06 0.6826E+02  7.182 0.0121 0.4292E-05 0.1000E+01
2385 0.3040E+01 0.3955E+03 0.2417E-06 0.7281E+01 0.1851E+06 0.6833E+02  7.177 0.0119 0.4292E-05 0.1000E+01
2390 0.3143E+01 0.3914E+03 0.2314E-06 0.7275E+01 0.1840E+06 0.6849E+02  7.164 0.0114 0.4292E-05 0.1000E+01
2395 0.3251E+01 0.3874E+03 0.2216E-06 0.7269E+01 0.1829E+06 0.6866E+02  7.152 0.0109 0.4292E-05 0.1000E+01
2400 0.3362E+01 0.3834E+03 0.2122E-06 0.7263E+01 0.1818E+06 0.6883E+02  7.140 0.0104 0.4291E-05 0.1000E+01
2405 0.3477E+01 0.3794E+03 0.2031E-06 0.7256E+01 0.1807E+06 0.6899E+02  7.127 0.0099 0.4291E-05 0.1000E+01
2406 0.3500E+01 0.3786E+03 0.2015E-06 0.7255E+01 0.1805E+06 0.6903E+02  7.125 0.0099 0.4291E-05 0.1000E+01
2410 0.3596E+01 0.3755E+03 0.1946E-06 0.7250E+01 0.1797E+06 0.6916E+02  7.115 0.0095 0.4291E-05 0.1000E+01
2415 0.3720E+01 0.3715E+03 0.1863E-06 0.7244E+01 0.1786E+06 0.6932E+02  7.103 0.0090 0.4291E-05 0.1000E+01
2420 0.3850E+01 0.3677E+03 0.1783E-06 0.7238E+01 0.1775E+06 0.6948E+02  7.091 0.0086 0.4291E-05 0.1000E+01
2425 0.3983E+01 0.3638E+03 0.1707E-06 0.7232E+01 0.1765E+06 0.6965E+02  7.078 0.0081 0.4290E-05 0.1000E+01
2426 0.4000E+01 0.3634E+03 0.1698E-06 0.7232E+01 0.1763E+06 0.6967E+02  7.077 0.0080 0.4290E-05 0.1000E+01
2430 0.4111E+01 0.3603E+03 0.1640E-06 0.7227E+01 0.1755E+06 0.6980E+02  7.067 0.0076 0.4290E-05 0.1000E+01
2435 0.4255E+01 0.3565E+03 0.1569E-06 0.7221E+01 0.1744E+06 0.6996E+02  7.055 0.0072 0.4290E-05 0.1000E+01
2440 0.4404E+01 0.3528E+03 0.1502E-06 0.7215E+01 0.1734E+06 0.7012E+02  7.042 0.0068 0.4290E-05 0.1000E+01
2444 0.4500E+01 0.3505E+03 0.1462E-06 0.7211E+01 0.1727E+06 0.7022E+02  7.035 0.0064 0.4290E-05 0.1000E+01
2445 0.4531E+01 0.3498E+03 0.1449E-06 0.7210E+01 0.1725E+06 0.7025E+02  7.032 0.0064 0.4290E-05 0.1000E+01
2450 0.4691E+01 0.3461E+03 0.1387E-06 0.7205E+01 0.1715E+06 0.7041E+02  7.020 0.0059 0.4290E-05 0.1000E+01
2455 0.4856E+01 0.3424E+03 0.1327E-06 0.7199E+01 0.1705E+06 0.7056E+02  7.008 0.0055 0.4290E-05 0.1000E+01
2460 0.5000E+01 0.3394E+03 0.1279E-06 0.7194E+01 0.1696E+06 0.7069E+02  6.997 0.0051 0.4290E-05 0.1000E+01
2460 0.5000E+01 0.3394E+03 0.1279E-06 0.7194E+01 0.1696E+06 0.7069E+02  6.997 0.0051 0.4290E-05 0.1000E+01
2465 0.5177E+01 0.3358E+03 0.1224E-06 0.7188E+01 0.1686E+06 0.7085E+02  6.985 0.0046 0.4289E-05 0.1000E+01
2470 0.5361E+01 0.3322E+03 0.1171E-06 0.7183E+01 0.1676E+06 0.7101E+02  6.973 0.0039 0.4289E-05 0.1000E+01
2474 0.5500E+01 0.3297E+03 0.1134E-06 0.7179E+01 0.1668E+06 0.7112E+02  6.964 0.0037 0.4289E-05 0.1000E+01
2475 0.5539E+01 0.3290E+03 0.1124E-06 0.7178E+01 0.1666E+06 0.7115E+02  6.961 0.0037 0.4289E-05 0.1000E+01
2480 0.5737E+01 0.3255E+03 0.1075E-06 0.7172E+01 0.1656E+06 0.7130E+02  6.949 0.0032 0.4289E-05 0.1000E+01
2485 0.5943E+01 0.3220E+03 0.1028E-06 0.7167E+01 0.1646E+06 0.7146E+02  6.937 0.0026 0.4289E-05 0.1000E+01
2487 0.6000E+01 0.3211E+03 0.1016E-06 0.7165E+01 0.1643E+06 0.7150E+02  6.933 0.0026 0.4289E-05 0.1000E+01
2490 0.6128E+01 0.3190E+03 0.9894E-07 0.7162E+01 0.1637E+06 0.7159E+02  6.926 0.0025 0.4289E-05 0.1000E+01
2495 0.6350E+01 0.3156E+03 0.9464E-07 0.7157E+01 0.1627E+06 0.7174E+02  6.914 0.0018 0.4289E-05 0.1000E+01
2499 0.6500E+01 0.3134E+03 0.9190E-07 0.7153E+01 0.1621E+06 0.7184E+02  6.906 0.0018 0.4289E-05 0.1000E+01
2500 0.6546E+01 0.3127E+03 0.9108E-07 0.7152E+01 0.1619E+06 0.7187E+02  6.903 0.0018 0.4289E-05 0.1000E+01
2505 0.6783E+01 0.3093E+03 0.8711E-07 0.7147E+01 0.1609E+06 0.7202E+02  6.891 0.0017 0.4289E-05 0.1000E+01
2510 0.7000E+01 0.3064E+03 0.8375E-07 0.7142E+01 0.1600E+06 0.7215E+02  6.880 0.0016 0.4289E-05 0.1000E+01
2510 0.7000E+01 0.3064E+03 0.8375E-07 0.7142E+01 0.1600E+06 0.7215E+02  6.880 0.0016 0.4289E-05 0.1000E+01
2515 0.7255E+01 0.3031E+03 0.8007E-07 0.7137E+01 0.1591E+06 0.7230E+02  6.868 0.0015 0.4289E-05 0.1000E+01
2520 0.7500E+01 0.3001E+03 0.7682E-07 0.7132E+01 0.1582E+06 0.7244E+02  6.856 0.0015 0.4289E-05 0.1000E+01
2520 0.7500E+01 0.3001E+03 0.7682E-07 0.7132E+01 0.1582E+06 0.7244E+02  6.856 0.0015 0.4289E-05 0.1000E+01
2525 0.7774E+01 0.2969E+03 0.7346E-07 0.7127E+01 0.1572E+06 0.7259E+02  6.844 0.0014 0.4289E-05 0.1000E+01
2529 0.8000E+01 0.2943E+03 0.7090E-07 0.7123E+01 0.1564E+06 0.7270E+02  6.834 0.0013 0.4289E-05 0.1000E+01
2530 0.8058E+01 0.2937E+03 0.7026E-07 0.7121E+01 0.1563E+06 0.7273E+02  6.832 0.0013 0.4289E-05 0.1000E+01
2535 0.8354E+01 0.2905E+03 0.6719E-07 0.7116E+01 0.1553E+06 0.7288E+02  6.820 0.0013 0.4289E-05 0.1000E+01
2538 0.8500E+01 0.2890E+03 0.6576E-07 0.7114E+01 0.1548E+06 0.7295E+02  6.814 0.0012 0.4289E-05 0.1000E+01
2540 0.8624E+01 0.2878E+03 0.6459E-07 0.7112E+01 0.1545E+06 0.7301E+02  6.809 0.0012 0.4289E-05 0.1000E+01
2545 0.8942E+01 0.2847E+03 0.6177E-07 0.7107E+01 0.1535E+06 0.7315E+02  6.797 0.0011 0.4289E-05 0.1000E+01
2546 0.9000E+01 0.2841E+03 0.6127E-07 0.7106E+01 0.1534E+06 0.7318E+02  6.795 0.0011 0.4289E-05 0.1000E+01
2550 0.9265E+01 0.2817E+03 0.5911E-07 0.7102E+01 0.1526E+06 0.7329E+02  6.785 0.0011 0.4289E-05 0.1000E+01
2554 0.9500E+01 0.2796E+03 0.5732E-07 0.7099E+01 0.1520E+06 0.7339E+02  6.776 0.0011 0.4289E-05 0.1000E+01
2555 0.9569E+01 0.2790E+03 0.5681E-07 0.7098E+01 0.1518E+06 0.7342E+02  6.774 0.0010 0.4289E-05 0.1000E+01
2560 0.9924E+01 0.2759E+03 0.5432E-07 0.7093E+01 0.1508E+06 0.7356E+02  6.762 0.0010 0.4289E-05 0.1000E+01
2562 0.1000E+02 0.2753E+03 0.5381E-07 0.7092E+01 0.1506E+06 0.7359E+02  6.759 0.0010 0.4289E-05 0.1000E+01
