 $INPUT
 IMODEL	=             1
 N	=           120
 MINSTP	=             0
 VEOS	=  1.000000000000000
 ILOOP	=             1
 STATIC	=   F
 FRACT	=  1.9000000000000000E-03
 SHINE	=  0.3000000000000000
 SHAVE	=  9.9999999999999995E-08
 POUT	=  5000000.000000000
 AMETH	=             2
 CMETH	=             1
 NOBOND	=             1
 TBEG	=  5.0000000000000004E-06
 TIMEF	=  10.00000000000000
 DTIMEO	=  5.0000000000000003E-02
 STEPO	=  0.5000000000000000
 LCORR	=   T
 LSTART	=   F
 MAXSTP	=          5000
 SPK	=  11.50000000000000
 STARL	=  0.0000000000000000E+00
 DIST	=  20.00000000000000
 ALB	=  0.3500000000000000
 TEFFS	=  9650.000000000000
 LCONV	=   T
 LTRANS	=   T
 LPOUT	=   F
 LFILL	=   F
 LCONT	=   T
 LBURN	=   T
 MAG	=  'O '
 GAM	=  '7X'
 MASS	=  13.29398000000000
 YHEA	=  0.2500000000000000
 YDI	=  2.0000000000000002E-05
 HB	=  1.000000000000000
 $end
 
 
 Gam,Mass,Yhe,Ydi,Dist,starl,alb=  7X  13.294   0.250 0.200E-04 0.200E+02 0.000E+00 0.350E+00
  I  Time(Gyrs) Teff        Lumin      Rad(Gcm)  Tc         Rhoc       S      Ratio  Yd         Yl


   5 0.5000E-05 0.2321E+04 0.1722E-02 0.1785E+02 0.2019E+06 0.2541E+01 11.493 0.0000 0.2000E-04 0.1000E+01
   5 0.0000E+00 0.2321E+04 0.1722E-02 0.1785E+02 0.2019E+06 0.2541E+01 11.493 0.0000 0.2000E-04 0.1000E+01
  10 0.7885E-05 0.2319E+04 0.1702E-02 0.1777E+02 0.2022E+06 0.2568E+01 11.480 0.0000 0.2000E-04 0.1000E+01
  15 0.1583E-04 0.2317E+04 0.1683E-02 0.1770E+02 0.2025E+06 0.2595E+01 11.468 0.0000 0.2000E-04 0.1000E+01
  20 0.2383E-04 0.2316E+04 0.1663E-02 0.1762E+02 0.2028E+06 0.2622E+01 11.455 0.0000 0.2000E-04 0.1000E+01
  25 0.3190E-04 0.2314E+04 0.1645E-02 0.1755E+02 0.2031E+06 0.2649E+01 11.443 0.0000 0.2000E-04 0.1000E+01
  30 0.4002E-04 0.2312E+04 0.1626E-02 0.1748E+02 0.2034E+06 0.2676E+01 11.430 0.0000 0.2000E-04 0.1000E+01
  35 0.4819E-04 0.2310E+04 0.1607E-02 0.1741E+02 0.2038E+06 0.2703E+01 11.418 0.0000 0.2000E-04 0.1000E+01
  40 0.5642E-04 0.2308E+04 0.1589E-02 0.1733E+02 0.2041E+06 0.2730E+01 11.406 0.0000 0.2000E-04 0.1000E+01
  45 0.6470E-04 0.2307E+04 0.1571E-02 0.1726E+02 0.2043E+06 0.2758E+01 11.394 0.0000 0.2000E-04 0.1000E+01
  50 0.7303E-04 0.2305E+04 0.1553E-02 0.1719E+02 0.2046E+06 0.2785E+01 11.381 0.0000 0.2000E-04 0.1000E+01
  55 0.8144E-04 0.2303E+04 0.1536E-02 0.1713E+02 0.2049E+06 0.2813E+01 11.369 0.0000 0.2000E-04 0.1000E+01
  60 0.8992E-04 0.2301E+04 0.1518E-02 0.1706E+02 0.2052E+06 0.2840E+01 11.357 0.0000 0.2000E-04 0.1000E+01
  65 0.9848E-04 0.2298E+04 0.1501E-02 0.1699E+02 0.2055E+06 0.2868E+01 11.345 0.0000 0.2000E-04 0.1000E+01
  70 0.1071E-03 0.2296E+04 0.1483E-02 0.1693E+02 0.2058E+06 0.2896E+01 11.333 0.0000 0.2000E-04 0.1000E+01
  75 0.1159E-03 0.2294E+04 0.1466E-02 0.1686E+02 0.2061E+06 0.2924E+01 11.322 0.0000 0.2000E-04 0.1000E+01
  80 0.1247E-03 0.2292E+04 0.1449E-02 0.1679E+02 0.2063E+06 0.2952E+01 11.310 0.0000 0.2000E-04 0.1000E+01
  85 0.1336E-03 0.2289E+04 0.1432E-02 0.1673E+02 0.2066E+06 0.2981E+01 11.298 0.0000 0.2000E-04 0.1000E+01
  90 0.1426E-03 0.2287E+04 0.1415E-02 0.1667E+02 0.2069E+06 0.3009E+01 11.286 0.0000 0.2000E-04 0.1000E+01
  95 0.1516E-03 0.2285E+04 0.1399E-02 0.1660E+02 0.2071E+06 0.3038E+01 11.274 0.0000 0.2000E-04 0.1000E+01
 100 0.1608E-03 0.2282E+04 0.1382E-02 0.1654E+02 0.2074E+06 0.3066E+01 11.263 0.0000 0.2000E-04 0.1000E+01
 105 0.1700E-03 0.2279E+04 0.1365E-02 0.1648E+02 0.2077E+06 0.3095E+01 11.251 0.0000 0.2000E-04 0.1000E+01
 110 0.1793E-03 0.2277E+04 0.1349E-02 0.1642E+02 0.2079E+06 0.3124E+01 11.239 0.0000 0.2000E-04 0.1000E+01
 115 0.1887E-03 0.2274E+04 0.1333E-02 0.1636E+02 0.2082E+06 0.3153E+01 11.228 0.0000 0.2000E-04 0.1000E+01
 120 0.1982E-03 0.2271E+04 0.1317E-02 0.1630E+02 0.2084E+06 0.3182E+01 11.216 0.0000 0.2000E-04 0.1000E+01
 125 0.2077E-03 0.2269E+04 0.1301E-02 0.1624E+02 0.2087E+06 0.3211E+01 11.205 0.0000 0.2000E-04 0.1000E+01
 130 0.2174E-03 0.2266E+04 0.1285E-02 0.1618E+02 0.2089E+06 0.3240E+01 11.194 0.0000 0.2000E-04 0.1000E+01
 135 0.2272E-03 0.2263E+04 0.1269E-02 0.1612E+02 0.2091E+06 0.3270E+01 11.182 0.0000 0.2000E-04 0.1000E+01
 140 0.2371E-03 0.2260E+04 0.1254E-02 0.1606E+02 0.2094E+06 0.3299E+01 11.171 0.0000 0.2000E-04 0.1000E+01
 145 0.2472E-03 0.2257E+04 0.1238E-02 0.1600E+02 0.2096E+06 0.3329E+01 11.159 0.0000 0.2000E-04 0.1000E+01
 150 0.2573E-03 0.2254E+04 0.1223E-02 0.1595E+02 0.2098E+06 0.3359E+01 11.148 0.0000 0.2000E-04 0.1000E+01
 155 0.2675E-03 0.2251E+04 0.1208E-02 0.1589E+02 0.2101E+06 0.3389E+01 11.137 0.0000 0.2000E-04 0.1000E+01
 160 0.2778E-03 0.2248E+04 0.1193E-02 0.1584E+02 0.2103E+06 0.3419E+01 11.126 0.0000 0.2000E-04 0.1000E+01
 165 0.2883E-03 0.2245E+04 0.1178E-02 0.1578E+02 0.2105E+06 0.3449E+01 11.114 0.0000 0.2000E-04 0.1000E+01
 170 0.2989E-03 0.2242E+04 0.1164E-02 0.1572E+02 0.2107E+06 0.3480E+01 11.103 0.0000 0.2000E-04 0.1000E+01
 175 0.3095E-03 0.2239E+04 0.1149E-02 0.1567E+02 0.2110E+06 0.3510E+01 11.092 0.0000 0.2000E-04 0.1000E+01
 180 0.3203E-03 0.2236E+04 0.1135E-02 0.1562E+02 0.2112E+06 0.3541E+01 11.081 0.0000 0.2000E-04 0.1000E+01
 185 0.3313E-03 0.2233E+04 0.1121E-02 0.1556E+02 0.2114E+06 0.3572E+01 11.070 0.0000 0.2000E-04 0.1000E+01
 190 0.3423E-03 0.2229E+04 0.1106E-02 0.1551E+02 0.2116E+06 0.3603E+01 11.059 0.0000 0.2000E-04 0.1000E+01
 195 0.3535E-03 0.2226E+04 0.1092E-02 0.1546E+02 0.2118E+06 0.3634E+01 11.048 0.0000 0.2000E-04 0.1000E+01
 200 0.3648E-03 0.2223E+04 0.1079E-02 0.1540E+02 0.2120E+06 0.3665E+01 11.036 0.0000 0.2000E-04 0.1000E+01
 205 0.3762E-03 0.2219E+04 0.1065E-02 0.1535E+02 0.2122E+06 0.3696E+01 11.025 0.0000 0.2000E-04 0.1000E+01
 210 0.3878E-03 0.2216E+04 0.1051E-02 0.1530E+02 0.2124E+06 0.3728E+01 11.014 0.0000 0.2000E-04 0.1000E+01
 215 0.3995E-03 0.2213E+04 0.1038E-02 0.1525E+02 0.2126E+06 0.3760E+01 11.003 0.0000 0.2000E-04 0.1000E+01
 220 0.4114E-03 0.2209E+04 0.1025E-02 0.1520E+02 0.2128E+06 0.3792E+01 10.992 0.0000 0.2000E-04 0.1000E+01
 225 0.4233E-03 0.2206E+04 0.1012E-02 0.1515E+02 0.2130E+06 0.3823E+01 10.981 0.0000 0.2000E-04 0.1000E+01
 230 0.4355E-03 0.2202E+04 0.9986E-03 0.1510E+02 0.2132E+06 0.3856E+01 10.971 0.0000 0.2000E-04 0.1000E+01
 235 0.4477E-03 0.2199E+04 0.9856E-03 0.1505E+02 0.2133E+06 0.3888E+01 10.960 0.0000 0.2000E-04 0.1000E+01
 240 0.4602E-03 0.2195E+04 0.9728E-03 0.1500E+02 0.2135E+06 0.3920E+01 10.949 0.0000 0.2000E-04 0.1000E+01
 245 0.4727E-03 0.2191E+04 0.9601E-03 0.1495E+02 0.2137E+06 0.3953E+01 10.938 0.0000 0.2000E-04 0.1000E+01
 250 0.4855E-03 0.2188E+04 0.9475E-03 0.1490E+02 0.2139E+06 0.3986E+01 10.927 0.0000 0.2000E-04 0.1000E+01
 255 0.4983E-03 0.2184E+04 0.9350E-03 0.1485E+02 0.2140E+06 0.4018E+01 10.916 0.0000 0.2000E-04 0.1000E+01
 260 0.5114E-03 0.2180E+04 0.9226E-03 0.1481E+02 0.2142E+06 0.4051E+01 10.905 0.0000 0.2000E-04 0.1000E+01
 265 0.5245E-03 0.2176E+04 0.9103E-03 0.1476E+02 0.2144E+06 0.4085E+01 10.895 0.0000 0.2000E-04 0.1000E+01
 270 0.5379E-03 0.2173E+04 0.8981E-03 0.1471E+02 0.2145E+06 0.4118E+01 10.884 0.0000 0.2000E-04 0.1000E+01
 275 0.5514E-03 0.2169E+04 0.8859E-03 0.1466E+02 0.2147E+06 0.4151E+01 10.873 0.0000 0.2000E-04 0.1000E+01
 280 0.5651E-03 0.2165E+04 0.8739E-03 0.1462E+02 0.2148E+06 0.4185E+01 10.862 0.0000 0.2000E-04 0.1000E+01
 285 0.5790E-03 0.2161E+04 0.8619E-03 0.1457E+02 0.2150E+06 0.4219E+01 10.852 0.0000 0.2000E-04 0.1000E+01
 290 0.5931E-03 0.2157E+04 0.8500E-03 0.1453E+02 0.2151E+06 0.4253E+01 10.841 0.0000 0.2000E-04 0.1000E+01
 295 0.6073E-03 0.2152E+04 0.8381E-03 0.1448E+02 0.2153E+06 0.4287E+01 10.830 0.0000 0.2000E-04 0.1000E+01
 300 0.6218E-03 0.2148E+04 0.8264E-03 0.1444E+02 0.2154E+06 0.4321E+01 10.820 0.0000 0.2000E-04 0.1000E+01
 305 0.6364E-03 0.2144E+04 0.8148E-03 0.1439E+02 0.2155E+06 0.4355E+01 10.809 0.0000 0.2000E-04 0.1000E+01
 310 0.6513E-03 0.2140E+04 0.8033E-03 0.1435E+02 0.2157E+06 0.4390E+01 10.798 0.0000 0.2000E-04 0.1000E+01
 315 0.6663E-03 0.2135E+04 0.7919E-03 0.1430E+02 0.2158E+06 0.4425E+01 10.788 0.0000 0.2000E-04 0.1000E+01
 320 0.6815E-03 0.2131E+04 0.7807E-03 0.1426E+02 0.2159E+06 0.4460E+01 10.777 0.0000 0.2000E-04 0.1000E+01
 325 0.6970E-03 0.2127E+04 0.7697E-03 0.1422E+02 0.2160E+06 0.4495E+01 10.766 0.0000 0.2000E-04 0.1000E+01
 330 0.7126E-03 0.2122E+04 0.7588E-03 0.1417E+02 0.2162E+06 0.4530E+01 10.756 0.0000 0.2000E-04 0.1000E+01
 335 0.7285E-03 0.2118E+04 0.7480E-03 0.1413E+02 0.2163E+06 0.4565E+01 10.745 0.0000 0.2000E-04 0.1000E+01
 340 0.7446E-03 0.2114E+04 0.7374E-03 0.1409E+02 0.2164E+06 0.4601E+01 10.734 0.0000 0.2000E-04 0.1000E+01
 345 0.7608E-03 0.2109E+04 0.7270E-03 0.1404E+02 0.2165E+06 0.4636E+01 10.724 0.0000 0.2000E-04 0.1000E+01
 350 0.7774E-03 0.2105E+04 0.7167E-03 0.1400E+02 0.2166E+06 0.4672E+01 10.713 0.0000 0.2000E-04 0.1000E+01
 355 0.7941E-03 0.2101E+04 0.7067E-03 0.1396E+02 0.2167E+06 0.4708E+01 10.703 0.0000 0.2000E-04 0.1000E+01
 360 0.8111E-03 0.2096E+04 0.6968E-03 0.1392E+02 0.2168E+06 0.4745E+01 10.692 0.0000 0.2000E-04 0.1000E+01
 365 0.8283E-03 0.2092E+04 0.6871E-03 0.1388E+02 0.2169E+06 0.4781E+01 10.682 0.0000 0.2000E-04 0.1000E+01
 370 0.8457E-03 0.2088E+04 0.6775E-03 0.1384E+02 0.2170E+06 0.4817E+01 10.671 0.0000 0.2000E-04 0.1000E+01
 375 0.8633E-03 0.2084E+04 0.6682E-03 0.1380E+02 0.2171E+06 0.4854E+01 10.661 0.0000 0.2000E-04 0.1000E+01
 380 0.8812E-03 0.2080E+04 0.6590E-03 0.1376E+02 0.2172E+06 0.4891E+01 10.650 0.0000 0.2000E-04 0.1000E+01
 385 0.8993E-03 0.2075E+04 0.6501E-03 0.1372E+02 0.2173E+06 0.4928E+01 10.640 0.0000 0.2000E-04 0.1000E+01
 390 0.9177E-03 0.2071E+04 0.6413E-03 0.1368E+02 0.2174E+06 0.4965E+01 10.629 0.0000 0.2000E-04 0.1000E+01
 395 0.9363E-03 0.2068E+04 0.6328E-03 0.1364E+02 0.2174E+06 0.5003E+01 10.619 0.0000 0.2000E-04 0.1000E+01
 400 0.9552E-03 0.2064E+04 0.6244E-03 0.1360E+02 0.2175E+06 0.5040E+01 10.608 0.0000 0.2000E-04 0.1000E+01
 405 0.9742E-03 0.2060E+04 0.6163E-03 0.1356E+02 0.2176E+06 0.5078E+01 10.598 0.0000 0.2000E-04 0.1000E+01
 410 0.9935E-03 0.2056E+04 0.6083E-03 0.1352E+02 0.2177E+06 0.5116E+01 10.587 0.0000 0.2000E-04 0.1000E+01
 415 0.1013E-02 0.2052E+04 0.6006E-03 0.1348E+02 0.2177E+06 0.5154E+01 10.577 0.0000 0.2000E-04 0.1000E+01
 420 0.1033E-02 0.2049E+04 0.5931E-03 0.1344E+02 0.2178E+06 0.5192E+01 10.567 0.0000 0.2000E-04 0.1000E+01
 425 0.1053E-02 0.2045E+04 0.5857E-03 0.1340E+02 0.2179E+06 0.5231E+01 10.556 0.0000 0.2000E-04 0.1000E+01
 430 0.1073E-02 0.2042E+04 0.5786E-03 0.1337E+02 0.2179E+06 0.5269E+01 10.546 0.0000 0.2000E-04 0.1000E+01
 435 0.1094E-02 0.2039E+04 0.5716E-03 0.1333E+02 0.2180E+06 0.5308E+01 10.535 0.0000 0.2000E-04 0.1000E+01
 440 0.1114E-02 0.2036E+04 0.5648E-03 0.1329E+02 0.2180E+06 0.5347E+01 10.525 0.0000 0.2000E-04 0.1000E+01
 445 0.1135E-02 0.2032E+04 0.5582E-03 0.1325E+02 0.2181E+06 0.5386E+01 10.515 0.0000 0.2000E-04 0.1000E+01
 450 0.1157E-02 0.2029E+04 0.5517E-03 0.1322E+02 0.2181E+06 0.5426E+01 10.504 0.0000 0.2000E-04 0.1000E+01
 455 0.1178E-02 0.2026E+04 0.5453E-03 0.1318E+02 0.2181E+06 0.5465E+01 10.494 0.0000 0.2000E-04 0.1000E+01
 460 0.1200E-02 0.2023E+04 0.5390E-03 0.1314E+02 0.2182E+06 0.5505E+01 10.483 0.0000 0.2000E-04 0.1000E+01
 465 0.1222E-02 0.2020E+04 0.5327E-03 0.1311E+02 0.2182E+06 0.5545E+01 10.473 0.0000 0.2000E-04 0.1000E+01
 470 0.1244E-02 0.2017E+04 0.5266E-03 0.1307E+02 0.2182E+06 0.5585E+01 10.463 0.0000 0.2000E-04 0.1000E+01
 475 0.1266E-02 0.2014E+04 0.5206E-03 0.1304E+02 0.2183E+06 0.5625E+01 10.452 0.0000 0.2000E-04 0.1000E+01
 480 0.1289E-02 0.2011E+04 0.5146E-03 0.1300E+02 0.2183E+06 0.5666E+01 10.442 0.0000 0.2000E-04 0.1000E+01
 485 0.1312E-02 0.2008E+04 0.5087E-03 0.1297E+02 0.2183E+06 0.5706E+01 10.432 0.0000 0.2000E-04 0.1000E+01
 490 0.1335E-02 0.2005E+04 0.5029E-03 0.1293E+02 0.2183E+06 0.5747E+01 10.421 0.0000 0.2000E-04 0.1000E+01
 495 0.1358E-02 0.2002E+04 0.4972E-03 0.1290E+02 0.2183E+06 0.5788E+01 10.411 0.0000 0.2000E-04 0.1000E+01
 500 0.1382E-02 0.1999E+04 0.4915E-03 0.1286E+02 0.2183E+06 0.5829E+01 10.401 0.0000 0.2000E-04 0.1000E+01
 505 0.1406E-02 0.1995E+04 0.4859E-03 0.1283E+02 0.2183E+06 0.5871E+01 10.390 0.0000 0.2000E-04 0.1000E+01
 510 0.1430E-02 0.1992E+04 0.4803E-03 0.1279E+02 0.2183E+06 0.5912E+01 10.380 0.0000 0.2000E-04 0.1000E+01
 515 0.1454E-02 0.1989E+04 0.4748E-03 0.1276E+02 0.2183E+06 0.5954E+01 10.370 0.0000 0.2000E-04 0.1000E+01
 520 0.1479E-02 0.1986E+04 0.4693E-03 0.1273E+02 0.2183E+06 0.5996E+01 10.360 0.0000 0.2000E-04 0.1000E+01
 525 0.1504E-02 0.1983E+04 0.4638E-03 0.1269E+02 0.2183E+06 0.6038E+01 10.349 0.0000 0.2000E-04 0.1000E+01
 530 0.1529E-02 0.1980E+04 0.4584E-03 0.1266E+02 0.2183E+06 0.6080E+01 10.339 0.0000 0.2000E-04 0.1000E+01
 535 0.1555E-02 0.1976E+04 0.4529E-03 0.1263E+02 0.2183E+06 0.6122E+01 10.329 0.0000 0.2000E-04 0.1000E+01
 540 0.1580E-02 0.1973E+04 0.4475E-03 0.1259E+02 0.2183E+06 0.6165E+01 10.319 0.0000 0.2000E-04 0.1000E+01
 545 0.1606E-02 0.1969E+04 0.4421E-03 0.1256E+02 0.2183E+06 0.6207E+01 10.308 0.0000 0.2000E-04 0.1000E+01
 550 0.1633E-02 0.1966E+04 0.4367E-03 0.1253E+02 0.2183E+06 0.6250E+01 10.298 0.0000 0.2000E-04 0.1000E+01
 555 0.1659E-02 0.1962E+04 0.4313E-03 0.1250E+02 0.2182E+06 0.6293E+01 10.288 0.0000 0.2000E-04 0.1000E+01
 560 0.1686E-02 0.1959E+04 0.4259E-03 0.1247E+02 0.2182E+06 0.6336E+01 10.278 0.0000 0.2000E-04 0.1000E+01
 565 0.1714E-02 0.1955E+04 0.4205E-03 0.1243E+02 0.2182E+06 0.6380E+01 10.268 0.0000 0.2000E-04 0.1000E+01
 570 0.1741E-02 0.1951E+04 0.4152E-03 0.1240E+02 0.2181E+06 0.6423E+01 10.257 0.0000 0.2000E-04 0.1000E+01
 575 0.1769E-02 0.1947E+04 0.4098E-03 0.1237E+02 0.2181E+06 0.6467E+01 10.247 0.0000 0.2000E-04 0.1000E+01
 580 0.1797E-02 0.1943E+04 0.4045E-03 0.1234E+02 0.2181E+06 0.6511E+01 10.237 0.0000 0.2000E-04 0.1000E+01
 585 0.1826E-02 0.1939E+04 0.3992E-03 0.1231E+02 0.2180E+06 0.6555E+01 10.227 0.0000 0.2000E-04 0.1000E+01
 590 0.1855E-02 0.1935E+04 0.3939E-03 0.1228E+02 0.2180E+06 0.6599E+01 10.217 0.0000 0.2000E-04 0.1000E+01
 595 0.1884E-02 0.1931E+04 0.3887E-03 0.1225E+02 0.2179E+06 0.6644E+01 10.207 0.0000 0.2000E-04 0.1000E+01
 600 0.1914E-02 0.1927E+04 0.3834E-03 0.1222E+02 0.2179E+06 0.6688E+01 10.197 0.0000 0.2000E-04 0.1000E+01
 605 0.1944E-02 0.1923E+04 0.3782E-03 0.1219E+02 0.2178E+06 0.6733E+01 10.186 0.0000 0.2000E-04 0.1000E+01
 610 0.1975E-02 0.1918E+04 0.3729E-03 0.1216E+02 0.2177E+06 0.6778E+01 10.176 0.0000 0.2000E-04 0.1000E+01
 615 0.2006E-02 0.1914E+04 0.3677E-03 0.1213E+02 0.2177E+06 0.6823E+01 10.166 0.0000 0.2000E-04 0.1000E+01
 620 0.2037E-02 0.1910E+04 0.3625E-03 0.1210E+02 0.2176E+06 0.6869E+01 10.156 0.0000 0.2000E-04 0.1000E+01
 625 0.2068E-02 0.1905E+04 0.3573E-03 0.1207E+02 0.2175E+06 0.6914E+01 10.146 0.0000 0.2000E-04 0.1000E+01
 630 0.2100E-02 0.1900E+04 0.3520E-03 0.1204E+02 0.2175E+06 0.6960E+01 10.136 0.0000 0.2000E-04 0.1000E+01
 635 0.2133E-02 0.1895E+04 0.3467E-03 0.1201E+02 0.2174E+06 0.7006E+01 10.126 0.0000 0.2000E-04 0.1000E+01
 640 0.2166E-02 0.1890E+04 0.3414E-03 0.1198E+02 0.2173E+06 0.7052E+01 10.116 0.0000 0.2000E-04 0.1000E+01
 645 0.2199E-02 0.1885E+04 0.3361E-03 0.1196E+02 0.2172E+06 0.7098E+01 10.106 0.0000 0.2000E-04 0.1000E+01
 650 0.2233E-02 0.1880E+04 0.3308E-03 0.1193E+02 0.2171E+06 0.7144E+01 10.096 0.0000 0.2000E-04 0.1000E+01
 655 0.2268E-02 0.1874E+04 0.3255E-03 0.1190E+02 0.2170E+06 0.7191E+01 10.086 0.0000 0.2000E-04 0.1000E+01
 660 0.2303E-02 0.1869E+04 0.3202E-03 0.1187E+02 0.2170E+06 0.7238E+01 10.075 0.0000 0.2000E-04 0.1000E+01
 665 0.2339E-02 0.1863E+04 0.3148E-03 0.1184E+02 0.2169E+06 0.7284E+01 10.065 0.0000 0.2000E-04 0.1000E+01
 670 0.2375E-02 0.1857E+04 0.3094E-03 0.1182E+02 0.2168E+06 0.7331E+01 10.055 0.0000 0.2000E-04 0.1000E+01
 675 0.2412E-02 0.1851E+04 0.3040E-03 0.1179E+02 0.2167E+06 0.7379E+01 10.045 0.0000 0.2000E-04 0.1000E+01
 680 0.2449E-02 0.1845E+04 0.2986E-03 0.1176E+02 0.2166E+06 0.7426E+01 10.035 0.0000 0.2000E-04 0.1000E+01
 685 0.2487E-02 0.1839E+04 0.2931E-03 0.1173E+02 0.2165E+06 0.7473E+01 10.025 0.0000 0.2000E-04 0.1000E+01
 690 0.2526E-02 0.1832E+04 0.2875E-03 0.1171E+02 0.2164E+06 0.7521E+01 10.015 0.0000 0.2000E-04 0.1000E+01
 695 0.2565E-02 0.1825E+04 0.2819E-03 0.1168E+02 0.2162E+06 0.7569E+01 10.005 0.0000 0.2000E-04 0.1000E+01
 700 0.2605E-02 0.1818E+04 0.2762E-03 0.1165E+02 0.2161E+06 0.7617E+01  9.995 0.0000 0.2000E-04 0.1000E+01
 705 0.2646E-02 0.1810E+04 0.2705E-03 0.1163E+02 0.2160E+06 0.7665E+01  9.985 0.0000 0.2000E-04 0.1000E+01
 710 0.2687E-02 0.1803E+04 0.2648E-03 0.1160E+02 0.2159E+06 0.7713E+01  9.976 0.0000 0.2000E-04 0.1000E+01
 715 0.2730E-02 0.1795E+04 0.2591E-03 0.1158E+02 0.2158E+06 0.7762E+01  9.966 0.0000 0.2000E-04 0.1000E+01
 720 0.2773E-02 0.1787E+04 0.2535E-03 0.1155E+02 0.2156E+06 0.7810E+01  9.956 0.0000 0.2000E-04 0.1000E+01
 725 0.2818E-02 0.1779E+04 0.2478E-03 0.1152E+02 0.2155E+06 0.7859E+01  9.946 0.0000 0.2000E-04 0.1000E+01
 730 0.2863E-02 0.1771E+04 0.2422E-03 0.1150E+02 0.2154E+06 0.7908E+01  9.936 0.0000 0.2000E-04 0.1000E+01
 735 0.2909E-02 0.1763E+04 0.2366E-03 0.1147E+02 0.2152E+06 0.7957E+01  9.926 0.0000 0.2000E-04 0.1000E+01
 740 0.2957E-02 0.1754E+04 0.2311E-03 0.1145E+02 0.2151E+06 0.8007E+01  9.916 0.0000 0.2000E-04 0.1000E+01
 745 0.3000E-02 0.1746E+04 0.2262E-03 0.1143E+02 0.2149E+06 0.8051E+01  9.907 0.0000 0.2000E-04 0.1000E+01
 745 0.3000E-02 0.1746E+04 0.2262E-03 0.1143E+02 0.2149E+06 0.8051E+01  9.907 0.0000 0.2000E-04 0.1000E+01
 750 0.3049E-02 0.1738E+04 0.2208E-03 0.1140E+02 0.2148E+06 0.8101E+01  9.897 0.0000 0.2000E-04 0.1000E+01
 755 0.3100E-02 0.1729E+04 0.2155E-03 0.1138E+02 0.2146E+06 0.8150E+01  9.887 0.0000 0.2000E-04 0.1000E+01
 760 0.3152E-02 0.1720E+04 0.2102E-03 0.1135E+02 0.2145E+06 0.8200E+01  9.877 0.0000 0.2000E-04 0.1000E+01
 765 0.3205E-02 0.1711E+04 0.2049E-03 0.1133E+02 0.2143E+06 0.8251E+01  9.867 0.0000 0.2000E-04 0.1000E+01
 770 0.3259E-02 0.1702E+04 0.1997E-03 0.1130E+02 0.2142E+06 0.8301E+01  9.858 0.0000 0.2000E-04 0.1000E+01
 775 0.3315E-02 0.1693E+04 0.1946E-03 0.1128E+02 0.2140E+06 0.8351E+01  9.848 0.0000 0.2000E-04 0.1000E+01
 780 0.3372E-02 0.1684E+04 0.1896E-03 0.1126E+02 0.2138E+06 0.8402E+01  9.838 0.0000 0.2000E-04 0.1000E+01
 785 0.3430E-02 0.1675E+04 0.1848E-03 0.1123E+02 0.2137E+06 0.8453E+01  9.828 0.0000 0.2000E-04 0.1000E+01
 790 0.3490E-02 0.1666E+04 0.1801E-03 0.1121E+02 0.2135E+06 0.8504E+01  9.818 0.0000 0.2000E-04 0.1000E+01
 795 0.3552E-02 0.1657E+04 0.1755E-03 0.1119E+02 0.2133E+06 0.8555E+01  9.808 0.0000 0.2000E-04 0.1000E+01
 800 0.3614E-02 0.1648E+04 0.1711E-03 0.1116E+02 0.2131E+06 0.8606E+01  9.798 0.0000 0.2000E-04 0.1000E+01
 805 0.3679E-02 0.1639E+04 0.1668E-03 0.1114E+02 0.2130E+06 0.8658E+01  9.789 0.0000 0.2000E-04 0.1000E+01
 810 0.3745E-02 0.1630E+04 0.1626E-03 0.1112E+02 0.2128E+06 0.8709E+01  9.779 0.0000 0.2000E-04 0.1000E+01
 815 0.3812E-02 0.1622E+04 0.1585E-03 0.1109E+02 0.2126E+06 0.8761E+01  9.769 0.0000 0.2000E-04 0.1000E+01
 820 0.3882E-02 0.1613E+04 0.1545E-03 0.1107E+02 0.2124E+06 0.8813E+01  9.759 0.0000 0.2000E-04 0.1000E+01
 825 0.3952E-02 0.1604E+04 0.1506E-03 0.1105E+02 0.2122E+06 0.8865E+01  9.749 0.0000 0.2000E-04 0.1000E+01
 830 0.4025E-02 0.1596E+04 0.1468E-03 0.1103E+02 0.2120E+06 0.8918E+01  9.740 0.0000 0.2000E-04 0.1000E+01
 835 0.4099E-02 0.1587E+04 0.1432E-03 0.1100E+02 0.2118E+06 0.8970E+01  9.730 0.0000 0.2000E-04 0.1000E+01
 840 0.4175E-02 0.1579E+04 0.1396E-03 0.1098E+02 0.2116E+06 0.9023E+01  9.720 0.0000 0.2000E-04 0.1000E+01
 845 0.4253E-02 0.1571E+04 0.1362E-03 0.1096E+02 0.2114E+06 0.9075E+01  9.710 0.0000 0.2000E-04 0.1000E+01
 850 0.4333E-02 0.1563E+04 0.1329E-03 0.1094E+02 0.2112E+06 0.9128E+01  9.700 0.0000 0.2000E-04 0.1000E+01
 855 0.4415E-02 0.1555E+04 0.1297E-03 0.1091E+02 0.2110E+06 0.9181E+01  9.691 0.0000 0.2000E-04 0.1000E+01
 860 0.4498E-02 0.1547E+04 0.1266E-03 0.1089E+02 0.2107E+06 0.9235E+01  9.681 0.0000 0.2000E-04 0.1000E+01
 865 0.4583E-02 0.1539E+04 0.1236E-03 0.1087E+02 0.2105E+06 0.9288E+01  9.671 0.0000 0.2000E-04 0.1000E+01
 870 0.4671E-02 0.1532E+04 0.1208E-03 0.1085E+02 0.2103E+06 0.9341E+01  9.661 0.0000 0.2000E-04 0.1000E+01
 875 0.4760E-02 0.1525E+04 0.1181E-03 0.1083E+02 0.2101E+06 0.9395E+01  9.652 0.0000 0.2000E-04 0.1000E+01
 880 0.4851E-02 0.1518E+04 0.1155E-03 0.1081E+02 0.2098E+06 0.9449E+01  9.642 0.0000 0.2000E-04 0.1000E+01
 885 0.4943E-02 0.1512E+04 0.1131E-03 0.1079E+02 0.2096E+06 0.9503E+01  9.632 0.0000 0.2000E-04 0.1000E+01
 890 0.5038E-02 0.1505E+04 0.1108E-03 0.1077E+02 0.2094E+06 0.9557E+01  9.622 0.0000 0.2000E-04 0.1000E+01
 895 0.5134E-02 0.1499E+04 0.1086E-03 0.1074E+02 0.2091E+06 0.9611E+01  9.613 0.0000 0.2000E-04 0.1000E+01
 900 0.5232E-02 0.1493E+04 0.1065E-03 0.1072E+02 0.2089E+06 0.9666E+01  9.603 0.0000 0.2000E-04 0.1000E+01
 905 0.5332E-02 0.1488E+04 0.1045E-03 0.1070E+02 0.2087E+06 0.9720E+01  9.593 0.0000 0.2000E-04 0.1000E+01
 910 0.5433E-02 0.1482E+04 0.1026E-03 0.1068E+02 0.2084E+06 0.9775E+01  9.584 0.0000 0.2000E-04 0.1000E+01
 915 0.5536E-02 0.1477E+04 0.1007E-03 0.1066E+02 0.2082E+06 0.9830E+01  9.574 0.0000 0.2000E-04 0.1000E+01
 920 0.5641E-02 0.1472E+04 0.9893E-04 0.1064E+02 0.2079E+06 0.9885E+01  9.564 0.0000 0.2000E-04 0.1000E+01
 925 0.5748E-02 0.1466E+04 0.9717E-04 0.1062E+02 0.2077E+06 0.9940E+01  9.554 0.0000 0.2000E-04 0.1000E+01
 930 0.5856E-02 0.1461E+04 0.9547E-04 0.1060E+02 0.2074E+06 0.9996E+01  9.545 0.0000 0.2000E-04 0.1000E+01
 935 0.5967E-02 0.1456E+04 0.9381E-04 0.1058E+02 0.2071E+06 0.1005E+02  9.535 0.0000 0.2000E-04 0.1000E+01
 940 0.6079E-02 0.1451E+04 0.9218E-04 0.1056E+02 0.2069E+06 0.1011E+02  9.525 0.0000 0.2000E-04 0.1000E+01
 945 0.6192E-02 0.1446E+04 0.9059E-04 0.1054E+02 0.2066E+06 0.1016E+02  9.516 0.0000 0.2000E-04 0.1000E+01
 950 0.6308E-02 0.1441E+04 0.8903E-04 0.1052E+02 0.2063E+06 0.1022E+02  9.506 0.0000 0.2000E-04 0.1000E+01
 955 0.6425E-02 0.1437E+04 0.8751E-04 0.1050E+02 0.2061E+06 0.1027E+02  9.496 0.0000 0.2000E-04 0.1000E+01
 960 0.6544E-02 0.1432E+04 0.8601E-04 0.1048E+02 0.2058E+06 0.1033E+02  9.487 0.0000 0.2000E-04 0.1000E+01
 965 0.6665E-02 0.1427E+04 0.8451E-04 0.1047E+02 0.2055E+06 0.1039E+02  9.477 0.0000 0.2000E-04 0.1000E+01
 970 0.6788E-02 0.1422E+04 0.8302E-04 0.1045E+02 0.2052E+06 0.1044E+02  9.467 0.0000 0.2000E-04 0.1000E+01
 975 0.6913E-02 0.1417E+04 0.8155E-04 0.1043E+02 0.2050E+06 0.1050E+02  9.458 0.0000 0.2000E-04 0.1000E+01
 980 0.7040E-02 0.1412E+04 0.8011E-04 0.1041E+02 0.2047E+06 0.1056E+02  9.448 0.0000 0.2000E-04 0.1000E+01
 985 0.7169E-02 0.1407E+04 0.7870E-04 0.1039E+02 0.2044E+06 0.1061E+02  9.438 0.0000 0.2000E-04 0.1000E+01
 990 0.7301E-02 0.1402E+04 0.7731E-04 0.1037E+02 0.2041E+06 0.1067E+02  9.429 0.0000 0.2000E-04 0.1000E+01
 995 0.7434E-02 0.1397E+04 0.7594E-04 0.1035E+02 0.2038E+06 0.1073E+02  9.419 0.0000 0.2000E-04 0.1000E+01
1000 0.7569E-02 0.1392E+04 0.7459E-04 0.1033E+02 0.2035E+06 0.1079E+02  9.409 0.0000 0.2000E-04 0.1000E+01
1005 0.7707E-02 0.1387E+04 0.7326E-04 0.1032E+02 0.2032E+06 0.1084E+02  9.400 0.0000 0.2000E-04 0.1000E+01
1010 0.7846E-02 0.1382E+04 0.7195E-04 0.1030E+02 0.2029E+06 0.1090E+02  9.390 0.0000 0.2000E-04 0.1000E+01
1015 0.7988E-02 0.1377E+04 0.7066E-04 0.1028E+02 0.2026E+06 0.1096E+02  9.380 0.0000 0.2000E-04 0.1000E+01
1020 0.8133E-02 0.1372E+04 0.6939E-04 0.1026E+02 0.2023E+06 0.1102E+02  9.371 0.0000 0.2000E-04 0.1000E+01
1025 0.8280E-02 0.1366E+04 0.6813E-04 0.1024E+02 0.2020E+06 0.1107E+02  9.361 0.0000 0.2000E-04 0.1000E+01
1030 0.8429E-02 0.1361E+04 0.6690E-04 0.1023E+02 0.2016E+06 0.1113E+02  9.352 0.0000 0.2000E-04 0.1000E+01
1035 0.8580E-02 0.1356E+04 0.6568E-04 0.1021E+02 0.2013E+06 0.1119E+02  9.342 0.0000 0.2000E-04 0.1000E+01
1040 0.8735E-02 0.1351E+04 0.6447E-04 0.1019E+02 0.2010E+06 0.1125E+02  9.332 0.0000 0.2000E-04 0.1000E+01
1045 0.8892E-02 0.1346E+04 0.6327E-04 0.1017E+02 0.2007E+06 0.1131E+02  9.323 0.0000 0.2000E-04 0.1000E+01
1050 0.9051E-02 0.1341E+04 0.6208E-04 0.1015E+02 0.2004E+06 0.1136E+02  9.313 0.0000 0.2000E-04 0.1000E+01
1055 0.9214E-02 0.1336E+04 0.6090E-04 0.1014E+02 0.2000E+06 0.1142E+02  9.304 0.0000 0.2000E-04 0.1000E+01
1060 0.9379E-02 0.1330E+04 0.5974E-04 0.1012E+02 0.1997E+06 0.1148E+02  9.294 0.0000 0.2000E-04 0.1000E+01
1065 0.9547E-02 0.1325E+04 0.5860E-04 0.1010E+02 0.1994E+06 0.1154E+02  9.285 0.0000 0.2000E-04 0.1000E+01
1070 0.9718E-02 0.1320E+04 0.5748E-04 0.1009E+02 0.1990E+06 0.1160E+02  9.275 0.0000 0.2000E-04 0.1000E+01
1075 0.9892E-02 0.1314E+04 0.5637E-04 0.1007E+02 0.1987E+06 0.1166E+02  9.265 0.0000 0.2000E-04 0.1000E+01
1080 0.1007E-01 0.1309E+04 0.5530E-04 0.1005E+02 0.1984E+06 0.1172E+02  9.256 0.0000 0.2000E-04 0.1000E+01
1085 0.1025E-01 0.1304E+04 0.5423E-04 0.1004E+02 0.1980E+06 0.1178E+02  9.246 0.0000 0.2000E-04 0.1000E+01
1090 0.1043E-01 0.1299E+04 0.5318E-04 0.1002E+02 0.1977E+06 0.1184E+02  9.237 0.0000 0.2000E-04 0.1000E+01
1095 0.1062E-01 0.1293E+04 0.5214E-04 0.1000E+02 0.1973E+06 0.1190E+02  9.227 0.0000 0.2000E-04 0.1000E+01
1100 0.1081E-01 0.1288E+04 0.5112E-04 0.9985E+01 0.1970E+06 0.1196E+02  9.218 0.0000 0.2000E-04 0.1000E+01
1105 0.1100E-01 0.1283E+04 0.5012E-04 0.9969E+01 0.1966E+06 0.1201E+02  9.208 0.0000 0.2000E-04 0.1000E+01
1110 0.1120E-01 0.1277E+04 0.4913E-04 0.9952E+01 0.1963E+06 0.1207E+02  9.198 0.0000 0.2000E-04 0.1000E+01
1115 0.1140E-01 0.1272E+04 0.4816E-04 0.9936E+01 0.1959E+06 0.1213E+02  9.189 0.0000 0.2000E-04 0.1000E+01
1120 0.1160E-01 0.1267E+04 0.4719E-04 0.9920E+01 0.1956E+06 0.1219E+02  9.179 0.0000 0.2000E-04 0.1000E+01
1125 0.1181E-01 0.1261E+04 0.4624E-04 0.9904E+01 0.1952E+06 0.1225E+02  9.170 0.0000 0.2000E-04 0.1000E+01
1130 0.1202E-01 0.1256E+04 0.4530E-04 0.9888E+01 0.1948E+06 0.1232E+02  9.160 0.0000 0.2000E-04 0.1000E+01
1135 0.1224E-01 0.1250E+04 0.4438E-04 0.9872E+01 0.1945E+06 0.1238E+02  9.151 0.0000 0.2000E-04 0.1000E+01
1140 0.1246E-01 0.1245E+04 0.4348E-04 0.9856E+01 0.1941E+06 0.1244E+02  9.141 0.0000 0.2000E-04 0.1000E+01
1145 0.1268E-01 0.1240E+04 0.4259E-04 0.9840E+01 0.1937E+06 0.1250E+02  9.132 0.0000 0.2000E-04 0.1000E+01
1150 0.1291E-01 0.1234E+04 0.4172E-04 0.9825E+01 0.1933E+06 0.1256E+02  9.122 0.0000 0.2000E-04 0.1000E+01
1155 0.1314E-01 0.1229E+04 0.4087E-04 0.9809E+01 0.1930E+06 0.1262E+02  9.113 0.0000 0.2000E-04 0.1000E+01
1160 0.1338E-01 0.1223E+04 0.4003E-04 0.9794E+01 0.1926E+06 0.1268E+02  9.103 0.0000 0.2000E-04 0.1000E+01
1165 0.1362E-01 0.1218E+04 0.3920E-04 0.9778E+01 0.1922E+06 0.1274E+02  9.094 0.0000 0.2000E-04 0.1000E+01
1170 0.1387E-01 0.1213E+04 0.3839E-04 0.9763E+01 0.1918E+06 0.1280E+02  9.084 0.0000 0.2000E-04 0.1000E+01
1175 0.1412E-01 0.1207E+04 0.3760E-04 0.9747E+01 0.1914E+06 0.1286E+02  9.075 0.0000 0.2000E-04 0.1000E+01
1180 0.1437E-01 0.1202E+04 0.3682E-04 0.9732E+01 0.1910E+06 0.1292E+02  9.065 0.0000 0.2000E-04 0.1000E+01
1185 0.1463E-01 0.1197E+04 0.3605E-04 0.9717E+01 0.1906E+06 0.1298E+02  9.056 0.0000 0.2000E-04 0.1000E+01
1190 0.1490E-01 0.1191E+04 0.3529E-04 0.9702E+01 0.1902E+06 0.1304E+02  9.046 0.0000 0.2000E-04 0.1000E+01
1195 0.1517E-01 0.1186E+04 0.3454E-04 0.9687E+01 0.1898E+06 0.1311E+02  9.037 0.0000 0.2000E-04 0.1000E+01
1200 0.1544E-01 0.1180E+04 0.3381E-04 0.9672E+01 0.1894E+06 0.1317E+02  9.027 0.0000 0.2000E-04 0.1000E+01
1205 0.1572E-01 0.1175E+04 0.3309E-04 0.9658E+01 0.1890E+06 0.1323E+02  9.018 0.0000 0.2000E-04 0.1000E+01
1210 0.1601E-01 0.1169E+04 0.3239E-04 0.9643E+01 0.1886E+06 0.1329E+02  9.008 0.0000 0.2000E-04 0.1000E+01
1215 0.1630E-01 0.1164E+04 0.3170E-04 0.9628E+01 0.1882E+06 0.1335E+02  8.999 0.0000 0.2000E-04 0.1000E+01
1220 0.1660E-01 0.1159E+04 0.3102E-04 0.9614E+01 0.1878E+06 0.1341E+02  8.989 0.0000 0.2000E-04 0.1000E+01
1225 0.1690E-01 0.1153E+04 0.3035E-04 0.9599E+01 0.1874E+06 0.1348E+02  8.980 0.0000 0.2000E-04 0.1000E+01
1230 0.1721E-01 0.1148E+04 0.2970E-04 0.9585E+01 0.1870E+06 0.1354E+02  8.970 0.0000 0.2000E-04 0.1000E+01
1235 0.1753E-01 0.1142E+04 0.2906E-04 0.9570E+01 0.1866E+06 0.1360E+02  8.961 0.0000 0.2000E-04 0.1000E+01
1240 0.1785E-01 0.1137E+04 0.2843E-04 0.9556E+01 0.1862E+06 0.1366E+02  8.951 0.0000 0.2000E-04 0.1000E+01
1245 0.1818E-01 0.1132E+04 0.2781E-04 0.9542E+01 0.1857E+06 0.1372E+02  8.942 0.0000 0.2000E-04 0.1000E+01
1250 0.1851E-01 0.1126E+04 0.2721E-04 0.9528E+01 0.1853E+06 0.1379E+02  8.932 0.0000 0.2000E-04 0.1000E+01
1255 0.1886E-01 0.1121E+04 0.2661E-04 0.9514E+01 0.1849E+06 0.1385E+02  8.923 0.0000 0.2000E-04 0.1000E+01
1260 0.1920E-01 0.1116E+04 0.2603E-04 0.9500E+01 0.1845E+06 0.1391E+02  8.913 0.0000 0.2000E-04 0.1000E+01
1265 0.1956E-01 0.1110E+04 0.2546E-04 0.9486E+01 0.1840E+06 0.1397E+02  8.904 0.0000 0.2000E-04 0.1000E+01
1270 0.1992E-01 0.1105E+04 0.2490E-04 0.9472E+01 0.1836E+06 0.1404E+02  8.894 0.0000 0.2000E-04 0.1000E+01
1275 0.2029E-01 0.1100E+04 0.2436E-04 0.9458E+01 0.1832E+06 0.1410E+02  8.885 0.0000 0.2000E-04 0.1000E+01
1280 0.2067E-01 0.1094E+04 0.2382E-04 0.9445E+01 0.1828E+06 0.1416E+02  8.875 0.0000 0.2000E-04 0.1000E+01
1285 0.2105E-01 0.1089E+04 0.2330E-04 0.9431E+01 0.1823E+06 0.1422E+02  8.866 0.0000 0.2000E-04 0.1000E+01
1290 0.2144E-01 0.1084E+04 0.2279E-04 0.9418E+01 0.1819E+06 0.1429E+02  8.856 0.0000 0.2000E-04 0.1000E+01
1295 0.2184E-01 0.1079E+04 0.2229E-04 0.9404E+01 0.1814E+06 0.1435E+02  8.847 0.0000 0.2000E-04 0.1000E+01
1300 0.2225E-01 0.1073E+04 0.2180E-04 0.9391E+01 0.1810E+06 0.1441E+02  8.838 0.0000 0.2000E-04 0.1000E+01
1305 0.2267E-01 0.1068E+04 0.2132E-04 0.9377E+01 0.1806E+06 0.1447E+02  8.828 0.0000 0.2000E-04 0.1000E+01
1310 0.2309E-01 0.1063E+04 0.2084E-04 0.9364E+01 0.1801E+06 0.1454E+02  8.819 0.0000 0.2000E-04 0.1000E+01
1315 0.2352E-01 0.1058E+04 0.2038E-04 0.9351E+01 0.1797E+06 0.1460E+02  8.809 0.0000 0.2000E-04 0.1000E+01
1320 0.2397E-01 0.1052E+04 0.1992E-04 0.9338E+01 0.1792E+06 0.1466E+02  8.800 0.0000 0.2000E-04 0.1000E+01
1325 0.2442E-01 0.1047E+04 0.1948E-04 0.9325E+01 0.1788E+06 0.1473E+02  8.790 0.0000 0.2000E-04 0.1000E+01
1330 0.2488E-01 0.1042E+04 0.1905E-04 0.9312E+01 0.1783E+06 0.1479E+02  8.781 0.0000 0.2000E-04 0.1000E+01
1335 0.2534E-01 0.1037E+04 0.1862E-04 0.9299E+01 0.1779E+06 0.1485E+02  8.771 0.0000 0.2000E-04 0.1000E+01
1340 0.2582E-01 0.1032E+04 0.1820E-04 0.9286E+01 0.1774E+06 0.1491E+02  8.762 0.0000 0.2000E-04 0.1000E+01
1345 0.2631E-01 0.1027E+04 0.1779E-04 0.9273E+01 0.1770E+06 0.1498E+02  8.753 0.0000 0.2000E-04 0.1000E+01
1350 0.2681E-01 0.1021E+04 0.1739E-04 0.9261E+01 0.1765E+06 0.1504E+02  8.743 0.0000 0.2000E-04 0.1000E+01
1355 0.2732E-01 0.1016E+04 0.1699E-04 0.9248E+01 0.1761E+06 0.1510E+02  8.734 0.0000 0.2000E-04 0.1000E+01
1360 0.2784E-01 0.1011E+04 0.1660E-04 0.9235E+01 0.1756E+06 0.1517E+02  8.724 0.0000 0.2000E-04 0.1000E+01
1365 0.2837E-01 0.1006E+04 0.1622E-04 0.9223E+01 0.1751E+06 0.1523E+02  8.715 0.0000 0.2000E-04 0.1000E+01
1370 0.2891E-01 0.1001E+04 0.1584E-04 0.9210E+01 0.1747E+06 0.1529E+02  8.705 0.0000 0.2000E-04 0.1000E+01
1375 0.2947E-01 0.9954E+03 0.1547E-04 0.9198E+01 0.1742E+06 0.1536E+02  8.696 0.0000 0.2000E-04 0.1000E+01
1380 0.3003E-01 0.9901E+03 0.1510E-04 0.9186E+01 0.1737E+06 0.1542E+02  8.686 0.0000 0.2000E-04 0.1000E+01
1385 0.3061E-01 0.9849E+03 0.1475E-04 0.9173E+01 0.1733E+06 0.1548E+02  8.677 0.0000 0.2000E-04 0.1000E+01
1390 0.3120E-01 0.9797E+03 0.1440E-04 0.9161E+01 0.1728E+06 0.1555E+02  8.668 0.0000 0.2000E-04 0.1000E+01
1395 0.3180E-01 0.9744E+03 0.1406E-04 0.9149E+01 0.1723E+06 0.1561E+02  8.658 0.0000 0.2000E-04 0.1000E+01
1400 0.3242E-01 0.9692E+03 0.1372E-04 0.9137E+01 0.1719E+06 0.1567E+02  8.649 0.0000 0.2000E-04 0.1000E+01
1405 0.3305E-01 0.9640E+03 0.1339E-04 0.9125E+01 0.1714E+06 0.1574E+02  8.639 0.0000 0.2000E-04 0.1000E+01
1410 0.3369E-01 0.9588E+03 0.1307E-04 0.9113E+01 0.1709E+06 0.1580E+02  8.630 0.0000 0.2000E-04 0.1000E+01
1415 0.3435E-01 0.9536E+03 0.1276E-04 0.9101E+01 0.1705E+06 0.1586E+02  8.621 0.0000 0.2000E-04 0.1000E+01
1420 0.3502E-01 0.9484E+03 0.1245E-04 0.9089E+01 0.1700E+06 0.1593E+02  8.611 0.0000 0.2000E-04 0.1000E+01
1425 0.3571E-01 0.9433E+03 0.1215E-04 0.9078E+01 0.1695E+06 0.1599E+02  8.602 0.0000 0.2000E-04 0.1000E+01
1430 0.3641E-01 0.9381E+03 0.1186E-04 0.9066E+01 0.1690E+06 0.1605E+02  8.592 0.0000 0.2000E-04 0.1000E+01
1435 0.3712E-01 0.9330E+03 0.1157E-04 0.9054E+01 0.1685E+06 0.1612E+02  8.583 0.0000 0.2000E-04 0.1000E+01
1440 0.3786E-01 0.9278E+03 0.1129E-04 0.9043E+01 0.1681E+06 0.1618E+02  8.573 0.0000 0.2000E-04 0.1000E+01
1445 0.3861E-01 0.9227E+03 0.1101E-04 0.9031E+01 0.1676E+06 0.1624E+02  8.564 0.0000 0.2000E-04 0.1000E+01
1450 0.3937E-01 0.9176E+03 0.1074E-04 0.9020E+01 0.1671E+06 0.1630E+02  8.555 0.0000 0.2000E-04 0.1000E+01
1455 0.4015E-01 0.9125E+03 0.1048E-04 0.9008E+01 0.1666E+06 0.1637E+02  8.545 0.0000 0.2000E-04 0.1000E+01
1460 0.4095E-01 0.9075E+03 0.1022E-04 0.8997E+01 0.1661E+06 0.1643E+02  8.536 0.0000 0.2000E-04 0.1000E+01
1465 0.4177E-01 0.9024E+03 0.9972E-05 0.8986E+01 0.1656E+06 0.1649E+02  8.526 0.0000 0.2000E-04 0.1000E+01
1470 0.4261E-01 0.8973E+03 0.9726E-05 0.8974E+01 0.1652E+06 0.1656E+02  8.517 0.0000 0.2000E-04 0.1000E+01
1475 0.4347E-01 0.8923E+03 0.9485E-05 0.8963E+01 0.1647E+06 0.1662E+02  8.508 0.0000 0.2000E-04 0.1000E+01
1480 0.4434E-01 0.8872E+03 0.9249E-05 0.8952E+01 0.1642E+06 0.1668E+02  8.498 0.0000 0.2000E-04 0.1000E+01
1485 0.4524E-01 0.8822E+03 0.9018E-05 0.8941E+01 0.1637E+06 0.1675E+02  8.489 0.0000 0.2000E-04 0.1000E+01
1490 0.4615E-01 0.8771E+03 0.8792E-05 0.8930E+01 0.1632E+06 0.1681E+02  8.479 0.0000 0.2000E-04 0.1000E+01
1495 0.4709E-01 0.8721E+03 0.8570E-05 0.8919E+01 0.1627E+06 0.1687E+02  8.470 0.0000 0.2000E-04 0.1000E+01
1500 0.4805E-01 0.8670E+03 0.8351E-05 0.8908E+01 0.1622E+06 0.1694E+02  8.460 0.0000 0.2000E-04 0.1000E+01
1505 0.4903E-01 0.8619E+03 0.8138E-05 0.8897E+01 0.1617E+06 0.1700E+02  8.451 0.0000 0.2000E-04 0.1000E+01
1510 0.5000E-01 0.8570E+03 0.7935E-05 0.8887E+01 0.1613E+06 0.1706E+02  8.442 0.0000 0.2000E-04 0.1000E+01
1510 0.5000E-01 0.8570E+03 0.7935E-05 0.8887E+01 0.1613E+06 0.1706E+02  8.442 0.0000 0.2000E-04 0.1000E+01
1515 0.5103E-01 0.8520E+03 0.7731E-05 0.8876E+01 0.1608E+06 0.1712E+02  8.433 0.0000 0.2000E-04 0.1000E+01
1520 0.5208E-01 0.8469E+03 0.7531E-05 0.8865E+01 0.1603E+06 0.1719E+02  8.423 0.0000 0.2000E-04 0.1000E+01
1525 0.5315E-01 0.8419E+03 0.7335E-05 0.8855E+01 0.1598E+06 0.1725E+02  8.414 0.0000 0.2000E-04 0.1000E+01
1530 0.5425E-01 0.8368E+03 0.7143E-05 0.8844E+01 0.1593E+06 0.1731E+02  8.404 0.0000 0.2000E-04 0.1000E+01
1535 0.5538E-01 0.8318E+03 0.6956E-05 0.8834E+01 0.1588E+06 0.1737E+02  8.395 0.0000 0.2000E-04 0.1000E+01
1540 0.5653E-01 0.8267E+03 0.6772E-05 0.8823E+01 0.1583E+06 0.1744E+02  8.385 0.0000 0.2000E-04 0.1000E+01
1545 0.5771E-01 0.8217E+03 0.6593E-05 0.8813E+01 0.1578E+06 0.1750E+02  8.376 0.0000 0.2000E-04 0.1000E+01
1550 0.5893E-01 0.8166E+03 0.6417E-05 0.8802E+01 0.1573E+06 0.1756E+02  8.367 0.0000 0.2000E-04 0.1000E+01
1555 0.6017E-01 0.8115E+03 0.6244E-05 0.8792E+01 0.1568E+06 0.1762E+02  8.357 0.0000 0.2000E-04 0.1000E+01
1560 0.6144E-01 0.8065E+03 0.6076E-05 0.8782E+01 0.1563E+06 0.1769E+02  8.348 0.0000 0.2000E-04 0.1000E+01
1565 0.6274E-01 0.8014E+03 0.5912E-05 0.8772E+01 0.1558E+06 0.1775E+02  8.338 0.0000 0.2000E-04 0.1000E+01
1570 0.6407E-01 0.7964E+03 0.5751E-05 0.8761E+01 0.1553E+06 0.1781E+02  8.329 0.0000 0.2000E-04 0.1000E+01
1575 0.6544E-01 0.7914E+03 0.5594E-05 0.8751E+01 0.1548E+06 0.1787E+02  8.320 0.0000 0.2000E-04 0.1000E+01
1580 0.6684E-01 0.7863E+03 0.5441E-05 0.8741E+01 0.1543E+06 0.1793E+02  8.310 0.0000 0.2000E-04 0.1000E+01
1585 0.6828E-01 0.7813E+03 0.5291E-05 0.8731E+01 0.1538E+06 0.1800E+02  8.301 0.0000 0.2000E-04 0.1000E+01
1590 0.6975E-01 0.7763E+03 0.5145E-05 0.8721E+01 0.1533E+06 0.1806E+02  8.292 0.0000 0.2000E-04 0.1000E+01
1591 0.7000E-01 0.7755E+03 0.5121E-05 0.8720E+01 0.1532E+06 0.1807E+02  8.290 0.0000 0.2000E-04 0.1000E+01
1595 0.7121E-01 0.7715E+03 0.5007E-05 0.8712E+01 0.1528E+06 0.1812E+02  8.282 0.0000 0.2000E-04 0.1000E+01
1600 0.7276E-01 0.7665E+03 0.4868E-05 0.8702E+01 0.1523E+06 0.1818E+02  8.273 0.0000 0.2000E-04 0.1000E+01
1605 0.7434E-01 0.7615E+03 0.4732E-05 0.8692E+01 0.1518E+06 0.1824E+02  8.264 0.0000 0.2000E-04 0.1000E+01
1610 0.7597E-01 0.7566E+03 0.4600E-05 0.8682E+01 0.1513E+06 0.1830E+02  8.254 0.0000 0.2000E-04 0.1000E+01
1615 0.7764E-01 0.7516E+03 0.4471E-05 0.8673E+01 0.1508E+06 0.1837E+02  8.245 0.0000 0.2000E-04 0.1000E+01
1620 0.7935E-01 0.7467E+03 0.4345E-05 0.8663E+01 0.1503E+06 0.1843E+02  8.235 0.0000 0.2000E-04 0.1000E+01
1625 0.8111E-01 0.7418E+03 0.4223E-05 0.8653E+01 0.1498E+06 0.1849E+02  8.226 0.0000 0.2000E-04 0.1000E+01
1630 0.8291E-01 0.7369E+03 0.4103E-05 0.8644E+01 0.1494E+06 0.1855E+02  8.217 0.0000 0.2000E-04 0.1000E+01
1635 0.8476E-01 0.7320E+03 0.3987E-05 0.8634E+01 0.1489E+06 0.1861E+02  8.207 0.0000 0.2000E-04 0.1000E+01
1640 0.8666E-01 0.7272E+03 0.3874E-05 0.8625E+01 0.1484E+06 0.1867E+02  8.198 0.0000 0.2000E-04 0.1000E+01
1645 0.8860E-01 0.7223E+03 0.3763E-05 0.8615E+01 0.1479E+06 0.1873E+02  8.189 0.0000 0.2000E-04 0.1000E+01
1650 0.9059E-01 0.7175E+03 0.3656E-05 0.8606E+01 0.1474E+06 0.1879E+02  8.179 0.0000 0.2000E-04 0.1000E+01
1655 0.9264E-01 0.7127E+03 0.3552E-05 0.8597E+01 0.1469E+06 0.1885E+02  8.170 0.0000 0.2000E-04 0.1000E+01
1660 0.9474E-01 0.7080E+03 0.3450E-05 0.8587E+01 0.1464E+06 0.1892E+02  8.160 0.0000 0.2000E-04 0.1000E+01
1665 0.9689E-01 0.7032E+03 0.3351E-05 0.8578E+01 0.1459E+06 0.1898E+02  8.151 0.0000 0.2000E-04 0.1000E+01
1670 0.9910E-01 0.6985E+03 0.3255E-05 0.8569E+01 0.1454E+06 0.1904E+02  8.142 0.0000 0.2000E-04 0.1000E+01
1672 0.1000E+00 0.6966E+03 0.3217E-05 0.8565E+01 0.1452E+06 0.1906E+02  8.138 0.0000 0.2000E-04 0.1000E+01
1675 0.1014E+00 0.6937E+03 0.3161E-05 0.8560E+01 0.1449E+06 0.1910E+02  8.132 0.0000 0.2000E-04 0.1000E+01
1680 0.1037E+00 0.6890E+03 0.3069E-05 0.8551E+01 0.1444E+06 0.1916E+02  8.123 0.0000 0.2000E-04 0.1000E+01
1685 0.1061E+00 0.6843E+03 0.2980E-05 0.8542E+01 0.1439E+06 0.1922E+02  8.114 0.0000 0.2000E-04 0.1000E+01
1690 0.1086E+00 0.6797E+03 0.2894E-05 0.8533E+01 0.1434E+06 0.1928E+02  8.104 0.0000 0.2000E-04 0.1000E+01
1695 0.1111E+00 0.6751E+03 0.2810E-05 0.8524E+01 0.1429E+06 0.1934E+02  8.095 0.0000 0.2000E-04 0.1000E+01
1700 0.1137E+00 0.6704E+03 0.2728E-05 0.8515E+01 0.1424E+06 0.1940E+02  8.085 0.0000 0.2000E-04 0.1000E+01
1705 0.1163E+00 0.6658E+03 0.2649E-05 0.8506E+01 0.1419E+06 0.1946E+02  8.076 0.0000 0.2000E-04 0.1000E+01
1710 0.1190E+00 0.6613E+03 0.2571E-05 0.8497E+01 0.1414E+06 0.1952E+02  8.067 0.0000 0.2000E-04 0.1000E+01
1715 0.1218E+00 0.6567E+03 0.2496E-05 0.8488E+01 0.1409E+06 0.1958E+02  8.057 0.0000 0.2000E-04 0.1000E+01
1720 0.1247E+00 0.6522E+03 0.2423E-05 0.8480E+01 0.1404E+06 0.1964E+02  8.048 0.0000 0.2000E-04 0.1000E+01
1725 0.1277E+00 0.6477E+03 0.2352E-05 0.8471E+01 0.1399E+06 0.1970E+02  8.039 0.0000 0.2000E-04 0.1000E+01
1730 0.1307E+00 0.6432E+03 0.2283E-05 0.8462E+01 0.1394E+06 0.1976E+02  8.029 0.0000 0.2000E-04 0.1000E+01
1735 0.1338E+00 0.6388E+03 0.2216E-05 0.8454E+01 0.1389E+06 0.1982E+02  8.020 0.0000 0.2000E-04 0.1000E+01
1740 0.1370E+00 0.6344E+03 0.2151E-05 0.8445E+01 0.1384E+06 0.1988E+02  8.010 0.0000 0.2000E-04 0.1000E+01
1745 0.1403E+00 0.6300E+03 0.2088E-05 0.8437E+01 0.1379E+06 0.1994E+02  8.001 0.0000 0.2000E-04 0.1000E+01
1750 0.1436E+00 0.6256E+03 0.2027E-05 0.8428E+01 0.1375E+06 0.1999E+02  7.992 0.0000 0.2000E-04 0.1000E+01
1755 0.1471E+00 0.6213E+03 0.1967E-05 0.8420E+01 0.1370E+06 0.2005E+02  7.982 0.0000 0.2000E-04 0.1000E+01
1760 0.1500E+00 0.6177E+03 0.1919E-05 0.8413E+01 0.1366E+06 0.2010E+02  7.975 0.0000 0.2000E-04 0.1000E+01
1760 0.1500E+00 0.6177E+03 0.1919E-05 0.8413E+01 0.1366E+06 0.2010E+02  7.975 0.0000 0.2000E-04 0.1000E+01
1765 0.1536E+00 0.6134E+03 0.1863E-05 0.8405E+01 0.1361E+06 0.2016E+02  7.965 0.0000 0.2000E-04 0.1000E+01
1770 0.1573E+00 0.6092E+03 0.1808E-05 0.8396E+01 0.1356E+06 0.2022E+02  7.956 0.0000 0.2000E-04 0.1000E+01
1775 0.1611E+00 0.6049E+03 0.1755E-05 0.8388E+01 0.1351E+06 0.2028E+02  7.947 0.0000 0.2000E-04 0.1000E+01
1780 0.1651E+00 0.6007E+03 0.1703E-05 0.8380E+01 0.1346E+06 0.2034E+02  7.937 0.0000 0.2000E-04 0.1000E+01
1785 0.1691E+00 0.5966E+03 0.1653E-05 0.8372E+01 0.1341E+06 0.2039E+02  7.928 0.0000 0.2000E-04 0.1000E+01
1790 0.1732E+00 0.5924E+03 0.1605E-05 0.8364E+01 0.1336E+06 0.2045E+02  7.919 0.0000 0.2000E-04 0.1000E+01
1795 0.1775E+00 0.5883E+03 0.1558E-05 0.8355E+01 0.1331E+06 0.2051E+02  7.909 0.0000 0.2000E-04 0.1000E+01
1800 0.1818E+00 0.5842E+03 0.1512E-05 0.8347E+01 0.1327E+06 0.2057E+02  7.900 0.0000 0.2000E-04 0.1000E+01
1805 0.1863E+00 0.5802E+03 0.1468E-05 0.8339E+01 0.1322E+06 0.2063E+02  7.891 0.0000 0.2000E-04 0.1000E+01
1810 0.1909E+00 0.5762E+03 0.1425E-05 0.8331E+01 0.1317E+06 0.2068E+02  7.881 0.0000 0.2000E-04 0.1000E+01
1815 0.1956E+00 0.5721E+03 0.1383E-05 0.8324E+01 0.1312E+06 0.2074E+02  7.872 0.0000 0.2000E-04 0.1000E+01
1820 0.2000E+00 0.5685E+03 0.1345E-05 0.8316E+01 0.1308E+06 0.2079E+02  7.863 0.0000 0.2000E-04 0.1000E+01
1820 0.2000E+00 0.5685E+03 0.1345E-05 0.8316E+01 0.1308E+06 0.2079E+02  7.863 0.0000 0.2000E-04 0.1000E+01
1825 0.2049E+00 0.5646E+03 0.1306E-05 0.8308E+01 0.1303E+06 0.2085E+02  7.854 0.0000 0.2000E-04 0.1000E+01
1830 0.2100E+00 0.5606E+03 0.1268E-05 0.8301E+01 0.1298E+06 0.2091E+02  7.845 0.0000 0.2000E-04 0.1000E+01
1835 0.2152E+00 0.5567E+03 0.1230E-05 0.8293E+01 0.1293E+06 0.2096E+02  7.835 0.0000 0.2000E-04 0.1000E+01
1840 0.2206E+00 0.5529E+03 0.1194E-05 0.8285E+01 0.1288E+06 0.2102E+02  7.826 0.0000 0.2000E-04 0.1000E+01
1845 0.2261E+00 0.5490E+03 0.1159E-05 0.8278E+01 0.1284E+06 0.2108E+02  7.817 0.0000 0.2000E-04 0.1000E+01
1850 0.2317E+00 0.5452E+03 0.1125E-05 0.8270E+01 0.1279E+06 0.2114E+02  7.807 0.0000 0.2000E-04 0.1000E+01
1855 0.2375E+00 0.5413E+03 0.1092E-05 0.8262E+01 0.1274E+06 0.2119E+02  7.798 0.0000 0.2000E-04 0.1000E+01
1860 0.2435E+00 0.5375E+03 0.1059E-05 0.8255E+01 0.1269E+06 0.2125E+02  7.789 0.0000 0.2000E-04 0.1000E+01
1865 0.2496E+00 0.5337E+03 0.1028E-05 0.8247E+01 0.1264E+06 0.2130E+02  7.779 0.0000 0.2000E-04 0.1000E+01
1866 0.2500E+00 0.5334E+03 0.1026E-05 0.8247E+01 0.1264E+06 0.2131E+02  7.779 0.0000 0.2000E-04 0.1000E+01
1870 0.2550E+00 0.5304E+03 0.1001E-05 0.8241E+01 0.1260E+06 0.2135E+02  7.771 0.0000 0.2000E-04 0.1000E+01
1875 0.2614E+00 0.5266E+03 0.9710E-06 0.8233E+01 0.1255E+06 0.2141E+02  7.762 0.0000 0.2000E-04 0.1000E+01
1880 0.2680E+00 0.5229E+03 0.9418E-06 0.8226E+01 0.1251E+06 0.2147E+02  7.752 0.0000 0.2000E-04 0.1000E+01
1885 0.2748E+00 0.5191E+03 0.9134E-06 0.8218E+01 0.1246E+06 0.2152E+02  7.743 0.0000 0.2000E-04 0.1000E+01
1890 0.2817E+00 0.5154E+03 0.8857E-06 0.8211E+01 0.1241E+06 0.2158E+02  7.734 0.0000 0.2000E-04 0.1000E+01
1895 0.2889E+00 0.5116E+03 0.8589E-06 0.8204E+01 0.1237E+06 0.2163E+02  7.724 0.0000 0.2000E-04 0.1000E+01
1900 0.2962E+00 0.5079E+03 0.8327E-06 0.8197E+01 0.1232E+06 0.2169E+02  7.715 0.0000 0.2000E-04 0.1000E+01
1903 0.3000E+00 0.5060E+03 0.8197E-06 0.8193E+01 0.1229E+06 0.2172E+02  7.710 0.0000 0.2000E-04 0.1000E+01
1905 0.3030E+00 0.5046E+03 0.8096E-06 0.8190E+01 0.1228E+06 0.2174E+02  7.707 0.0000 0.2000E-04 0.1000E+01
1910 0.3108E+00 0.5009E+03 0.7849E-06 0.8183E+01 0.1223E+06 0.2179E+02  7.697 0.0000 0.2000E-04 0.1000E+01
1915 0.3187E+00 0.4972E+03 0.7608E-06 0.8176E+01 0.1218E+06 0.2185E+02  7.688 0.0000 0.2000E-04 0.1000E+01
1920 0.3269E+00 0.4936E+03 0.7374E-06 0.8169E+01 0.1213E+06 0.2190E+02  7.679 0.0000 0.2000E-04 0.1000E+01
1925 0.3352E+00 0.4899E+03 0.7147E-06 0.8161E+01 0.1209E+06 0.2196E+02  7.669 0.0000 0.2000E-04 0.1000E+01
1930 0.3439E+00 0.4863E+03 0.6926E-06 0.8154E+01 0.1204E+06 0.2201E+02  7.660 0.0000 0.2000E-04 0.1000E+01
1934 0.3500E+00 0.4838E+03 0.6776E-06 0.8150E+01 0.1201E+06 0.2205E+02  7.654 0.0000 0.2000E-04 0.1000E+01
1935 0.3518E+00 0.4831E+03 0.6734E-06 0.8148E+01 0.1200E+06 0.2206E+02  7.652 0.0000 0.2000E-04 0.1000E+01
1940 0.3609E+00 0.4795E+03 0.6525E-06 0.8141E+01 0.1195E+06 0.2212E+02  7.642 0.0000 0.2000E-04 0.1000E+01
1945 0.3702E+00 0.4759E+03 0.6323E-06 0.8134E+01 0.1191E+06 0.2217E+02  7.633 0.0000 0.2000E-04 0.1000E+01
1950 0.3798E+00 0.4724E+03 0.6127E-06 0.8127E+01 0.1186E+06 0.2222E+02  7.624 0.0000 0.2000E-04 0.1000E+01
1955 0.3896E+00 0.4689E+03 0.5937E-06 0.8120E+01 0.1181E+06 0.2228E+02  7.614 0.0000 0.2000E-04 0.1000E+01
1960 0.3998E+00 0.4654E+03 0.5753E-06 0.8114E+01 0.1177E+06 0.2233E+02  7.605 0.0000 0.2000E-04 0.1000E+01
1961 0.4000E+00 0.4653E+03 0.5749E-06 0.8113E+01 0.1177E+06 0.2233E+02  7.605 0.0000 0.2000E-04 0.1000E+01
1965 0.4083E+00 0.4626E+03 0.5607E-06 0.8108E+01 0.1173E+06 0.2238E+02  7.598 0.0000 0.2000E-04 0.1000E+01
1970 0.4189E+00 0.4592E+03 0.5433E-06 0.8101E+01 0.1168E+06 0.2243E+02  7.588 0.0000 0.2000E-04 0.1000E+01
1975 0.4299E+00 0.4557E+03 0.5264E-06 0.8095E+01 0.1164E+06 0.2248E+02  7.579 0.0000 0.2000E-04 0.1000E+01
1980 0.4411E+00 0.4523E+03 0.5100E-06 0.8088E+01 0.1159E+06 0.2254E+02  7.570 0.0000 0.2000E-04 0.1000E+01
1984 0.4500E+00 0.4497E+03 0.4977E-06 0.8083E+01 0.1156E+06 0.2258E+02  7.563 0.0000 0.2000E-04 0.1000E+01
1985 0.4523E+00 0.4490E+03 0.4946E-06 0.8081E+01 0.1155E+06 0.2259E+02  7.561 0.0000 0.2000E-04 0.1000E+01
1990 0.4642E+00 0.4457E+03 0.4791E-06 0.8075E+01 0.1150E+06 0.2264E+02  7.551 0.0000 0.2000E-04 0.1000E+01
1995 0.4764E+00 0.4424E+03 0.4642E-06 0.8068E+01 0.1146E+06 0.2269E+02  7.542 0.0000 0.2000E-04 0.1000E+01
2000 0.4889E+00 0.4390E+03 0.4498E-06 0.8062E+01 0.1141E+06 0.2275E+02  7.533 0.0000 0.2000E-04 0.1000E+01
2005 0.5000E+00 0.4362E+03 0.4376E-06 0.8056E+01 0.1137E+06 0.2279E+02  7.525 0.0000 0.2000E-04 0.1000E+01
2005 0.5000E+00 0.4362E+03 0.4376E-06 0.8056E+01 0.1137E+06 0.2279E+02  7.525 0.0000 0.2000E-04 0.1000E+01
2010 0.5132E+00 0.4329E+03 0.4239E-06 0.8050E+01 0.1133E+06 0.2284E+02  7.516 0.0000 0.2000E-04 0.1000E+01
2015 0.5267E+00 0.4297E+03 0.4108E-06 0.8043E+01 0.1128E+06 0.2290E+02  7.506 0.0000 0.2000E-04 0.1000E+01
2020 0.5406E+00 0.4265E+03 0.3980E-06 0.8037E+01 0.1124E+06 0.2295E+02  7.497 0.0000 0.2000E-04 0.1000E+01
2024 0.5500E+00 0.4244E+03 0.3898E-06 0.8033E+01 0.1121E+06 0.2298E+02  7.491 0.0000 0.2000E-04 0.1000E+01
2025 0.5529E+00 0.4238E+03 0.3874E-06 0.8031E+01 0.1120E+06 0.2299E+02  7.489 0.0000 0.2000E-04 0.1000E+01
2030 0.5675E+00 0.4206E+03 0.3753E-06 0.8025E+01 0.1116E+06 0.2304E+02  7.480 0.0000 0.2000E-04 0.1000E+01
2035 0.5826E+00 0.4175E+03 0.3637E-06 0.8019E+01 0.1111E+06 0.2309E+02  7.471 0.0000 0.2000E-04 0.1000E+01
2040 0.5980E+00 0.4143E+03 0.3524E-06 0.8012E+01 0.1107E+06 0.2315E+02  7.461 0.0000 0.2000E-04 0.1000E+01
2041 0.6000E+00 0.4140E+03 0.3510E-06 0.8012E+01 0.1106E+06 0.2315E+02  7.460 0.0000 0.2000E-04 0.1000E+01
2045 0.6127E+00 0.4115E+03 0.3423E-06 0.8007E+01 0.1103E+06 0.2319E+02  7.453 0.0000 0.2000E-04 0.1000E+01
2050 0.6290E+00 0.4084E+03 0.3317E-06 0.8000E+01 0.1098E+06 0.2324E+02  7.444 0.0000 0.2000E-04 0.1000E+01
2055 0.6458E+00 0.4054E+03 0.3215E-06 0.7994E+01 0.1094E+06 0.2330E+02  7.434 0.0000 0.2000E-04 0.1000E+01
2057 0.6500E+00 0.4046E+03 0.3190E-06 0.7993E+01 0.1093E+06 0.2331E+02  7.432 0.0000 0.2000E-04 0.1000E+01
2060 0.6603E+00 0.4028E+03 0.3130E-06 0.7989E+01 0.1090E+06 0.2334E+02  7.427 0.0000 0.2000E-04 0.1000E+01
2065 0.6779E+00 0.3998E+03 0.3034E-06 0.7983E+01 0.1086E+06 0.2339E+02  7.417 0.0000 0.2000E-04 0.1000E+01
2070 0.6960E+00 0.3969E+03 0.2940E-06 0.7977E+01 0.1081E+06 0.2344E+02  7.408 0.0000 0.2000E-04 0.1000E+01
2072 0.7000E+00 0.3962E+03 0.2920E-06 0.7975E+01 0.1080E+06 0.2345E+02  7.406 0.0000 0.2000E-04 0.1000E+01
2075 0.7111E+00 0.3945E+03 0.2865E-06 0.7972E+01 0.1078E+06 0.2348E+02  7.401 0.0000 0.2000E-04 0.1000E+01
2080 0.7301E+00 0.3915E+03 0.2777E-06 0.7966E+01 0.1073E+06 0.2353E+02  7.391 0.0000 0.2000E-04 0.1000E+01
2085 0.7496E+00 0.3886E+03 0.2691E-06 0.7960E+01 0.1069E+06 0.2358E+02  7.382 0.0000 0.2000E-04 0.1000E+01
2086 0.7500E+00 0.3886E+03 0.2689E-06 0.7960E+01 0.1069E+06 0.2358E+02  7.382 0.0000 0.2000E-04 0.1000E+01
2090 0.7660E+00 0.3862E+03 0.2623E-06 0.7955E+01 0.1066E+06 0.2362E+02  7.375 0.0000 0.2000E-04 0.1000E+01
2095 0.7864E+00 0.3834E+03 0.2542E-06 0.7949E+01 0.1061E+06 0.2367E+02  7.365 0.0000 0.2000E-04 0.1000E+01
2099 0.8000E+00 0.3815E+03 0.2491E-06 0.7945E+01 0.1058E+06 0.2371E+02  7.359 0.0000 0.2000E-04 0.1000E+01
2100 0.8042E+00 0.3810E+03 0.2475E-06 0.7944E+01 0.1058E+06 0.2371E+02  7.358 0.0000 0.2000E-04 0.1000E+01
2105 0.8257E+00 0.3781E+03 0.2399E-06 0.7938E+01 0.1053E+06 0.2376E+02  7.348 0.0000 0.2000E-04 0.1000E+01
2110 0.8478E+00 0.3753E+03 0.2325E-06 0.7932E+01 0.1049E+06 0.2381E+02  7.339 0.0000 0.2000E-04 0.1000E+01
2111 0.8500E+00 0.3750E+03 0.2318E-06 0.7931E+01 0.1049E+06 0.2382E+02  7.338 0.0000 0.2000E-04 0.1000E+01
2115 0.8681E+00 0.3728E+03 0.2261E-06 0.7927E+01 0.1045E+06 0.2386E+02  7.331 0.0000 0.2000E-04 0.1000E+01
2120 0.8914E+00 0.3700E+03 0.2191E-06 0.7921E+01 0.1041E+06 0.2391E+02  7.322 0.0000 0.2000E-04 0.1000E+01
2122 0.9000E+00 0.3690E+03 0.2166E-06 0.7919E+01 0.1039E+06 0.2393E+02  7.319 0.0000 0.2000E-04 0.1000E+01
2125 0.9144E+00 0.3674E+03 0.2126E-06 0.7915E+01 0.1037E+06 0.2395E+02  7.313 0.0000 0.2000E-04 0.1000E+01
2130 0.9388E+00 0.3646E+03 0.2060E-06 0.7910E+01 0.1033E+06 0.2400E+02  7.304 0.0000 0.2000E-04 0.1000E+01
2133 0.9500E+00 0.3634E+03 0.2031E-06 0.7907E+01 0.1031E+06 0.2403E+02  7.300 0.0000 0.2000E-04 0.1000E+01
2135 0.9601E+00 0.3623E+03 0.2006E-06 0.7905E+01 0.1029E+06 0.2404E+02  7.296 0.0000 0.2000E-04 0.1000E+01
2140 0.9858E+00 0.3597E+03 0.1944E-06 0.7899E+01 0.1025E+06 0.2409E+02  7.287 0.0000 0.2000E-04 0.1000E+01
2143 0.1000E+01 0.3582E+03 0.1912E-06 0.7896E+01 0.1023E+06 0.2412E+02  7.282 0.0000 0.2000E-04 0.1000E+01
2145 0.1011E+01 0.3571E+03 0.1888E-06 0.7894E+01 0.1021E+06 0.2414E+02  7.278 0.0000 0.2000E-04 0.1000E+01
2150 0.1038E+01 0.3545E+03 0.1830E-06 0.7888E+01 0.1017E+06 0.2419E+02  7.269 0.0000 0.2000E-04 0.1000E+01
2155 0.1065E+01 0.3518E+03 0.1773E-06 0.7883E+01 0.1013E+06 0.2423E+02  7.260 0.0000 0.2000E-04 0.1000E+01
2160 0.1094E+01 0.3492E+03 0.1719E-06 0.7877E+01 0.1008E+06 0.2428E+02  7.251 0.0000 0.2000E-04 0.1000E+01
2165 0.1123E+01 0.3466E+03 0.1666E-06 0.7872E+01 0.1004E+06 0.2433E+02  7.242 0.0000 0.2000E-04 0.1000E+01
2170 0.1153E+01 0.3440E+03 0.1614E-06 0.7866E+01 0.1000E+06 0.2438E+02  7.233 0.0000 0.2000E-04 0.1000E+01
2175 0.1184E+01 0.3415E+03 0.1564E-06 0.7861E+01 0.9960E+05 0.2442E+02  7.224 0.0000 0.2000E-04 0.1000E+01
2180 0.1216E+01 0.3389E+03 0.1516E-06 0.7855E+01 0.9919E+05 0.2447E+02  7.215 0.0000 0.2000E-04 0.1000E+01
2185 0.1248E+01 0.3364E+03 0.1469E-06 0.7850E+01 0.9878E+05 0.2452E+02  7.205 0.0000 0.2000E-04 0.1000E+01
2190 0.1282E+01 0.3339E+03 0.1424E-06 0.7844E+01 0.9837E+05 0.2457E+02  7.196 0.0000 0.2000E-04 0.1000E+01
2195 0.1316E+01 0.3314E+03 0.1380E-06 0.7839E+01 0.9796E+05 0.2461E+02  7.187 0.0000 0.2000E-04 0.1000E+01
2200 0.1352E+01 0.3289E+03 0.1337E-06 0.7834E+01 0.9755E+05 0.2466E+02  7.178 0.0000 0.2000E-04 0.1000E+01
2205 0.1388E+01 0.3264E+03 0.1296E-06 0.7828E+01 0.9715E+05 0.2471E+02  7.169 0.0000 0.2000E-04 0.1000E+01
2210 0.1425E+01 0.3240E+03 0.1255E-06 0.7823E+01 0.9675E+05 0.2475E+02  7.160 0.0000 0.2000E-04 0.1000E+01
2215 0.1463E+01 0.3215E+03 0.1216E-06 0.7818E+01 0.9634E+05 0.2480E+02  7.151 0.0000 0.2000E-04 0.1000E+01
2220 0.1500E+01 0.3193E+03 0.1181E-06 0.7813E+01 0.9597E+05 0.2484E+02  7.142 0.0000 0.2000E-04 0.1000E+01
2220 0.1500E+01 0.3193E+03 0.1181E-06 0.7813E+01 0.9597E+05 0.2484E+02  7.142 0.0000 0.2000E-04 0.1000E+01
2225 0.1540E+01 0.3169E+03 0.1145E-06 0.7808E+01 0.9557E+05 0.2489E+02  7.133 0.0000 0.2000E-04 0.1000E+01
2230 0.1582E+01 0.3145E+03 0.1109E-06 0.7803E+01 0.9517E+05 0.2493E+02  7.124 0.0000 0.2000E-04 0.1000E+01
2235 0.1624E+01 0.3121E+03 0.1075E-06 0.7797E+01 0.9477E+05 0.2498E+02  7.115 0.0000 0.2000E-04 0.1000E+01
2240 0.1668E+01 0.3098E+03 0.1041E-06 0.7792E+01 0.9437E+05 0.2502E+02  7.106 0.0000 0.2000E-04 0.1000E+01
2245 0.1712E+01 0.3074E+03 0.1009E-06 0.7787E+01 0.9398E+05 0.2507E+02  7.097 0.0000 0.2000E-04 0.1000E+01
2250 0.1758E+01 0.3051E+03 0.9779E-07 0.7782E+01 0.9359E+05 0.2511E+02  7.088 0.0000 0.2000E-04 0.1000E+01
2255 0.1805E+01 0.3029E+03 0.9477E-07 0.7777E+01 0.9319E+05 0.2516E+02  7.079 0.0000 0.2000E-04 0.1000E+01
2260 0.1854E+01 0.3006E+03 0.9184E-07 0.7772E+01 0.9280E+05 0.2520E+02  7.070 0.0000 0.2000E-04 0.1000E+01
2265 0.1903E+01 0.2983E+03 0.8901E-07 0.7767E+01 0.9241E+05 0.2525E+02  7.061 0.0000 0.2000E-04 0.1000E+01
2270 0.1954E+01 0.2961E+03 0.8627E-07 0.7762E+01 0.9202E+05 0.2529E+02  7.052 0.0000 0.2000E-04 0.1000E+01
2275 0.2000E+01 0.2942E+03 0.8394E-07 0.7758E+01 0.9169E+05 0.2533E+02  7.045 0.0000 0.2000E-04 0.1000E+01
2275 0.2000E+01 0.2942E+03 0.8394E-07 0.7758E+01 0.9169E+05 0.2533E+02  7.045 0.0000 0.2000E-04 0.1000E+01
2280 0.2053E+01 0.2920E+03 0.8135E-07 0.7753E+01 0.9130E+05 0.2537E+02  7.036 0.0000 0.2000E-04 0.1000E+01
2285 0.2108E+01 0.2898E+03 0.7884E-07 0.7748E+01 0.9092E+05 0.2542E+02  7.027 0.0000 0.2000E-04 0.1000E+01
2290 0.2165E+01 0.2876E+03 0.7639E-07 0.7744E+01 0.9053E+05 0.2546E+02  7.018 0.0000 0.2000E-04 0.1000E+01
2295 0.2225E+01 0.2854E+03 0.7397E-07 0.7739E+01 0.9014E+05 0.2551E+02  7.008 0.0000 0.2000E-04 0.1000E+01
2300 0.2286E+01 0.2832E+03 0.7162E-07 0.7734E+01 0.8974E+05 0.2555E+02  6.999 0.0000 0.2000E-04 0.1000E+01
2305 0.2349E+01 0.2810E+03 0.6936E-07 0.7729E+01 0.8935E+05 0.2560E+02  6.990 0.0000 0.2000E-04 0.1000E+01
2310 0.2414E+01 0.2788E+03 0.6716E-07 0.7724E+01 0.8896E+05 0.2564E+02  6.981 0.0000 0.2000E-04 0.1000E+01
2315 0.2481E+01 0.2767E+03 0.6504E-07 0.7719E+01 0.8857E+05 0.2569E+02  6.972 0.0000 0.2000E-04 0.1000E+01
2317 0.2500E+01 0.2761E+03 0.6445E-07 0.7718E+01 0.8846E+05 0.2570E+02  6.969 0.0000 0.2000E-04 0.1000E+01
2320 0.2541E+01 0.2748E+03 0.6322E-07 0.7715E+01 0.8823E+05 0.2572E+02  6.964 0.0000 0.2000E-04 0.1000E+01
2325 0.2611E+01 0.2727E+03 0.6122E-07 0.7710E+01 0.8784E+05 0.2577E+02  6.954 0.0000 0.2000E-04 0.1000E+01
2330 0.2683E+01 0.2706E+03 0.5930E-07 0.7705E+01 0.8746E+05 0.2581E+02  6.945 0.0000 0.2000E-04 0.1000E+01
2335 0.2757E+01 0.2685E+03 0.5744E-07 0.7701E+01 0.8707E+05 0.2586E+02  6.936 0.0000 0.2000E-04 0.1000E+01
2340 0.2833E+01 0.2665E+03 0.5563E-07 0.7696E+01 0.8669E+05 0.2590E+02  6.927 0.0000 0.2000E-04 0.1000E+01
2345 0.2911E+01 0.2645E+03 0.5388E-07 0.7691E+01 0.8631E+05 0.2594E+02  6.918 0.0000 0.2000E-04 0.1000E+01
2350 0.2992E+01 0.2624E+03 0.5220E-07 0.7687E+01 0.8593E+05 0.2599E+02  6.909 0.0000 0.2000E-04 0.1000E+01
2351 0.3000E+01 0.2622E+03 0.5203E-07 0.7686E+01 0.8589E+05 0.2599E+02  6.908 0.0000 0.2000E-04 0.1000E+01
2355 0.3066E+01 0.2606E+03 0.5072E-07 0.7682E+01 0.8559E+05 0.2602E+02  6.900 0.0000 0.2000E-04 0.1000E+01
2360 0.3150E+01 0.2586E+03 0.4913E-07 0.7678E+01 0.8521E+05 0.2607E+02  6.891 0.0000 0.2000E-04 0.1000E+01
2365 0.3236E+01 0.2567E+03 0.4761E-07 0.7673E+01 0.8484E+05 0.2611E+02  6.882 0.0000 0.2000E-04 0.1000E+01
2370 0.3322E+01 0.2548E+03 0.4618E-07 0.7669E+01 0.8448E+05 0.2615E+02  6.874 0.0000 0.2000E-04 0.1000E+01
2375 0.3409E+01 0.2530E+03 0.4480E-07 0.7665E+01 0.8412E+05 0.2619E+02  6.865 0.0000 0.2000E-04 0.1000E+01
2380 0.3499E+01 0.2511E+03 0.4347E-07 0.7660E+01 0.8376E+05 0.2623E+02  6.856 0.0000 0.2000E-04 0.1000E+01
2381 0.3500E+01 0.2511E+03 0.4345E-07 0.7660E+01 0.8376E+05 0.2623E+02  6.856 0.0000 0.2000E-04 0.1000E+01
2385 0.3573E+01 0.2497E+03 0.4241E-07 0.7657E+01 0.8347E+05 0.2626E+02  6.849 0.0000 0.2000E-04 0.1000E+01
2390 0.3667E+01 0.2478E+03 0.4116E-07 0.7653E+01 0.8312E+05 0.2631E+02  6.840 0.0000 0.2000E-04 0.1000E+01
2395 0.3764E+01 0.2461E+03 0.3995E-07 0.7648E+01 0.8276E+05 0.2635E+02  6.832 0.0000 0.2000E-04 0.1000E+01
2400 0.3862E+01 0.2443E+03 0.3878E-07 0.7644E+01 0.8241E+05 0.2639E+02  6.823 0.0000 0.2000E-04 0.1000E+01
2405 0.3963E+01 0.2426E+03 0.3764E-07 0.7640E+01 0.8206E+05 0.2642E+02  6.814 0.0000 0.2000E-04 0.1000E+01
2407 0.4000E+01 0.2419E+03 0.3724E-07 0.7638E+01 0.8194E+05 0.2644E+02  6.811 0.0000 0.2000E-04 0.1000E+01
2410 0.4062E+01 0.2409E+03 0.3659E-07 0.7636E+01 0.8173E+05 0.2646E+02  6.806 0.0000 0.2000E-04 0.1000E+01
2415 0.4168E+01 0.2392E+03 0.3552E-07 0.7632E+01 0.8138E+05 0.2650E+02  6.797 0.0000 0.2000E-04 0.1000E+01
2420 0.4277E+01 0.2375E+03 0.3449E-07 0.7628E+01 0.8103E+05 0.2654E+02  6.788 0.0000 0.2000E-04 0.1000E+01
2425 0.4388E+01 0.2359E+03 0.3349E-07 0.7624E+01 0.8069E+05 0.2658E+02  6.780 0.0000 0.2000E-04 0.1000E+01
2430 0.4500E+01 0.2342E+03 0.3255E-07 0.7620E+01 0.8035E+05 0.2662E+02  6.771 0.0000 0.2000E-04 0.1000E+01
2430 0.4500E+01 0.2342E+03 0.3255E-07 0.7620E+01 0.8035E+05 0.2662E+02  6.771 0.0000 0.2000E-04 0.1000E+01
2435 0.4617E+01 0.2326E+03 0.3162E-07 0.7616E+01 0.8001E+05 0.2666E+02  6.763 0.0000 0.2000E-04 0.1000E+01
2440 0.4736E+01 0.2310E+03 0.3072E-07 0.7612E+01 0.7967E+05 0.2670E+02  6.754 0.0000 0.2000E-04 0.1000E+01
2445 0.4858E+01 0.2294E+03 0.2985E-07 0.7608E+01 0.7933E+05 0.2673E+02  6.745 0.0000 0.2000E-04 0.1000E+01
2450 0.4983E+01 0.2278E+03 0.2901E-07 0.7604E+01 0.7899E+05 0.2677E+02  6.737 0.0000 0.2000E-04 0.1000E+01
2451 0.5000E+01 0.2276E+03 0.2891E-07 0.7603E+01 0.7895E+05 0.2678E+02  6.736 0.0000 0.2000E-04 0.1000E+01
2455 0.5102E+01 0.2264E+03 0.2825E-07 0.7600E+01 0.7868E+05 0.2681E+02  6.729 0.0000 0.2000E-04 0.1000E+01
2460 0.5233E+01 0.2248E+03 0.2746E-07 0.7596E+01 0.7835E+05 0.2684E+02  6.720 0.0000 0.2000E-04 0.1000E+01
2465 0.5367E+01 0.2233E+03 0.2671E-07 0.7592E+01 0.7801E+05 0.2688E+02  6.712 0.0000 0.2000E-04 0.1000E+01
2470 0.5500E+01 0.2219E+03 0.2600E-07 0.7588E+01 0.7769E+05 0.2692E+02  6.703 0.0000 0.2000E-04 0.1000E+01
2470 0.5500E+01 0.2219E+03 0.2600E-07 0.7588E+01 0.7769E+05 0.2692E+02  6.703 0.0000 0.2000E-04 0.1000E+01
2475 0.5640E+01 0.2204E+03 0.2528E-07 0.7585E+01 0.7736E+05 0.2696E+02  6.695 0.0000 0.2000E-04 0.1000E+01
2480 0.5783E+01 0.2190E+03 0.2460E-07 0.7581E+01 0.7703E+05 0.2699E+02  6.686 0.0000 0.2000E-04 0.1000E+01
2485 0.5929E+01 0.2175E+03 0.2394E-07 0.7577E+01 0.7670E+05 0.2703E+02  6.678 0.0000 0.2000E-04 0.1000E+01
2488 0.6000E+01 0.2169E+03 0.2363E-07 0.7575E+01 0.7654E+05 0.2705E+02  6.674 0.0000 0.2000E-04 0.1000E+01
2490 0.6060E+01 0.2163E+03 0.2338E-07 0.7574E+01 0.7641E+05 0.2706E+02  6.670 0.0000 0.2000E-04 0.1000E+01
2495 0.6212E+01 0.2149E+03 0.2275E-07 0.7570E+01 0.7609E+05 0.2710E+02  6.662 0.0000 0.2000E-04 0.1000E+01
2500 0.6368E+01 0.2135E+03 0.2216E-07 0.7566E+01 0.7576E+05 0.2714E+02  6.653 0.0000 0.2000E-04 0.1000E+01
2505 0.6500E+01 0.2124E+03 0.2168E-07 0.7563E+01 0.7550E+05 0.2717E+02  6.646 0.0000 0.2000E-04 0.1000E+01
2505 0.6500E+01 0.2124E+03 0.2168E-07 0.7563E+01 0.7550E+05 0.2717E+02  6.646 0.0000 0.2000E-04 0.1000E+01
2510 0.6662E+01 0.2110E+03 0.2111E-07 0.7560E+01 0.7517E+05 0.2720E+02  6.638 0.0000 0.2000E-04 0.1000E+01
2515 0.6827E+01 0.2097E+03 0.2056E-07 0.7556E+01 0.7485E+05 0.2724E+02  6.629 0.0000 0.2000E-04 0.1000E+01
2520 0.6996E+01 0.2084E+03 0.2004E-07 0.7552E+01 0.7454E+05 0.2727E+02  6.621 0.0000 0.2000E-04 0.1000E+01
2521 0.7000E+01 0.2084E+03 0.2002E-07 0.7552E+01 0.7453E+05 0.2727E+02  6.620 0.0000 0.2000E-04 0.1000E+01
2525 0.7137E+01 0.2073E+03 0.1962E-07 0.7549E+01 0.7427E+05 0.2730E+02  6.614 0.0000 0.2000E-04 0.1000E+01
2530 0.7313E+01 0.2061E+03 0.1912E-07 0.7546E+01 0.7396E+05 0.2734E+02  6.605 0.0000 0.2000E-04 0.1000E+01
2535 0.7492E+01 0.2048E+03 0.1863E-07 0.7542E+01 0.7364E+05 0.2737E+02  6.597 0.0000 0.2000E-04 0.1000E+01
2536 0.7500E+01 0.2047E+03 0.1861E-07 0.7542E+01 0.7363E+05 0.2738E+02  6.596 0.0000 0.2000E-04 0.1000E+01
2540 0.7646E+01 0.2037E+03 0.1824E-07 0.7539E+01 0.7338E+05 0.2740E+02  6.590 0.0000 0.2000E-04 0.1000E+01
2545 0.7831E+01 0.2025E+03 0.1779E-07 0.7536E+01 0.7307E+05 0.2744E+02  6.581 0.0000 0.2000E-04 0.1000E+01
2550 0.8000E+01 0.2014E+03 0.1739E-07 0.7532E+01 0.7279E+05 0.2747E+02  6.574 0.0000 0.2000E-04 0.1000E+01
2550 0.8000E+01 0.2014E+03 0.1739E-07 0.7532E+01 0.7279E+05 0.2747E+02  6.574 0.0000 0.2000E-04 0.1000E+01
2555 0.8193E+01 0.2002E+03 0.1696E-07 0.7529E+01 0.7248E+05 0.2751E+02  6.565 0.0000 0.2000E-04 0.1000E+01
2560 0.8389E+01 0.1990E+03 0.1655E-07 0.7525E+01 0.7218E+05 0.2754E+02  6.557 0.0000 0.2000E-04 0.1000E+01
2563 0.8500E+01 0.1984E+03 0.1632E-07 0.7524E+01 0.7201E+05 0.2756E+02  6.552 0.0000 0.2000E-04 0.1000E+01
2565 0.8581E+01 0.1979E+03 0.1616E-07 0.7522E+01 0.7188E+05 0.2757E+02  6.549 0.0000 0.2000E-04 0.1000E+01
2570 0.8785E+01 0.1967E+03 0.1577E-07 0.7519E+01 0.7158E+05 0.2761E+02  6.540 0.0000 0.2000E-04 0.1000E+01
2575 0.8993E+01 0.1956E+03 0.1539E-07 0.7515E+01 0.7128E+05 0.2764E+02  6.532 0.0000 0.2000E-04 0.1000E+01
2576 0.9000E+01 0.1955E+03 0.1538E-07 0.7515E+01 0.7127E+05 0.2764E+02  6.532 0.0000 0.2000E-04 0.1000E+01
2580 0.9170E+01 0.1946E+03 0.1508E-07 0.7513E+01 0.7102E+05 0.2767E+02  6.525 0.0000 0.2000E-04 0.1000E+01
2585 0.9385E+01 0.1935E+03 0.1473E-07 0.7509E+01 0.7072E+05 0.2770E+02  6.516 0.0000 0.2000E-04 0.1000E+01
2588 0.9500E+01 0.1929E+03 0.1454E-07 0.7507E+01 0.7057E+05 0.2772E+02  6.512 0.0000 0.2000E-04 0.1000E+01
2590 0.9588E+01 0.1925E+03 0.1441E-07 0.7506E+01 0.7045E+05 0.2773E+02  6.509 0.0000 0.2000E-04 0.1000E+01
2595 0.9812E+01 0.1914E+03 0.1407E-07 0.7503E+01 0.7015E+05 0.2777E+02  6.500 0.0000 0.2000E-04 0.1000E+01
2600 0.1000E+02 0.1905E+03 0.1379E-07 0.7500E+01 0.6990E+05 0.2780E+02  6.493 0.0000 0.2000E-04 0.1000E+01
2600 0.1000E+02 0.1905E+03 0.1379E-07 0.7500E+01 0.6990E+05 0.2780E+02  6.493 0.0000 0.2000E-04 0.1000E+01
