 $INPUT
 IMODEL	=             1
 N	=           120
 MINSTP	=             0
 VEOS	=  1.000000000000000
 ILOOP	=             1
 STATIC	=   F
 FRACT	=  2.5000000000000001E-03
 SHINE	=  0.3000000000000000
 SHAVE	=  9.9999999999999995E-08
 POUT	=  5000000.000000000
 AMETH	=             2
 CMETH	=             1
 NOBOND	=             1
 TBEG	=  5.0000000000000004E-06
 TIMEF	=  5.000000000000000
 DTIMEO	=  5.0000000000000003E-02
 STEPO	=  0.5000000000000000
 LCORR	=   T
 LSTART	=   F
 MAXSTP	=          5000
 SPK	=  11.18000000000000
 STARL	=  0.0000000000000000E+00
 DIST	=  5.200000000000000
 ALB	=  0.3500000000000000
 TEFFS	=  5770.000000000000
 LCONV	=   T
 LTRANS	=   T
 LPOUT	=   F
 LFILL	=   F
 LCONT	=   T
 LBURN	=   T
 MAG	=  'O '
 GAM	=  '7X'
 MASS	=  1.291415000000000
 YHEA	=  0.2500000000000000
 YDI	=  2.0000000000000002E-05
 HB	=  1.000000000000000
 $end

 Gam,Mass,Yhe,Ydi,Dist,starl,alb=  7X   1.291   0.250 0.200E-04 0.520E+01 0.000E+00 0.350E+00
  I  Time(Gyrs) Teff        Lumin      Rad(Gcm)  Tc         Rhoc       S      Ratio  Yd         Yl


  38 0.0000E+00 0.2099E+03 0.9503E-05 0.1622E+03 0.1304E+05 0.1570E-01 11.174 0.0000 0.2000E-04 0.1000E+01
  40 0.1517E-06 0.2044E+03 0.8733E-05 0.1639E+03 0.1298E+05 0.1552E-01 11.176 0.0000 0.2000E-04 0.1000E+01
  45 0.8292E-06 0.2075E+03 0.9172E-05 0.1629E+03 0.1301E+05 0.1562E-01 11.175 0.0000 0.2000E-04 0.1000E+01
  50 0.1337E-05 0.2102E+03 0.9552E-05 0.1621E+03 0.1304E+05 0.1572E-01 11.174 0.0000 0.2000E-04 0.1000E+01
  55 0.1857E-05 0.2130E+03 0.9961E-05 0.1612E+03 0.1307E+05 0.1581E-01 11.174 0.0000 0.2000E-04 0.1000E+01
  60 0.2364E-05 0.2157E+03 0.1037E-04 0.1604E+03 0.1310E+05 0.1591E-01 11.173 0.0000 0.2000E-04 0.1000E+01
  65 0.2998E-05 0.2191E+03 0.1090E-04 0.1593E+03 0.1314E+05 0.1603E-01 11.172 0.0000 0.2000E-04 0.1000E+01
  70 0.3452E-05 0.2183E+03 0.1077E-04 0.1595E+03 0.1313E+05 0.1601E-01 11.172 0.0000 0.2000E-04 0.1000E+01
  75 0.4254E-05 0.2233E+03 0.1157E-04 0.1581E+03 0.1318E+05 0.1618E-01 11.171 0.0000 0.2000E-04 0.1000E+01
  80 0.4647E-05 0.2202E+03 0.1108E-04 0.1589E+03 0.1315E+05 0.1608E-01 11.172 0.0000 0.2000E-04 0.1000E+01
  85 0.5475E-05 0.2252E+03 0.1189E-04 0.1575E+03 0.1320E+05 0.1625E-01 11.170 0.0000 0.2000E-04 0.1000E+01
  90 0.7177E-05 0.2362E+03 0.1377E-04 0.1542E+03 0.1332E+05 0.1665E-01 11.167 0.0000 0.2000E-04 0.1000E+01
  95 0.7746E-05 0.2397E+03 0.1442E-04 0.1531E+03 0.1336E+05 0.1679E-01 11.166 0.0000 0.2000E-04 0.1000E+01
 100 0.8221E-05 0.2428E+03 0.1499E-04 0.1521E+03 0.1340E+05 0.1691E-01 11.165 0.0000 0.2000E-04 0.1000E+01
 105 0.8763E-05 0.2463E+03 0.1565E-04 0.1511E+03 0.1343E+05 0.1705E-01 11.164 0.0000 0.2000E-04 0.1000E+01
 110 0.9426E-05 0.2508E+03 0.1653E-04 0.1498E+03 0.1349E+05 0.1722E-01 11.163 0.0000 0.2000E-04 0.1000E+01
 115 0.9840E-05 0.2521E+03 0.1680E-04 0.1494E+03 0.1350E+05 0.1728E-01 11.162 0.0000 0.2000E-04 0.1000E+01
 120 0.1024E-04 0.2524E+03 0.1684E-04 0.1493E+03 0.1350E+05 0.1729E-01 11.162 0.0000 0.2000E-04 0.1000E+01
 125 0.1071E-04 0.2556E+03 0.1750E-04 0.1483E+03 0.1354E+05 0.1742E-01 11.161 0.0000 0.2000E-04 0.1000E+01
 130 0.1120E-04 0.2591E+03 0.1821E-04 0.1473E+03 0.1358E+05 0.1756E-01 11.160 0.0000 0.2000E-04 0.1000E+01
 135 0.1244E-04 0.2684E+03 0.2022E-04 0.1446E+03 0.1369E+05 0.1796E-01 11.157 0.0000 0.2000E-04 0.1000E+01
 140 0.1289E-04 0.2719E+03 0.2098E-04 0.1436E+03 0.1373E+05 0.1811E-01 11.155 0.0000 0.2000E-04 0.1000E+01
 145 0.1338E-04 0.2756E+03 0.2182E-04 0.1425E+03 0.1377E+05 0.1827E-01 11.154 0.0000 0.2000E-04 0.1000E+01
 150 0.1391E-04 0.2797E+03 0.2277E-04 0.1413E+03 0.1382E+05 0.1846E-01 11.152 0.0000 0.2000E-04 0.1000E+01
 155 0.1496E-04 0.2884E+03 0.2484E-04 0.1389E+03 0.1393E+05 0.1886E-01 11.149 0.0000 0.2000E-04 0.1000E+01
 160 0.1540E-04 0.2921E+03 0.2574E-04 0.1378E+03 0.1397E+05 0.1903E-01 11.148 0.0000 0.2000E-04 0.1000E+01
 165 0.1585E-04 0.2959E+03 0.2670E-04 0.1367E+03 0.1402E+05 0.1922E-01 11.146 0.0000 0.2000E-04 0.1000E+01
 170 0.1629E-04 0.2998E+03 0.2768E-04 0.1356E+03 0.1407E+05 0.1941E-01 11.144 0.0000 0.2000E-04 0.1000E+01
 175 0.1681E-04 0.3042E+03 0.2880E-04 0.1344E+03 0.1413E+05 0.1963E-01 11.143 0.0000 0.2000E-04 0.1000E+01
 180 0.1722E-04 0.3082E+03 0.2984E-04 0.1333E+03 0.1418E+05 0.1983E-01 11.141 0.0000 0.2000E-04 0.1000E+01
 185 0.1766E-04 0.3121E+03 0.3088E-04 0.1322E+03 0.1423E+05 0.2003E-01 11.139 0.0000 0.2000E-04 0.1000E+01
 190 0.1826E-04 0.3176E+03 0.3235E-04 0.1307E+03 0.1430E+05 0.2031E-01 11.137 0.0000 0.2000E-04 0.1000E+01
 195 0.1868E-04 0.3215E+03 0.3343E-04 0.1296E+03 0.1435E+05 0.2053E-01 11.135 0.0000 0.2000E-04 0.1000E+01
 200 0.1910E-04 0.3257E+03 0.3459E-04 0.1285E+03 0.1440E+05 0.2075E-01 11.133 0.0000 0.2000E-04 0.1000E+01
 205 0.1953E-04 0.3299E+03 0.3578E-04 0.1273E+03 0.1446E+05 0.2099E-01 11.131 0.0000 0.2000E-04 0.1000E+01
 210 0.1998E-04 0.3341E+03 0.3696E-04 0.1262E+03 0.1452E+05 0.2123E-01 11.129 0.0000 0.2000E-04 0.1000E+01
 215 0.2041E-04 0.3385E+03 0.3823E-04 0.1250E+03 0.1458E+05 0.2148E-01 11.127 0.0000 0.2000E-04 0.1000E+01
 220 0.2087E-04 0.3430E+03 0.3952E-04 0.1238E+03 0.1464E+05 0.2175E-01 11.125 0.0000 0.2000E-04 0.1000E+01
 225 0.2132E-04 0.3475E+03 0.4082E-04 0.1226E+03 0.1470E+05 0.2202E-01 11.123 0.0000 0.2000E-04 0.1000E+01
 230 0.2175E-04 0.3519E+03 0.4213E-04 0.1214E+03 0.1476E+05 0.2229E-01 11.120 0.0000 0.2000E-04 0.1000E+01
 235 0.2221E-04 0.3565E+03 0.4349E-04 0.1202E+03 0.1482E+05 0.2258E-01 11.118 0.0000 0.2000E-04 0.1000E+01
 240 0.2270E-04 0.3614E+03 0.4496E-04 0.1190E+03 0.1489E+05 0.2289E-01 11.115 0.0000 0.2000E-04 0.1000E+01
 245 0.2312E-04 0.3660E+03 0.4634E-04 0.1178E+03 0.1496E+05 0.2319E-01 11.113 0.0000 0.2000E-04 0.1000E+01
 250 0.2357E-04 0.3705E+03 0.4772E-04 0.1166E+03 0.1503E+05 0.2350E-01 11.110 0.0000 0.2000E-04 0.1000E+01
 255 0.2416E-04 0.3766E+03 0.4958E-04 0.1151E+03 0.1511E+05 0.2391E-01 11.107 0.0000 0.2000E-04 0.1000E+01
 260 0.2465E-04 0.3817E+03 0.5116E-04 0.1138E+03 0.1519E+05 0.2426E-01 11.104 0.0000 0.2000E-04 0.1000E+01
 265 0.2509E-04 0.3865E+03 0.5266E-04 0.1125E+03 0.1526E+05 0.2461E-01 11.101 0.0000 0.2000E-04 0.1000E+01
 270 0.2556E-04 0.3914E+03 0.5416E-04 0.1113E+03 0.1534E+05 0.2497E-01 11.098 0.0000 0.2000E-04 0.1000E+01
 275 0.2602E-04 0.3965E+03 0.5575E-04 0.1100E+03 0.1541E+05 0.2536E-01 11.095 0.0000 0.2000E-04 0.1000E+01
 280 0.2650E-04 0.4017E+03 0.5738E-04 0.1088E+03 0.1549E+05 0.2576E-01 11.092 0.0000 0.2000E-04 0.1000E+01
 285 0.2714E-04 0.4103E+03 0.6006E-04 0.1067E+03 0.1563E+05 0.2644E-01 11.086 0.0000 0.2000E-04 0.1000E+01
 290 0.2761E-04 0.4154E+03 0.6169E-04 0.1054E+03 0.1571E+05 0.2687E-01 11.083 0.0000 0.2000E-04 0.1000E+01
 295 0.2808E-04 0.4207E+03 0.6334E-04 0.1042E+03 0.1579E+05 0.2731E-01 11.079 0.0000 0.2000E-04 0.1000E+01
 300 0.2857E-04 0.4261E+03 0.6501E-04 0.1029E+03 0.1588E+05 0.2778E-01 11.076 0.0000 0.2000E-04 0.1000E+01
 305 0.2906E-04 0.4316E+03 0.6671E-04 0.1016E+03 0.1597E+05 0.2828E-01 11.072 0.0000 0.2000E-04 0.1000E+01
 310 0.2956E-04 0.4377E+03 0.6862E-04 0.1003E+03 0.1606E+05 0.2881E-01 11.068 0.0000 0.2000E-04 0.1000E+01
 315 0.3001E-04 0.4425E+03 0.7010E-04 0.9908E+02 0.1615E+05 0.2929E-01 11.064 0.0000 0.2000E-04 0.1000E+01
 320 0.3052E-04 0.4482E+03 0.7185E-04 0.9778E+02 0.1624E+05 0.2984E-01 11.060 0.0000 0.2000E-04 0.1000E+01
 325 0.3102E-04 0.4538E+03 0.7357E-04 0.9650E+02 0.1634E+05 0.3041E-01 11.056 0.0000 0.2000E-04 0.1000E+01
 330 0.3170E-04 0.4605E+03 0.7558E-04 0.9499E+02 0.1645E+05 0.3111E-01 11.051 0.0000 0.2000E-04 0.1000E+01
 335 0.3222E-04 0.4664E+03 0.7735E-04 0.9370E+02 0.1655E+05 0.3173E-01 11.046 0.0000 0.2000E-04 0.1000E+01
 340 0.3275E-04 0.4723E+03 0.7914E-04 0.9241E+02 0.1666E+05 0.3238E-01 11.042 0.0000 0.2000E-04 0.1000E+01
 345 0.3328E-04 0.4792E+03 0.8118E-04 0.9102E+02 0.1677E+05 0.3310E-01 11.036 0.0000 0.2000E-04 0.1000E+01
 350 0.3377E-04 0.4842E+03 0.8264E-04 0.8984E+02 0.1687E+05 0.3375E-01 11.032 0.0000 0.2000E-04 0.1000E+01
 355 0.3434E-04 0.4905E+03 0.8444E-04 0.8852E+02 0.1698E+05 0.3450E-01 11.027 0.0000 0.2000E-04 0.1000E+01
 360 0.3489E-04 0.4966E+03 0.8621E-04 0.8723E+02 0.1709E+05 0.3526E-01 11.022 0.0000 0.2000E-04 0.1000E+01
 365 0.3547E-04 0.5030E+03 0.8801E-04 0.8592E+02 0.1721E+05 0.3608E-01 11.017 0.0000 0.2000E-04 0.1000E+01
 370 0.3605E-04 0.5093E+03 0.8973E-04 0.8463E+02 0.1732E+05 0.3691E-01 11.011 0.0000 0.2000E-04 0.1000E+01
 375 0.3664E-04 0.5158E+03 0.9149E-04 0.8332E+02 0.1745E+05 0.3780E-01 11.005 0.0000 0.2000E-04 0.1000E+01
 380 0.3724E-04 0.5224E+03 0.9328E-04 0.8202E+02 0.1757E+05 0.3873E-01 11.000 0.0000 0.2000E-04 0.1000E+01
 385 0.3784E-04 0.5289E+03 0.9502E-04 0.8074E+02 0.1769E+05 0.3969E-01 10.994 0.0000 0.2000E-04 0.1000E+01
 390 0.3844E-04 0.5355E+03 0.9672E-04 0.7946E+02 0.1782E+05 0.4069E-01 10.987 0.0000 0.2000E-04 0.1000E+01
 395 0.3906E-04 0.5423E+03 0.9845E-04 0.7819E+02 0.1795E+05 0.4174E-01 10.981 0.0000 0.2000E-04 0.1000E+01
 400 0.3966E-04 0.5490E+03 0.1002E-03 0.7694E+02 0.1808E+05 0.4282E-01 10.975 0.0000 0.2000E-04 0.1000E+01
 405 0.4031E-04 0.5559E+03 0.1018E-03 0.7566E+02 0.1822E+05 0.4398E-01 10.968 0.0000 0.2000E-04 0.1000E+01
 410 0.4105E-04 0.5627E+03 0.1035E-03 0.7445E+02 0.1835E+05 0.4514E-01 10.962 0.0000 0.2000E-04 0.1000E+01
 415 0.4170E-04 0.5697E+03 0.1052E-03 0.7321E+02 0.1849E+05 0.4639E-01 10.955 0.0000 0.2000E-04 0.1000E+01
 420 0.4239E-04 0.5769E+03 0.1068E-03 0.7195E+02 0.1863E+05 0.4772E-01 10.948 0.0000 0.2000E-04 0.1000E+01
 425 0.4307E-04 0.5841E+03 0.1084E-03 0.7071E+02 0.1877E+05 0.4911E-01 10.940 0.0000 0.2000E-04 0.1000E+01
 430 0.4377E-04 0.5914E+03 0.1100E-03 0.6948E+02 0.1892E+05 0.5057E-01 10.933 0.0000 0.2000E-04 0.1000E+01
 435 0.4448E-04 0.5988E+03 0.1115E-03 0.6825E+02 0.1907E+05 0.5211E-01 10.925 0.0000 0.2000E-04 0.1000E+01
 440 0.4521E-04 0.6064E+03 0.1131E-03 0.6703E+02 0.1923E+05 0.5372E-01 10.917 0.0000 0.2000E-04 0.1000E+01
 445 0.4595E-04 0.6140E+03 0.1147E-03 0.6583E+02 0.1938E+05 0.5542E-01 10.909 0.0000 0.2000E-04 0.1000E+01
 450 0.4671E-04 0.6217E+03 0.1162E-03 0.6462E+02 0.1954E+05 0.5721E-01 10.901 0.0000 0.2000E-04 0.1000E+01
 455 0.4747E-04 0.6295E+03 0.1177E-03 0.6345E+02 0.1970E+05 0.5907E-01 10.893 0.0000 0.2000E-04 0.1000E+01
 460 0.4826E-04 0.6374E+03 0.1191E-03 0.6226E+02 0.1987E+05 0.6107E-01 10.884 0.0000 0.2000E-04 0.1000E+01
 465 0.4906E-04 0.6454E+03 0.1206E-03 0.6110E+02 0.2003E+05 0.6316E-01 10.875 0.0000 0.2000E-04 0.1000E+01
 470 0.4989E-04 0.6536E+03 0.1221E-03 0.5994E+02 0.2020E+05 0.6537E-01 10.866 0.0000 0.2000E-04 0.1000E+01
 475 0.5075E-04 0.6620E+03 0.1235E-03 0.5876E+02 0.2037E+05 0.6774E-01 10.857 0.0000 0.2000E-04 0.1000E+01
 480 0.5158E-04 0.6701E+03 0.1248E-03 0.5766E+02 0.2054E+05 0.7014E-01 10.848 0.0000 0.2000E-04 0.1000E+01
 485 0.5245E-04 0.6786E+03 0.1262E-03 0.5652E+02 0.2072E+05 0.7275E-01 10.838 0.0000 0.2000E-04 0.1000E+01
 490 0.5333E-04 0.6870E+03 0.1274E-03 0.5542E+02 0.2090E+05 0.7543E-01 10.828 0.0000 0.2000E-04 0.1000E+01
 495 0.5419E-04 0.6961E+03 0.1287E-03 0.5429E+02 0.2108E+05 0.7838E-01 10.817 0.0000 0.2000E-04 0.1000E+01
 500 0.5509E-04 0.7039E+03 0.1297E-03 0.5326E+02 0.2125E+05 0.8126E-01 10.808 0.0000 0.2000E-04 0.1000E+01
 505 0.5608E-04 0.7127E+03 0.1307E-03 0.5215E+02 0.2144E+05 0.8458E-01 10.797 0.0000 0.2000E-04 0.1000E+01
 510 0.5707E-04 0.7214E+03 0.1316E-03 0.5107E+02 0.2163E+05 0.8810E-01 10.786 0.0000 0.2000E-04 0.1000E+01
 515 0.5804E-04 0.7299E+03 0.1323E-03 0.5003E+02 0.2182E+05 0.9184E-01 10.775 0.0000 0.2000E-04 0.1000E+01
 520 0.5905E-04 0.7381E+03 0.1328E-03 0.4902E+02 0.2200E+05 0.9584E-01 10.765 0.0000 0.2000E-04 0.1000E+01
 525 0.6006E-04 0.7462E+03 0.1332E-03 0.4802E+02 0.2219E+05 0.1002E+00 10.754 0.0000 0.2000E-04 0.1000E+01
 530 0.6108E-04 0.7541E+03 0.1334E-03 0.4705E+02 0.2237E+05 0.1050E+00 10.743 0.0000 0.2000E-04 0.1000E+01
 535 0.6211E-04 0.7619E+03 0.1334E-03 0.4610E+02 0.2256E+05 0.1104E+00 10.732 0.0000 0.2000E-04 0.1000E+01
 540 0.6315E-04 0.7697E+03 0.1333E-03 0.4515E+02 0.2276E+05 0.1165E+00 10.721 0.0000 0.2000E-04 0.1000E+01
 545 0.6421E-04 0.7775E+03 0.1330E-03 0.4420E+02 0.2297E+05 0.1236E+00 10.710 0.0000 0.2000E-04 0.1000E+01
 550 0.6528E-04 0.7855E+03 0.1326E-03 0.4324E+02 0.2321E+05 0.1315E+00 10.699 0.0000 0.2000E-04 0.1000E+01
 555 0.6637E-04 0.7939E+03 0.1321E-03 0.4225E+02 0.2348E+05 0.1410E+00 10.688 0.0000 0.2000E-04 0.1000E+01
 560 0.6748E-04 0.8031E+03 0.1316E-03 0.4122E+02 0.2382E+05 0.1523E+00 10.677 0.0000 0.2000E-04 0.1000E+01
 565 0.6860E-04 0.8132E+03 0.1311E-03 0.4012E+02 0.2424E+05 0.1657E+00 10.667 0.0000 0.2000E-04 0.1000E+01
 570 0.6963E-04 0.8235E+03 0.1306E-03 0.3905E+02 0.2474E+05 0.1801E+00 10.657 0.0000 0.2000E-04 0.1000E+01
 575 0.7058E-04 0.8340E+03 0.1302E-03 0.3801E+02 0.2531E+05 0.1948E+00 10.648 0.0000 0.2000E-04 0.1000E+01
 580 0.7150E-04 0.8443E+03 0.1297E-03 0.3702E+02 0.2595E+05 0.2095E+00 10.640 0.0000 0.2000E-04 0.1000E+01
 585 0.7246E-04 0.8549E+03 0.1291E-03 0.3602E+02 0.2664E+05 0.2248E+00 10.632 0.0000 0.2000E-04 0.1000E+01
 590 0.7353E-04 0.8654E+03 0.1281E-03 0.3502E+02 0.2734E+05 0.2406E+00 10.623 0.0000 0.2000E-04 0.1000E+01
 595 0.7479E-04 0.8760E+03 0.1267E-03 0.3399E+02 0.2808E+05 0.2572E+00 10.612 0.0000 0.2000E-04 0.1000E+01
 600 0.7615E-04 0.8853E+03 0.1249E-03 0.3304E+02 0.2876E+05 0.2727E+00 10.601 0.0000 0.2000E-04 0.1000E+01
 605 0.7755E-04 0.8932E+03 0.1229E-03 0.3220E+02 0.2935E+05 0.2867E+00 10.590 0.0000 0.2000E-04 0.1000E+01
 610 0.7901E-04 0.9000E+03 0.1208E-03 0.3144E+02 0.2988E+05 0.2995E+00 10.580 0.0000 0.2000E-04 0.1000E+01
 615 0.8051E-04 0.9058E+03 0.1185E-03 0.3075E+02 0.3035E+05 0.3116E+00 10.569 0.0000 0.2000E-04 0.1000E+01
 620 0.8207E-04 0.9107E+03 0.1162E-03 0.3012E+02 0.3077E+05 0.3229E+00 10.558 0.0000 0.2000E-04 0.1000E+01
 625 0.8368E-04 0.9152E+03 0.1139E-03 0.2953E+02 0.3116E+05 0.3338E+00 10.547 0.0000 0.2000E-04 0.1000E+01
 630 0.8535E-04 0.9190E+03 0.1116E-03 0.2898E+02 0.3151E+05 0.3441E+00 10.536 0.0000 0.2000E-04 0.1000E+01
 635 0.8707E-04 0.9223E+03 0.1092E-03 0.2847E+02 0.3183E+05 0.3540E+00 10.525 0.0000 0.2000E-04 0.1000E+01
 640 0.8884E-04 0.9252E+03 0.1069E-03 0.2799E+02 0.3212E+05 0.3636E+00 10.514 0.0000 0.2000E-04 0.1000E+01
 645 0.9066E-04 0.9278E+03 0.1046E-03 0.2754E+02 0.3239E+05 0.3729E+00 10.503 0.0000 0.2000E-04 0.1000E+01
 650 0.9254E-04 0.9300E+03 0.1024E-03 0.2711E+02 0.3265E+05 0.3820E+00 10.492 0.0000 0.2000E-04 0.1000E+01
 655 0.9447E-04 0.9320E+03 0.1002E-03 0.2670E+02 0.3288E+05 0.3909E+00 10.482 0.0000 0.2000E-04 0.1000E+01
 660 0.9646E-04 0.9337E+03 0.9794E-04 0.2631E+02 0.3310E+05 0.3996E+00 10.471 0.0000 0.2000E-04 0.1000E+01
 665 0.9851E-04 0.9352E+03 0.9578E-04 0.2593E+02 0.3332E+05 0.4082E+00 10.460 0.0000 0.2000E-04 0.1000E+01
 670 0.1006E-03 0.9365E+03 0.9366E-04 0.2557E+02 0.3352E+05 0.4166E+00 10.449 0.0000 0.2000E-04 0.1000E+01
 675 0.1028E-03 0.9376E+03 0.9158E-04 0.2523E+02 0.3370E+05 0.4249E+00 10.438 0.0000 0.2000E-04 0.1000E+01
 680 0.1050E-03 0.9384E+03 0.8955E-04 0.2490E+02 0.3388E+05 0.4330E+00 10.427 0.0000 0.2000E-04 0.1000E+01
 685 0.1073E-03 0.9393E+03 0.8756E-04 0.2458E+02 0.3406E+05 0.4411E+00 10.416 0.0000 0.2000E-04 0.1000E+01
 690 0.1097E-03 0.9399E+03 0.8560E-04 0.2427E+02 0.3423E+05 0.4491E+00 10.406 0.0000 0.2000E-04 0.1000E+01
 695 0.1121E-03 0.9404E+03 0.8369E-04 0.2397E+02 0.3438E+05 0.4571E+00 10.395 0.0000 0.2000E-04 0.1000E+01
 700 0.1146E-03 0.9407E+03 0.8182E-04 0.2368E+02 0.3454E+05 0.4649E+00 10.384 0.0000 0.2000E-04 0.1000E+01
 705 0.1172E-03 0.9409E+03 0.7998E-04 0.2341E+02 0.3469E+05 0.4727E+00 10.373 0.0000 0.2000E-04 0.1000E+01
 710 0.1198E-03 0.9410E+03 0.7817E-04 0.2314E+02 0.3484E+05 0.4804E+00 10.362 0.0000 0.2000E-04 0.1000E+01
 715 0.1226E-03 0.9409E+03 0.7640E-04 0.2288E+02 0.3498E+05 0.4880E+00 10.351 0.0000 0.2000E-04 0.1000E+01
 720 0.1253E-03 0.9407E+03 0.7465E-04 0.2262E+02 0.3511E+05 0.4956E+00 10.340 0.0000 0.2000E-04 0.1000E+01
 725 0.1282E-03 0.9404E+03 0.7293E-04 0.2238E+02 0.3524E+05 0.5031E+00 10.329 0.0000 0.2000E-04 0.1000E+01
 730 0.1312E-03 0.9399E+03 0.7124E-04 0.2214E+02 0.3537E+05 0.5106E+00 10.318 0.0000 0.2000E-04 0.1000E+01
 735 0.1342E-03 0.9393E+03 0.6958E-04 0.2191E+02 0.3549E+05 0.5180E+00 10.308 0.0000 0.2000E-04 0.1000E+01
 740 0.1373E-03 0.9385E+03 0.6794E-04 0.2168E+02 0.3561E+05 0.5253E+00 10.297 0.0000 0.2000E-04 0.1000E+01
 745 0.1406E-03 0.9376E+03 0.6632E-04 0.2146E+02 0.3572E+05 0.5326E+00 10.286 0.0000 0.2000E-04 0.1000E+01
 750 0.1439E-03 0.9366E+03 0.6473E-04 0.2125E+02 0.3583E+05 0.5398E+00 10.275 0.0000 0.2000E-04 0.1000E+01
 755 0.1473E-03 0.9354E+03 0.6317E-04 0.2105E+02 0.3593E+05 0.5470E+00 10.264 0.0000 0.2000E-04 0.1000E+01
 760 0.1508E-03 0.9341E+03 0.6163E-04 0.2085E+02 0.3603E+05 0.5541E+00 10.253 0.0000 0.2000E-04 0.1000E+01
 765 0.1544E-03 0.9327E+03 0.6011E-04 0.2065E+02 0.3613E+05 0.5612E+00 10.242 0.0000 0.2000E-04 0.1000E+01
 770 0.1581E-03 0.9311E+03 0.5861E-04 0.2046E+02 0.3622E+05 0.5682E+00 10.231 0.0000 0.2000E-04 0.1000E+01
 775 0.1619E-03 0.9294E+03 0.5713E-04 0.2028E+02 0.3630E+05 0.5752E+00 10.220 0.0000 0.2000E-04 0.1000E+01
 780 0.1658E-03 0.9276E+03 0.5568E-04 0.2010E+02 0.3638E+05 0.5821E+00 10.209 0.0000 0.2000E-04 0.1000E+01
 785 0.1699E-03 0.9256E+03 0.5425E-04 0.1992E+02 0.3646E+05 0.5890E+00 10.198 0.0000 0.2000E-04 0.1000E+01
 790 0.1740E-03 0.9236E+03 0.5285E-04 0.1975E+02 0.3654E+05 0.5959E+00 10.187 0.0000 0.2000E-04 0.1000E+01
 795 0.1783E-03 0.9214E+03 0.5147E-04 0.1958E+02 0.3661E+05 0.6027E+00 10.176 0.0000 0.2000E-04 0.1000E+01
 800 0.1827E-03 0.9192E+03 0.5012E-04 0.1942E+02 0.3669E+05 0.6095E+00 10.165 0.0000 0.2000E-04 0.1000E+01
 805 0.1872E-03 0.9168E+03 0.4879E-04 0.1926E+02 0.3675E+05 0.6163E+00 10.154 0.0000 0.2000E-04 0.1000E+01
 810 0.1919E-03 0.9143E+03 0.4748E-04 0.1910E+02 0.3681E+05 0.6230E+00 10.143 0.0000 0.2000E-04 0.1000E+01
 815 0.1967E-03 0.9116E+03 0.4617E-04 0.1895E+02 0.3687E+05 0.6298E+00 10.132 0.0000 0.2000E-04 0.1000E+01
 820 0.2017E-03 0.9088E+03 0.4490E-04 0.1880E+02 0.3693E+05 0.6364E+00 10.121 0.0000 0.2000E-04 0.1000E+01
 825 0.2068E-03 0.9060E+03 0.4365E-04 0.1865E+02 0.3698E+05 0.6431E+00 10.110 0.0000 0.2000E-04 0.1000E+01
 830 0.2120E-03 0.9032E+03 0.4244E-04 0.1851E+02 0.3703E+05 0.6497E+00 10.099 0.0000 0.2000E-04 0.1000E+01
 835 0.2174E-03 0.9003E+03 0.4127E-04 0.1836E+02 0.3708E+05 0.6564E+00 10.088 0.0000 0.2000E-04 0.1000E+01
 840 0.2230E-03 0.8974E+03 0.4012E-04 0.1823E+02 0.3713E+05 0.6630E+00 10.077 0.0000 0.2000E-04 0.1000E+01
 845 0.2287E-03 0.8945E+03 0.3902E-04 0.1809E+02 0.3717E+05 0.6695E+00 10.066 0.0000 0.2000E-04 0.1000E+01
 850 0.2346E-03 0.8915E+03 0.3795E-04 0.1796E+02 0.3721E+05 0.6761E+00 10.055 0.0000 0.2000E-04 0.1000E+01
 855 0.2407E-03 0.8886E+03 0.3691E-04 0.1783E+02 0.3725E+05 0.6826E+00 10.044 0.0000 0.2000E-04 0.1000E+01
 860 0.2470E-03 0.8856E+03 0.3590E-04 0.1770E+02 0.3728E+05 0.6891E+00 10.033 0.0000 0.2000E-04 0.1000E+01
 865 0.2534E-03 0.8826E+03 0.3491E-04 0.1758E+02 0.3731E+05 0.6956E+00 10.022 0.0000 0.2000E-04 0.1000E+01
 870 0.2601E-03 0.8796E+03 0.3396E-04 0.1745E+02 0.3734E+05 0.7021E+00 10.011 0.0000 0.2000E-04 0.1000E+01
 875 0.2669E-03 0.8766E+03 0.3304E-04 0.1733E+02 0.3737E+05 0.7086E+00 10.000 0.0000 0.2000E-04 0.1000E+01
 880 0.2740E-03 0.8736E+03 0.3214E-04 0.1721E+02 0.3739E+05 0.7150E+00  9.988 0.0000 0.2000E-04 0.1000E+01
 885 0.2812E-03 0.8705E+03 0.3127E-04 0.1710E+02 0.3742E+05 0.7214E+00  9.977 0.0000 0.2000E-04 0.1000E+01
 890 0.2886E-03 0.8675E+03 0.3042E-04 0.1698E+02 0.3744E+05 0.7277E+00  9.966 0.0000 0.2000E-04 0.1000E+01
 895 0.2963E-03 0.8644E+03 0.2959E-04 0.1687E+02 0.3746E+05 0.7341E+00  9.955 0.0000 0.2000E-04 0.1000E+01
 900 0.3041E-03 0.8613E+03 0.2879E-04 0.1676E+02 0.3747E+05 0.7404E+00  9.944 0.0000 0.2000E-04 0.1000E+01
 905 0.3122E-03 0.8581E+03 0.2802E-04 0.1665E+02 0.3749E+05 0.7467E+00  9.933 0.0000 0.2000E-04 0.1000E+01
 910 0.3205E-03 0.8550E+03 0.2726E-04 0.1655E+02 0.3750E+05 0.7530E+00  9.922 0.0000 0.2000E-04 0.1000E+01
 915 0.3291E-03 0.8518E+03 0.2653E-04 0.1645E+02 0.3751E+05 0.7593E+00  9.911 0.0000 0.2000E-04 0.1000E+01
 920 0.3379E-03 0.8487E+03 0.2581E-04 0.1634E+02 0.3751E+05 0.7655E+00  9.900 0.0000 0.2000E-04 0.1000E+01
 925 0.3469E-03 0.8455E+03 0.2512E-04 0.1625E+02 0.3752E+05 0.7717E+00  9.889 0.0000 0.2000E-04 0.1000E+01
 930 0.3562E-03 0.8424E+03 0.2445E-04 0.1615E+02 0.3752E+05 0.7779E+00  9.878 0.0000 0.2000E-04 0.1000E+01
 935 0.3657E-03 0.8390E+03 0.2378E-04 0.1605E+02 0.3752E+05 0.7840E+00  9.867 0.0000 0.2000E-04 0.1000E+01
 940 0.3756E-03 0.8357E+03 0.2313E-04 0.1596E+02 0.3752E+05 0.7901E+00  9.856 0.0000 0.2000E-04 0.1000E+01
 945 0.3856E-03 0.8324E+03 0.2250E-04 0.1587E+02 0.3752E+05 0.7962E+00  9.845 0.0000 0.2000E-04 0.1000E+01
 950 0.3960E-03 0.8291E+03 0.2190E-04 0.1577E+02 0.3751E+05 0.8023E+00  9.834 0.0000 0.2000E-04 0.1000E+01
 955 0.4067E-03 0.8258E+03 0.2131E-04 0.1569E+02 0.3750E+05 0.8084E+00  9.823 0.0000 0.2000E-04 0.1000E+01
 960 0.4176E-03 0.8225E+03 0.2074E-04 0.1560E+02 0.3749E+05 0.8145E+00  9.812 0.0000 0.2000E-04 0.1000E+01
 965 0.4289E-03 0.8193E+03 0.2019E-04 0.1551E+02 0.3748E+05 0.8206E+00  9.801 0.0000 0.2000E-04 0.1000E+01
 970 0.4404E-03 0.8161E+03 0.1966E-04 0.1543E+02 0.3747E+05 0.8266E+00  9.790 0.0000 0.2000E-04 0.1000E+01
 975 0.4523E-03 0.8130E+03 0.1915E-04 0.1534E+02 0.3745E+05 0.8326E+00  9.778 0.0000 0.2000E-04 0.1000E+01
 980 0.4644E-03 0.8098E+03 0.1865E-04 0.1526E+02 0.3744E+05 0.8386E+00  9.767 0.0000 0.2000E-04 0.1000E+01
 985 0.4769E-03 0.8067E+03 0.1817E-04 0.1518E+02 0.3742E+05 0.8446E+00  9.756 0.0000 0.2000E-04 0.1000E+01
 990 0.4897E-03 0.8036E+03 0.1771E-04 0.1510E+02 0.3740E+05 0.8506E+00  9.745 0.0000 0.2000E-04 0.1000E+01
 995 0.5028E-03 0.8005E+03 0.1725E-04 0.1502E+02 0.3738E+05 0.8565E+00  9.734 0.0000 0.2000E-04 0.1000E+01
1000 0.5162E-03 0.7974E+03 0.1681E-04 0.1494E+02 0.3736E+05 0.8625E+00  9.723 0.0000 0.2000E-04 0.1000E+01
1005 0.5300E-03 0.7943E+03 0.1638E-04 0.1487E+02 0.3733E+05 0.8685E+00  9.712 0.0000 0.2000E-04 0.1000E+01
1010 0.5442E-03 0.7912E+03 0.1597E-04 0.1479E+02 0.3730E+05 0.8745E+00  9.701 0.0000 0.2000E-04 0.1000E+01
1015 0.5587E-03 0.7881E+03 0.1556E-04 0.1472E+02 0.3727E+05 0.8806E+00  9.690 0.0000 0.2000E-04 0.1000E+01
1020 0.5735E-03 0.7849E+03 0.1516E-04 0.1464E+02 0.3724E+05 0.8866E+00  9.679 0.0000 0.2000E-04 0.1000E+01
1025 0.5888E-03 0.7818E+03 0.1477E-04 0.1457E+02 0.3721E+05 0.8926E+00  9.668 0.0000 0.2000E-04 0.1000E+01
1030 0.6044E-03 0.7785E+03 0.1438E-04 0.1450E+02 0.3718E+05 0.8986E+00  9.657 0.0000 0.2000E-04 0.1000E+01
1035 0.6205E-03 0.7751E+03 0.1400E-04 0.1443E+02 0.3714E+05 0.9046E+00  9.646 0.0000 0.2000E-04 0.1000E+01
1040 0.6370E-03 0.7717E+03 0.1362E-04 0.1436E+02 0.3711E+05 0.9105E+00  9.635 0.0000 0.2000E-04 0.1000E+01
1045 0.6539E-03 0.7683E+03 0.1325E-04 0.1429E+02 0.3707E+05 0.9165E+00  9.624 0.0000 0.2000E-04 0.1000E+01
1050 0.6713E-03 0.7649E+03 0.1289E-04 0.1422E+02 0.3703E+05 0.9224E+00  9.613 0.0000 0.2000E-04 0.1000E+01
1055 0.6891E-03 0.7614E+03 0.1254E-04 0.1416E+02 0.3699E+05 0.9284E+00  9.602 0.0000 0.2000E-04 0.1000E+01
1060 0.7075E-03 0.7579E+03 0.1220E-04 0.1409E+02 0.3695E+05 0.9343E+00  9.591 0.0000 0.2000E-04 0.1000E+01
1065 0.7263E-03 0.7544E+03 0.1186E-04 0.1403E+02 0.3691E+05 0.9402E+00  9.580 0.0000 0.2000E-04 0.1000E+01
1070 0.7456E-03 0.7508E+03 0.1154E-04 0.1396E+02 0.3688E+05 0.9459E+00  9.569 0.0000 0.2000E-04 0.1000E+01
1075 0.7655E-03 0.7472E+03 0.1121E-04 0.1390E+02 0.3684E+05 0.9519E+00  9.558 0.0000 0.2000E-04 0.1000E+01
1080 0.7859E-03 0.7436E+03 0.1090E-04 0.1384E+02 0.3679E+05 0.9577E+00  9.547 0.0000 0.2000E-04 0.1000E+01
1085 0.8069E-03 0.7399E+03 0.1059E-04 0.1377E+02 0.3675E+05 0.9636E+00  9.536 0.0000 0.2000E-04 0.1000E+01
1090 0.8285E-03 0.7363E+03 0.1029E-04 0.1371E+02 0.3670E+05 0.9694E+00  9.525 0.0000 0.2000E-04 0.1000E+01
1095 0.8507E-03 0.7326E+03 0.1000E-04 0.1365E+02 0.3665E+05 0.9753E+00  9.514 0.0000 0.2000E-04 0.1000E+01
1100 0.8735E-03 0.7288E+03 0.9714E-05 0.1360E+02 0.3660E+05 0.9811E+00  9.503 0.0000 0.2000E-04 0.1000E+01
1105 0.8969E-03 0.7251E+03 0.9435E-05 0.1354E+02 0.3655E+05 0.9869E+00  9.492 0.0000 0.2000E-04 0.1000E+01
1110 0.9210E-03 0.7214E+03 0.9164E-05 0.1348E+02 0.3650E+05 0.9927E+00  9.481 0.0000 0.2000E-04 0.1000E+01
1115 0.9458E-03 0.7175E+03 0.8892E-05 0.1342E+02 0.3645E+05 0.9984E+00  9.470 0.0000 0.2000E-04 0.1000E+01
1120 0.9713E-03 0.7136E+03 0.8629E-05 0.1337E+02 0.3640E+05 0.1004E+01  9.459 0.0000 0.2000E-04 0.1000E+01
1125 0.9975E-03 0.7097E+03 0.8375E-05 0.1331E+02 0.3635E+05 0.1010E+01  9.448 0.0000 0.2000E-04 0.1000E+01
1130 0.1025E-02 0.7060E+03 0.8132E-05 0.1326E+02 0.3629E+05 0.1016E+01  9.437 0.0000 0.2000E-04 0.1000E+01
1135 0.1052E-02 0.7022E+03 0.7897E-05 0.1320E+02 0.3624E+05 0.1021E+01  9.426 0.0000 0.2000E-04 0.1000E+01
1140 0.1081E-02 0.6986E+03 0.7671E-05 0.1315E+02 0.3618E+05 0.1027E+01  9.415 0.0000 0.2000E-04 0.1000E+01
1145 0.1110E-02 0.6949E+03 0.7453E-05 0.1310E+02 0.3613E+05 0.1032E+01  9.404 0.0000 0.2000E-04 0.1000E+01
1150 0.1140E-02 0.6913E+03 0.7242E-05 0.1305E+02 0.3607E+05 0.1038E+01  9.394 0.0000 0.2000E-04 0.1000E+01
1155 0.1171E-02 0.6878E+03 0.7039E-05 0.1300E+02 0.3601E+05 0.1044E+01  9.383 0.0000 0.2000E-04 0.1000E+01
1160 0.1203E-02 0.6842E+03 0.6841E-05 0.1295E+02 0.3595E+05 0.1049E+01  9.372 0.0000 0.2000E-04 0.1000E+01
1165 0.1235E-02 0.6807E+03 0.6650E-05 0.1290E+02 0.3589E+05 0.1055E+01  9.361 0.0000 0.2000E-04 0.1000E+01
1170 0.1269E-02 0.6772E+03 0.6464E-05 0.1285E+02 0.3583E+05 0.1060E+01  9.350 0.0000 0.2000E-04 0.1000E+01
1175 0.1303E-02 0.6737E+03 0.6283E-05 0.1280E+02 0.3577E+05 0.1066E+01  9.339 0.0000 0.2000E-04 0.1000E+01
1180 0.1339E-02 0.6702E+03 0.6108E-05 0.1275E+02 0.3571E+05 0.1072E+01  9.328 0.0000 0.2000E-04 0.1000E+01
1185 0.1375E-02 0.6666E+03 0.5933E-05 0.1270E+02 0.3564E+05 0.1077E+01  9.317 0.0000 0.2000E-04 0.1000E+01
1190 0.1412E-02 0.6630E+03 0.5763E-05 0.1265E+02 0.3558E+05 0.1083E+01  9.306 0.0000 0.2000E-04 0.1000E+01
1195 0.1451E-02 0.6594E+03 0.5597E-05 0.1261E+02 0.3551E+05 0.1088E+01  9.295 0.0000 0.2000E-04 0.1000E+01
1200 0.1490E-02 0.6558E+03 0.5436E-05 0.1256E+02 0.3545E+05 0.1093E+01  9.284 0.0000 0.2000E-04 0.1000E+01
1205 0.1531E-02 0.6522E+03 0.5279E-05 0.1252E+02 0.3538E+05 0.1099E+01  9.273 0.0000 0.2000E-04 0.1000E+01
1210 0.1572E-02 0.6486E+03 0.5127E-05 0.1247E+02 0.3531E+05 0.1105E+01  9.262 0.0000 0.2000E-04 0.1000E+01
1215 0.1615E-02 0.6450E+03 0.4978E-05 0.1243E+02 0.3523E+05 0.1110E+01  9.251 0.0000 0.2000E-04 0.1000E+01
1220 0.1659E-02 0.6414E+03 0.4833E-05 0.1238E+02 0.3516E+05 0.1116E+01  9.241 0.0000 0.2000E-04 0.1000E+01
1225 0.1704E-02 0.6378E+03 0.4692E-05 0.1234E+02 0.3509E+05 0.1121E+01  9.230 0.0000 0.2000E-04 0.1000E+01
1230 0.1751E-02 0.6342E+03 0.4555E-05 0.1229E+02 0.3502E+05 0.1127E+01  9.219 0.0000 0.2000E-04 0.1000E+01
1235 0.1799E-02 0.6306E+03 0.4420E-05 0.1225E+02 0.3494E+05 0.1132E+01  9.208 0.0000 0.2000E-04 0.1000E+01
1240 0.1848E-02 0.6270E+03 0.4289E-05 0.1221E+02 0.3487E+05 0.1138E+01  9.197 0.0000 0.2000E-04 0.1000E+01
1245 0.1898E-02 0.6233E+03 0.4162E-05 0.1217E+02 0.3479E+05 0.1143E+01  9.186 0.0000 0.2000E-04 0.1000E+01
1250 0.1950E-02 0.6196E+03 0.4035E-05 0.1213E+02 0.3471E+05 0.1149E+01  9.175 0.0000 0.2000E-04 0.1000E+01
1255 0.2004E-02 0.6158E+03 0.3912E-05 0.1209E+02 0.3464E+05 0.1154E+01  9.164 0.0000 0.2000E-04 0.1000E+01
1260 0.2059E-02 0.6121E+03 0.3793E-05 0.1204E+02 0.3456E+05 0.1159E+01  9.153 0.0000 0.2000E-04 0.1000E+01
1265 0.2116E-02 0.6084E+03 0.3677E-05 0.1200E+02 0.3448E+05 0.1165E+01  9.142 0.0000 0.2000E-04 0.1000E+01
1270 0.2174E-02 0.6047E+03 0.3564E-05 0.1196E+02 0.3440E+05 0.1170E+01  9.132 0.0000 0.2000E-04 0.1000E+01
1275 0.2235E-02 0.6009E+03 0.3455E-05 0.1193E+02 0.3432E+05 0.1175E+01  9.121 0.0000 0.2000E-04 0.1000E+01
1280 0.2297E-02 0.5972E+03 0.3348E-05 0.1189E+02 0.3424E+05 0.1181E+01  9.110 0.0000 0.2000E-04 0.1000E+01
1285 0.2361E-02 0.5935E+03 0.3243E-05 0.1185E+02 0.3416E+05 0.1186E+01  9.099 0.0000 0.2000E-04 0.1000E+01
1290 0.2428E-02 0.5897E+03 0.3141E-05 0.1181E+02 0.3408E+05 0.1191E+01  9.088 0.0000 0.2000E-04 0.1000E+01
1295 0.2498E-02 0.5859E+03 0.3041E-05 0.1177E+02 0.3400E+05 0.1196E+01  9.077 0.0000 0.2000E-04 0.1000E+01
1300 0.2569E-02 0.5822E+03 0.2945E-05 0.1173E+02 0.3391E+05 0.1202E+01  9.065 0.0000 0.2000E-04 0.1000E+01
1305 0.2642E-02 0.5784E+03 0.2852E-05 0.1170E+02 0.3383E+05 0.1207E+01  9.054 0.0000 0.2000E-04 0.1000E+01
1310 0.2718E-02 0.5747E+03 0.2761E-05 0.1166E+02 0.3374E+05 0.1212E+01  9.043 0.0000 0.2000E-04 0.1000E+01
1315 0.2796E-02 0.5710E+03 0.2673E-05 0.1162E+02 0.3366E+05 0.1217E+01  9.032 0.0000 0.2000E-04 0.1000E+01
1320 0.2876E-02 0.5673E+03 0.2589E-05 0.1158E+02 0.3357E+05 0.1222E+01  9.021 0.0000 0.2000E-04 0.1000E+01
1325 0.2959E-02 0.5637E+03 0.2507E-05 0.1155E+02 0.3349E+05 0.1227E+01  9.010 0.0000 0.2000E-04 0.1000E+01
1328 0.3000E-02 0.5619E+03 0.2468E-05 0.1153E+02 0.3345E+05 0.1229E+01  9.005 0.0000 0.2000E-04 0.1000E+01
1330 0.3034E-02 0.5604E+03 0.2437E-05 0.1152E+02 0.3341E+05 0.1231E+01  9.000 0.0000 0.2000E-04 0.1000E+01
1335 0.3121E-02 0.5569E+03 0.2361E-05 0.1148E+02 0.3333E+05 0.1236E+01  8.989 0.0000 0.2000E-04 0.1000E+01
1340 0.3211E-02 0.5534E+03 0.2288E-05 0.1145E+02 0.3324E+05 0.1241E+01  8.978 0.0000 0.2000E-04 0.1000E+01
1345 0.3304E-02 0.5499E+03 0.2218E-05 0.1141E+02 0.3315E+05 0.1246E+01  8.967 0.0000 0.2000E-04 0.1000E+01
1350 0.3398E-02 0.5465E+03 0.2151E-05 0.1138E+02 0.3306E+05 0.1251E+01  8.956 0.0000 0.2000E-04 0.1000E+01
1355 0.3496E-02 0.5431E+03 0.2085E-05 0.1134E+02 0.3297E+05 0.1255E+01  8.945 0.0000 0.2000E-04 0.1000E+01
1360 0.3596E-02 0.5397E+03 0.2022E-05 0.1131E+02 0.3288E+05 0.1260E+01  8.934 0.0000 0.2000E-04 0.1000E+01
1365 0.3700E-02 0.5363E+03 0.1960E-05 0.1128E+02 0.3279E+05 0.1265E+01  8.923 0.0000 0.2000E-04 0.1000E+01
1370 0.3805E-02 0.5330E+03 0.1901E-05 0.1125E+02 0.3270E+05 0.1269E+01  8.912 0.0000 0.2000E-04 0.1000E+01
1375 0.3913E-02 0.5297E+03 0.1844E-05 0.1121E+02 0.3262E+05 0.1274E+01  8.901 0.0000 0.2000E-04 0.1000E+01
1380 0.4024E-02 0.5264E+03 0.1788E-05 0.1118E+02 0.3253E+05 0.1278E+01  8.890 0.0000 0.2000E-04 0.1000E+01
1385 0.4139E-02 0.5232E+03 0.1735E-05 0.1115E+02 0.3243E+05 0.1283E+01  8.879 0.0000 0.2000E-04 0.1000E+01
1390 0.4256E-02 0.5199E+03 0.1683E-05 0.1112E+02 0.3234E+05 0.1287E+01  8.868 0.0000 0.2000E-04 0.1000E+01
1395 0.4377E-02 0.5167E+03 0.1632E-05 0.1109E+02 0.3225E+05 0.1292E+01  8.857 0.0000 0.2000E-04 0.1000E+01
1400 0.4501E-02 0.5135E+03 0.1583E-05 0.1106E+02 0.3216E+05 0.1296E+01  8.846 0.0000 0.2000E-04 0.1000E+01
1405 0.4629E-02 0.5103E+03 0.1536E-05 0.1103E+02 0.3207E+05 0.1300E+01  8.835 0.0000 0.2000E-04 0.1000E+01
1410 0.4761E-02 0.5071E+03 0.1489E-05 0.1100E+02 0.3197E+05 0.1305E+01  8.824 0.0000 0.2000E-04 0.1000E+01
1415 0.4897E-02 0.5039E+03 0.1444E-05 0.1097E+02 0.3188E+05 0.1309E+01  8.813 0.0000 0.2000E-04 0.1000E+01
1420 0.5036E-02 0.5007E+03 0.1401E-05 0.1094E+02 0.3179E+05 0.1313E+01  8.802 0.0000 0.2000E-04 0.1000E+01
1425 0.5179E-02 0.4975E+03 0.1358E-05 0.1091E+02 0.3169E+05 0.1317E+01  8.791 0.0000 0.2000E-04 0.1000E+01
1430 0.5327E-02 0.4944E+03 0.1317E-05 0.1088E+02 0.3160E+05 0.1322E+01  8.780 0.0000 0.2000E-04 0.1000E+01
1435 0.5479E-02 0.4913E+03 0.1277E-05 0.1085E+02 0.3150E+05 0.1326E+01  8.770 0.0000 0.2000E-04 0.1000E+01
1440 0.5635E-02 0.4881E+03 0.1238E-05 0.1082E+02 0.3141E+05 0.1330E+01  8.759 0.0000 0.2000E-04 0.1000E+01
1445 0.5795E-02 0.4850E+03 0.1201E-05 0.1079E+02 0.3131E+05 0.1334E+01  8.748 0.0000 0.2000E-04 0.1000E+01
1450 0.5961E-02 0.4819E+03 0.1164E-05 0.1077E+02 0.3121E+05 0.1338E+01  8.737 0.0000 0.2000E-04 0.1000E+01
1455 0.6131E-02 0.4787E+03 0.1128E-05 0.1074E+02 0.3112E+05 0.1342E+01  8.726 0.0000 0.2000E-04 0.1000E+01
1460 0.6307E-02 0.4756E+03 0.1093E-05 0.1071E+02 0.3102E+05 0.1346E+01  8.715 0.0000 0.2000E-04 0.1000E+01
1465 0.6488E-02 0.4725E+03 0.1060E-05 0.1068E+02 0.3092E+05 0.1350E+01  8.704 0.0000 0.2000E-04 0.1000E+01
1470 0.6675E-02 0.4694E+03 0.1027E-05 0.1066E+02 0.3082E+05 0.1354E+01  8.692 0.0000 0.2000E-04 0.1000E+01
1475 0.6867E-02 0.4663E+03 0.9947E-06 0.1063E+02 0.3073E+05 0.1358E+01  8.681 0.0000 0.2000E-04 0.1000E+01
1480 0.7064E-02 0.4632E+03 0.9637E-06 0.1060E+02 0.3063E+05 0.1361E+01  8.670 0.0000 0.2000E-04 0.1000E+01
1485 0.7268E-02 0.4601E+03 0.9336E-06 0.1057E+02 0.3053E+05 0.1365E+01  8.659 0.0000 0.2000E-04 0.1000E+01
1490 0.7478E-02 0.4571E+03 0.9045E-06 0.1055E+02 0.3044E+05 0.1368E+01  8.648 0.0000 0.2000E-04 0.1000E+01
1495 0.7693E-02 0.4540E+03 0.8762E-06 0.1052E+02 0.3034E+05 0.1371E+01  8.637 0.0000 0.2000E-04 0.1000E+01
1500 0.7915E-02 0.4510E+03 0.8489E-06 0.1050E+02 0.3025E+05 0.1375E+01  8.626 0.0000 0.2000E-04 0.1000E+01
1505 0.8142E-02 0.4480E+03 0.8223E-06 0.1047E+02 0.3015E+05 0.1378E+01  8.615 0.0000 0.2000E-04 0.1000E+01
1510 0.8377E-02 0.4450E+03 0.7966E-06 0.1044E+02 0.3006E+05 0.1382E+01  8.604 0.0000 0.2000E-04 0.1000E+01
1515 0.8618E-02 0.4420E+03 0.7716E-06 0.1042E+02 0.2996E+05 0.1385E+01  8.593 0.0000 0.2000E-04 0.1000E+01
1520 0.8865E-02 0.4390E+03 0.7473E-06 0.1039E+02 0.2986E+05 0.1388E+01  8.582 0.0000 0.2000E-04 0.1000E+01
1525 0.9119E-02 0.4360E+03 0.7239E-06 0.1037E+02 0.2977E+05 0.1392E+01  8.571 0.0000 0.2000E-04 0.1000E+01
1530 0.9378E-02 0.4331E+03 0.7013E-06 0.1034E+02 0.2967E+05 0.1395E+01  8.560 0.0000 0.2000E-04 0.1000E+01
1535 0.9645E-02 0.4302E+03 0.6795E-06 0.1032E+02 0.2958E+05 0.1398E+01  8.549 0.0000 0.2000E-04 0.1000E+01
1540 0.9919E-02 0.4273E+03 0.6583E-06 0.1030E+02 0.2948E+05 0.1402E+01  8.538 0.0000 0.2000E-04 0.1000E+01
1545 0.1020E-01 0.4244E+03 0.6377E-06 0.1027E+02 0.2938E+05 0.1405E+01  8.528 0.0000 0.2000E-04 0.1000E+01
1550 0.1049E-01 0.4216E+03 0.6177E-06 0.1025E+02 0.2929E+05 0.1408E+01  8.517 0.0000 0.2000E-04 0.1000E+01
1555 0.1079E-01 0.4187E+03 0.5983E-06 0.1022E+02 0.2919E+05 0.1412E+01  8.506 0.0000 0.2000E-04 0.1000E+01
1560 0.1110E-01 0.4158E+03 0.5796E-06 0.1020E+02 0.2909E+05 0.1415E+01  8.495 0.0000 0.2000E-04 0.1000E+01
1565 0.1142E-01 0.4130E+03 0.5613E-06 0.1018E+02 0.2899E+05 0.1418E+01  8.484 0.0000 0.2000E-04 0.1000E+01
1570 0.1174E-01 0.4102E+03 0.5436E-06 0.1015E+02 0.2890E+05 0.1422E+01  8.473 0.0000 0.2000E-04 0.1000E+01
1575 0.1208E-01 0.4073E+03 0.5263E-06 0.1013E+02 0.2880E+05 0.1425E+01  8.462 0.0000 0.2000E-04 0.1000E+01
1580 0.1242E-01 0.4045E+03 0.5096E-06 0.1011E+02 0.2870E+05 0.1428E+01  8.451 0.0000 0.2000E-04 0.1000E+01
1585 0.1278E-01 0.4017E+03 0.4933E-06 0.1009E+02 0.2860E+05 0.1432E+01  8.440 0.0000 0.2000E-04 0.1000E+01
1590 0.1315E-01 0.3989E+03 0.4775E-06 0.1006E+02 0.2850E+05 0.1435E+01  8.430 0.0000 0.2000E-04 0.1000E+01
1595 0.1353E-01 0.3961E+03 0.4622E-06 0.1004E+02 0.2840E+05 0.1439E+01  8.419 0.0000 0.2000E-04 0.1000E+01
1600 0.1392E-01 0.3934E+03 0.4479E-06 0.1002E+02 0.2830E+05 0.1442E+01  8.408 0.0000 0.2000E-04 0.1000E+01
1605 0.1432E-01 0.3910E+03 0.4348E-06 0.9996E+01 0.2821E+05 0.1445E+01  8.397 0.0000 0.2000E-04 0.1000E+01
1610 0.1473E-01 0.3885E+03 0.4220E-06 0.9974E+01 0.2811E+05 0.1448E+01  8.386 0.0000 0.2000E-04 0.1000E+01
1615 0.1515E-01 0.3860E+03 0.4095E-06 0.9952E+01 0.2801E+05 0.1451E+01  8.375 0.0000 0.2000E-04 0.1000E+01
1620 0.1558E-01 0.3836E+03 0.3975E-06 0.9930E+01 0.2791E+05 0.1454E+01  8.364 0.0000 0.2000E-04 0.1000E+01
1625 0.1603E-01 0.3810E+03 0.3853E-06 0.9908E+01 0.2782E+05 0.1457E+01  8.353 0.0000 0.2000E-04 0.1000E+01
1630 0.1648E-01 0.3786E+03 0.3738E-06 0.9886E+01 0.2772E+05 0.1461E+01  8.342 0.0000 0.2000E-04 0.1000E+01
1635 0.1695E-01 0.3761E+03 0.3628E-06 0.9864E+01 0.2762E+05 0.1464E+01  8.331 0.0000 0.2000E-04 0.1000E+01
1640 0.1743E-01 0.3737E+03 0.3520E-06 0.9843E+01 0.2752E+05 0.1467E+01  8.321 0.0000 0.2000E-04 0.1000E+01
1645 0.1793E-01 0.3713E+03 0.3414E-06 0.9822E+01 0.2742E+05 0.1470E+01  8.310 0.0000 0.2000E-04 0.1000E+01
1650 0.1844E-01 0.3689E+03 0.3312E-06 0.9801E+01 0.2732E+05 0.1474E+01  8.299 0.0000 0.2000E-04 0.1000E+01
1655 0.1896E-01 0.3665E+03 0.3214E-06 0.9780E+01 0.2723E+05 0.1477E+01  8.288 0.0000 0.2000E-04 0.1000E+01
1660 0.1950E-01 0.3641E+03 0.3117E-06 0.9759E+01 0.2713E+05 0.1480E+01  8.277 0.0000 0.2000E-04 0.1000E+01
1665 0.2005E-01 0.3617E+03 0.3025E-06 0.9739E+01 0.2703E+05 0.1484E+01  8.267 0.0000 0.2000E-04 0.1000E+01
1670 0.2062E-01 0.3593E+03 0.2933E-06 0.9718E+01 0.2693E+05 0.1487E+01  8.256 0.0000 0.2000E-04 0.1000E+01
1675 0.2120E-01 0.3570E+03 0.2845E-06 0.9698E+01 0.2683E+05 0.1490E+01  8.245 0.0000 0.2000E-04 0.1000E+01
1680 0.2180E-01 0.3546E+03 0.2758E-06 0.9678E+01 0.2673E+05 0.1494E+01  8.234 0.0000 0.2000E-04 0.1000E+01
1685 0.2241E-01 0.3522E+03 0.2674E-06 0.9657E+01 0.2664E+05 0.1497E+01  8.223 0.0000 0.2000E-04 0.1000E+01
1690 0.2305E-01 0.3499E+03 0.2592E-06 0.9637E+01 0.2654E+05 0.1501E+01  8.213 0.0000 0.2000E-04 0.1000E+01
1695 0.2370E-01 0.3475E+03 0.2512E-06 0.9617E+01 0.2644E+05 0.1504E+01  8.202 0.0000 0.2000E-04 0.1000E+01
1700 0.2437E-01 0.3452E+03 0.2435E-06 0.9597E+01 0.2634E+05 0.1508E+01  8.191 0.0000 0.2000E-04 0.1000E+01
1705 0.2506E-01 0.3428E+03 0.2360E-06 0.9578E+01 0.2624E+05 0.1512E+01  8.180 0.0000 0.2000E-04 0.1000E+01
1710 0.2576E-01 0.3405E+03 0.2287E-06 0.9558E+01 0.2613E+05 0.1515E+01  8.169 0.0000 0.2000E-04 0.1000E+01
1715 0.2649E-01 0.3382E+03 0.2217E-06 0.9539E+01 0.2602E+05 0.1519E+01  8.158 0.0000 0.2000E-04 0.1000E+01
1720 0.2724E-01 0.3359E+03 0.2148E-06 0.9519E+01 0.2591E+05 0.1523E+01  8.148 0.0000 0.2000E-04 0.1000E+01
1725 0.2801E-01 0.3336E+03 0.2081E-06 0.9500E+01 0.2581E+05 0.1527E+01  8.137 0.0000 0.2000E-04 0.1000E+01
1730 0.2881E-01 0.3313E+03 0.2016E-06 0.9481E+01 0.2570E+05 0.1531E+01  8.126 0.0000 0.2000E-04 0.1000E+01
1735 0.2962E-01 0.3290E+03 0.1954E-06 0.9462E+01 0.2559E+05 0.1534E+01  8.115 0.0000 0.2000E-04 0.1000E+01
1740 0.3046E-01 0.3267E+03 0.1893E-06 0.9443E+01 0.2549E+05 0.1538E+01  8.104 0.0000 0.2000E-04 0.1000E+01
1745 0.3132E-01 0.3245E+03 0.1834E-06 0.9424E+01 0.2538E+05 0.1542E+01  8.093 0.0000 0.2000E-04 0.1000E+01
1750 0.3221E-01 0.3222E+03 0.1776E-06 0.9406E+01 0.2528E+05 0.1546E+01  8.082 0.0000 0.2000E-04 0.1000E+01
1755 0.3312E-01 0.3200E+03 0.1721E-06 0.9387E+01 0.2518E+05 0.1550E+01  8.072 0.0000 0.2000E-04 0.1000E+01
1760 0.3406E-01 0.3178E+03 0.1667E-06 0.9369E+01 0.2507E+05 0.1554E+01  8.061 0.0000 0.2000E-04 0.1000E+01
1765 0.3502E-01 0.3156E+03 0.1615E-06 0.9351E+01 0.2497E+05 0.1558E+01  8.050 0.0000 0.2000E-04 0.1000E+01
1770 0.3602E-01 0.3134E+03 0.1564E-06 0.9333E+01 0.2487E+05 0.1561E+01  8.039 0.0000 0.2000E-04 0.1000E+01
1775 0.3704E-01 0.3112E+03 0.1515E-06 0.9314E+01 0.2477E+05 0.1565E+01  8.028 0.0000 0.2000E-04 0.1000E+01
1780 0.3809E-01 0.3090E+03 0.1468E-06 0.9297E+01 0.2467E+05 0.1569E+01  8.017 0.0000 0.2000E-04 0.1000E+01
1785 0.3917E-01 0.3069E+03 0.1422E-06 0.9279E+01 0.2457E+05 0.1573E+01  8.007 0.0000 0.2000E-04 0.1000E+01
1790 0.4028E-01 0.3047E+03 0.1378E-06 0.9261E+01 0.2447E+05 0.1577E+01  7.996 0.0000 0.2000E-04 0.1000E+01
1795 0.4143E-01 0.3026E+03 0.1335E-06 0.9244E+01 0.2437E+05 0.1581E+01  7.985 0.0000 0.2000E-04 0.1000E+01
1800 0.4260E-01 0.3005E+03 0.1293E-06 0.9226E+01 0.2427E+05 0.1585E+01  7.974 0.0000 0.2000E-04 0.1000E+01
1805 0.4381E-01 0.2984E+03 0.1253E-06 0.9209E+01 0.2417E+05 0.1589E+01  7.963 0.0000 0.2000E-04 0.1000E+01
1810 0.4506E-01 0.2964E+03 0.1214E-06 0.9192E+01 0.2406E+05 0.1593E+01  7.952 0.0000 0.2000E-04 0.1000E+01
1815 0.4634E-01 0.2943E+03 0.1176E-06 0.9175E+01 0.2396E+05 0.1597E+01  7.941 0.0000 0.2000E-04 0.1000E+01
1820 0.4765E-01 0.2923E+03 0.1140E-06 0.9158E+01 0.2385E+05 0.1601E+01  7.931 0.0000 0.2000E-04 0.1000E+01
1825 0.4901E-01 0.2902E+03 0.1105E-06 0.9141E+01 0.2375E+05 0.1605E+01  7.920 0.0000 0.2000E-04 0.1000E+01
1829 0.5000E-01 0.2888E+03 0.1080E-06 0.9129E+01 0.2368E+05 0.1608E+01  7.912 0.0000 0.2000E-04 0.1000E+01
1830 0.5028E-01 0.2884E+03 0.1073E-06 0.9126E+01 0.2366E+05 0.1609E+01  7.910 0.0000 0.2000E-04 0.1000E+01
1835 0.5171E-01 0.2864E+03 0.1040E-06 0.9110E+01 0.2356E+05 0.1613E+01  7.899 0.0000 0.2000E-04 0.1000E+01
1840 0.5317E-01 0.2844E+03 0.1008E-06 0.9093E+01 0.2346E+05 0.1617E+01  7.888 0.0000 0.2000E-04 0.1000E+01
1845 0.5468E-01 0.2824E+03 0.9763E-07 0.9077E+01 0.2336E+05 0.1621E+01  7.877 0.0000 0.2000E-04 0.1000E+01
1850 0.5623E-01 0.2805E+03 0.9461E-07 0.9061E+01 0.2326E+05 0.1625E+01  7.866 0.0000 0.2000E-04 0.1000E+01
1855 0.5783E-01 0.2785E+03 0.9167E-07 0.9045E+01 0.2316E+05 0.1629E+01  7.855 0.0000 0.2000E-04 0.1000E+01
1860 0.5947E-01 0.2766E+03 0.8883E-07 0.9029E+01 0.2306E+05 0.1633E+01  7.845 0.0000 0.2000E-04 0.1000E+01
1865 0.6115E-01 0.2746E+03 0.8607E-07 0.9013E+01 0.2297E+05 0.1637E+01  7.834 0.0000 0.2000E-04 0.1000E+01
1870 0.6288E-01 0.2727E+03 0.8340E-07 0.8997E+01 0.2288E+05 0.1641E+01  7.823 0.0000 0.2000E-04 0.1000E+01
1875 0.6466E-01 0.2708E+03 0.8081E-07 0.8982E+01 0.2278E+05 0.1645E+01  7.812 0.0000 0.2000E-04 0.1000E+01
1880 0.6649E-01 0.2689E+03 0.7829E-07 0.8966E+01 0.2269E+05 0.1649E+01  7.801 0.0000 0.2000E-04 0.1000E+01
1885 0.6838E-01 0.2670E+03 0.7585E-07 0.8951E+01 0.2260E+05 0.1653E+01  7.790 0.0000 0.2000E-04 0.1000E+01
1890 0.7000E-01 0.2654E+03 0.7386E-07 0.8938E+01 0.2252E+05 0.1656E+01  7.781 0.0000 0.2000E-04 0.1000E+01
1890 0.7000E-01 0.2654E+03 0.7386E-07 0.8938E+01 0.2252E+05 0.1656E+01  7.781 0.0000 0.2000E-04 0.1000E+01
1895 0.7198E-01 0.2636E+03 0.7156E-07 0.8923E+01 0.2243E+05 0.1660E+01  7.770 0.0000 0.2000E-04 0.1000E+01
1900 0.7402E-01 0.2617E+03 0.6933E-07 0.8908E+01 0.2234E+05 0.1664E+01  7.760 0.0000 0.2000E-04 0.1000E+01
1905 0.7612E-01 0.2599E+03 0.6716E-07 0.8893E+01 0.2226E+05 0.1668E+01  7.749 0.0000 0.2000E-04 0.1000E+01
1910 0.7827E-01 0.2580E+03 0.6506E-07 0.8878E+01 0.2217E+05 0.1671E+01  7.738 0.0000 0.2000E-04 0.1000E+01
1915 0.8049E-01 0.2562E+03 0.6302E-07 0.8863E+01 0.2209E+05 0.1675E+01  7.727 0.0000 0.2000E-04 0.1000E+01
1920 0.8277E-01 0.2544E+03 0.6106E-07 0.8849E+01 0.2200E+05 0.1679E+01  7.716 0.0000 0.2000E-04 0.1000E+01
1925 0.8512E-01 0.2526E+03 0.5916E-07 0.8834E+01 0.2192E+05 0.1683E+01  7.705 0.0000 0.2000E-04 0.1000E+01
1930 0.8753E-01 0.2508E+03 0.5731E-07 0.8820E+01 0.2184E+05 0.1686E+01  7.694 0.0000 0.2000E-04 0.1000E+01
1935 0.9000E-01 0.2490E+03 0.5552E-07 0.8805E+01 0.2175E+05 0.1690E+01  7.683 0.0000 0.2000E-04 0.1000E+01
1940 0.9255E-01 0.2472E+03 0.5379E-07 0.8791E+01 0.2167E+05 0.1694E+01  7.673 0.0000 0.2000E-04 0.1000E+01
1945 0.9516E-01 0.2455E+03 0.5212E-07 0.8777E+01 0.2158E+05 0.1698E+01  7.662 0.0000 0.2000E-04 0.1000E+01
1950 0.9785E-01 0.2438E+03 0.5051E-07 0.8763E+01 0.2150E+05 0.1701E+01  7.651 0.0000 0.2000E-04 0.1000E+01
1954 0.1000E+00 0.2425E+03 0.4932E-07 0.8752E+01 0.2143E+05 0.1704E+01  7.642 0.0000 0.2000E-04 0.1000E+01
1955 0.1006E+00 0.2421E+03 0.4900E-07 0.8749E+01 0.2141E+05 0.1705E+01  7.640 0.0000 0.2000E-04 0.1000E+01
1960 0.1034E+00 0.2406E+03 0.4758E-07 0.8735E+01 0.2133E+05 0.1709E+01  7.629 0.0000 0.2000E-04 0.1000E+01
1965 0.1063E+00 0.2390E+03 0.4619E-07 0.8721E+01 0.2125E+05 0.1713E+01  7.618 0.0000 0.2000E-04 0.1000E+01
1970 0.1093E+00 0.2374E+03 0.4484E-07 0.8707E+01 0.2116E+05 0.1716E+01  7.607 0.0000 0.2000E-04 0.1000E+01
1975 0.1123E+00 0.2359E+03 0.4355E-07 0.8693E+01 0.2108E+05 0.1720E+01  7.596 0.0000 0.2000E-04 0.1000E+01
1980 0.1155E+00 0.2343E+03 0.4230E-07 0.8680E+01 0.2100E+05 0.1724E+01  7.585 0.0000 0.2000E-04 0.1000E+01
1985 0.1187E+00 0.2328E+03 0.4107E-07 0.8666E+01 0.2092E+05 0.1727E+01  7.574 0.0000 0.2000E-04 0.1000E+01
1990 0.1220E+00 0.2313E+03 0.3990E-07 0.8653E+01 0.2083E+05 0.1731E+01  7.563 0.0000 0.2000E-04 0.1000E+01
1995 0.1254E+00 0.2298E+03 0.3876E-07 0.8639E+01 0.2075E+05 0.1735E+01  7.552 0.0000 0.2000E-04 0.1000E+01
2000 0.1288E+00 0.2283E+03 0.3763E-07 0.8626E+01 0.2067E+05 0.1738E+01  7.541 0.0000 0.2000E-04 0.1000E+01
2005 0.1324E+00 0.2268E+03 0.3658E-07 0.8613E+01 0.2059E+05 0.1742E+01  7.531 0.0000 0.2000E-04 0.1000E+01
2010 0.1360E+00 0.2254E+03 0.3556E-07 0.8600E+01 0.2052E+05 0.1746E+01  7.520 0.0000 0.2000E-04 0.1000E+01
2015 0.1397E+00 0.2240E+03 0.3457E-07 0.8587E+01 0.2045E+05 0.1749E+01  7.509 0.0000 0.2000E-04 0.1000E+01
2020 0.1436E+00 0.2226E+03 0.3359E-07 0.8574E+01 0.2037E+05 0.1753E+01  7.498 0.0000 0.2000E-04 0.1000E+01
2025 0.1475E+00 0.2212E+03 0.3266E-07 0.8561E+01 0.2030E+05 0.1756E+01  7.487 0.0000 0.2000E-04 0.1000E+01
2029 0.1500E+00 0.2203E+03 0.3209E-07 0.8553E+01 0.2025E+05 0.1758E+01  7.480 0.0000 0.2000E-04 0.1000E+01
2030 0.1508E+00 0.2200E+03 0.3192E-07 0.8551E+01 0.2023E+05 0.1759E+01  7.478 0.0000 0.2000E-04 0.1000E+01
2035 0.1549E+00 0.2187E+03 0.3104E-07 0.8538E+01 0.2016E+05 0.1763E+01  7.467 0.0000 0.2000E-04 0.1000E+01
2040 0.1591E+00 0.2173E+03 0.3019E-07 0.8525E+01 0.2008E+05 0.1766E+01  7.457 0.0000 0.2000E-04 0.1000E+01
2045 0.1633E+00 0.2160E+03 0.2937E-07 0.8513E+01 0.2001E+05 0.1770E+01  7.446 0.0000 0.2000E-04 0.1000E+01
2050 0.1677E+00 0.2147E+03 0.2858E-07 0.8500E+01 0.1993E+05 0.1773E+01  7.435 0.0000 0.2000E-04 0.1000E+01
2055 0.1722E+00 0.2130E+03 0.2760E-07 0.8486E+01 0.1984E+05 0.1777E+01  7.421 0.0000 0.2000E-04 0.1000E+01
2060 0.1766E+00 0.2119E+03 0.2698E-07 0.8473E+01 0.1977E+05 0.1781E+01  7.412 0.0000 0.2000E-04 0.1000E+01
2065 0.1813E+00 0.2107E+03 0.2627E-07 0.8461E+01 0.1969E+05 0.1785E+01  7.401 0.0000 0.2000E-04 0.1000E+01
2070 0.1861E+00 0.2094E+03 0.2558E-07 0.8449E+01 0.1961E+05 0.1788E+01  7.390 0.0000 0.2000E-04 0.1000E+01
2075 0.1911E+00 0.2082E+03 0.2491E-07 0.8436E+01 0.1953E+05 0.1792E+01  7.379 0.0000 0.2000E-04 0.1000E+01
2080 0.1961E+00 0.2070E+03 0.2427E-07 0.8424E+01 0.1945E+05 0.1795E+01  7.368 0.0000 0.2000E-04 0.1000E+01
2084 0.2000E+00 0.2061E+03 0.2378E-07 0.8415E+01 0.1939E+05 0.1798E+01  7.360 0.0000 0.2000E-04 0.1000E+01
2085 0.2010E+00 0.2058E+03 0.2366E-07 0.8413E+01 0.1938E+05 0.1799E+01  7.358 0.0000 0.2000E-04 0.1000E+01
2090 0.2063E+00 0.2046E+03 0.2305E-07 0.8400E+01 0.1930E+05 0.1803E+01  7.347 0.0000 0.2000E-04 0.1000E+01
2095 0.2116E+00 0.2035E+03 0.2246E-07 0.8388E+01 0.1922E+05 0.1806E+01  7.336 0.0000 0.2000E-04 0.1000E+01
2100 0.2171E+00 0.2023E+03 0.2188E-07 0.8376E+01 0.1914E+05 0.1810E+01  7.325 0.0000 0.2000E-04 0.1000E+01
2105 0.2227E+00 0.2011E+03 0.2133E-07 0.8365E+01 0.1906E+05 0.1814E+01  7.314 0.0000 0.2000E-04 0.1000E+01
2110 0.2284E+00 0.2000E+03 0.2079E-07 0.8353E+01 0.1898E+05 0.1817E+01  7.304 0.0000 0.2000E-04 0.1000E+01
2115 0.2342E+00 0.1989E+03 0.2026E-07 0.8341E+01 0.1890E+05 0.1821E+01  7.293 0.0000 0.2000E-04 0.1000E+01
2120 0.2402E+00 0.1977E+03 0.1975E-07 0.8329E+01 0.1882E+05 0.1825E+01  7.282 0.0000 0.2000E-04 0.1000E+01
2125 0.2463E+00 0.1966E+03 0.1925E-07 0.8317E+01 0.1875E+05 0.1828E+01  7.271 0.0000 0.2000E-04 0.1000E+01
2128 0.2500E+00 0.1959E+03 0.1896E-07 0.8310E+01 0.1870E+05 0.1831E+01  7.264 0.0000 0.2000E-04 0.1000E+01
2130 0.2525E+00 0.1955E+03 0.1877E-07 0.8306E+01 0.1867E+05 0.1832E+01  7.260 0.0000 0.2000E-04 0.1000E+01
2135 0.2589E+00 0.1944E+03 0.1830E-07 0.8294E+01 0.1859E+05 0.1836E+01  7.249 0.0000 0.2000E-04 0.1000E+01
2140 0.2654E+00 0.1933E+03 0.1784E-07 0.8283E+01 0.1851E+05 0.1840E+01  7.238 0.0000 0.2000E-04 0.1000E+01
2145 0.2720E+00 0.1922E+03 0.1739E-07 0.8271E+01 0.1842E+05 0.1843E+01  7.227 0.0000 0.2000E-04 0.1000E+01
2150 0.2787E+00 0.1911E+03 0.1695E-07 0.8260E+01 0.1834E+05 0.1847E+01  7.217 0.0000 0.2000E-04 0.1000E+01
2155 0.2856E+00 0.1900E+03 0.1653E-07 0.8248E+01 0.1826E+05 0.1851E+01  7.206 0.0000 0.2000E-04 0.1000E+01
2160 0.2927E+00 0.1890E+03 0.1611E-07 0.8237E+01 0.1818E+05 0.1855E+01  7.195 0.0000 0.2000E-04 0.1000E+01
2165 0.2999E+00 0.1879E+03 0.1571E-07 0.8225E+01 0.1810E+05 0.1858E+01  7.184 0.0000 0.2000E-04 0.1000E+01
2166 0.3000E+00 0.1879E+03 0.1571E-07 0.8225E+01 0.1810E+05 0.1859E+01  7.184 0.0000 0.2000E-04 0.1000E+01
2170 0.3059E+00 0.1871E+03 0.1539E-07 0.8216E+01 0.1803E+05 0.1862E+01  7.175 0.0000 0.2000E-04 0.1000E+01
2175 0.3133E+00 0.1860E+03 0.1501E-07 0.8205E+01 0.1795E+05 0.1865E+01  7.164 0.0000 0.2000E-04 0.1000E+01
2180 0.3209E+00 0.1850E+03 0.1464E-07 0.8194E+01 0.1787E+05 0.1869E+01  7.153 0.0000 0.2000E-04 0.1000E+01
2185 0.3287E+00 0.1839E+03 0.1427E-07 0.8183E+01 0.1779E+05 0.1873E+01  7.143 0.0000 0.2000E-04 0.1000E+01
2190 0.3366E+00 0.1829E+03 0.1392E-07 0.8172E+01 0.1771E+05 0.1877E+01  7.132 0.0000 0.2000E-04 0.1000E+01
2195 0.3447E+00 0.1819E+03 0.1357E-07 0.8161E+01 0.1762E+05 0.1881E+01  7.121 0.0000 0.2000E-04 0.1000E+01
2199 0.3500E+00 0.1812E+03 0.1336E-07 0.8154E+01 0.1757E+05 0.1883E+01  7.114 0.0000 0.2000E-04 0.1000E+01
2200 0.3517E+00 0.1810E+03 0.1329E-07 0.8152E+01 0.1755E+05 0.1884E+01  7.112 0.0000 0.2000E-04 0.1000E+01
2205 0.3601E+00 0.1800E+03 0.1296E-07 0.8141E+01 0.1746E+05 0.1888E+01  7.101 0.0000 0.2000E-04 0.1000E+01
2210 0.3686E+00 0.1790E+03 0.1264E-07 0.8130E+01 0.1737E+05 0.1892E+01  7.090 0.0000 0.2000E-04 0.1000E+01
2215 0.3774E+00 0.1780E+03 0.1233E-07 0.8119E+01 0.1728E+05 0.1896E+01  7.079 0.0000 0.2000E-04 0.1000E+01
2220 0.3863E+00 0.1770E+03 0.1203E-07 0.8109E+01 0.1719E+05 0.1900E+01  7.068 0.0000 0.2000E-04 0.1000E+01
2225 0.3955E+00 0.1760E+03 0.1173E-07 0.8098E+01 0.1711E+05 0.1904E+01  7.057 0.0000 0.2000E-04 0.1000E+01
2228 0.4000E+00 0.1756E+03 0.1159E-07 0.8093E+01 0.1707E+05 0.1906E+01  7.052 0.0000 0.2000E-04 0.1000E+01
2230 0.4037E+00 0.1752E+03 0.1148E-07 0.8089E+01 0.1703E+05 0.1907E+01  7.048 0.0000 0.2000E-04 0.1000E+01
2235 0.4132E+00 0.1742E+03 0.1120E-07 0.8078E+01 0.1695E+05 0.1911E+01  7.037 0.0000 0.2000E-04 0.1000E+01
2240 0.4229E+00 0.1732E+03 0.1092E-07 0.8068E+01 0.1686E+05 0.1915E+01  7.026 0.0000 0.2000E-04 0.1000E+01
2245 0.4328E+00 0.1723E+03 0.1065E-07 0.8057E+01 0.1678E+05 0.1919E+01  7.015 0.0000 0.2000E-04 0.1000E+01
2250 0.4429E+00 0.1713E+03 0.1039E-07 0.8047E+01 0.1669E+05 0.1923E+01  7.004 0.0000 0.2000E-04 0.1000E+01
2254 0.4500E+00 0.1707E+03 0.1022E-07 0.8040E+01 0.1663E+05 0.1925E+01  6.997 0.0000 0.2000E-04 0.1000E+01
2255 0.4521E+00 0.1705E+03 0.1017E-07 0.8038E+01 0.1662E+05 0.1926E+01  6.994 0.0000 0.2000E-04 0.1000E+01
2260 0.4626E+00 0.1695E+03 0.9918E-08 0.8027E+01 0.1653E+05 0.1930E+01  6.984 0.0000 0.2000E-04 0.1000E+01
2265 0.4733E+00 0.1686E+03 0.9675E-08 0.8017E+01 0.1645E+05 0.1934E+01  6.973 0.0000 0.2000E-04 0.1000E+01
2270 0.4842E+00 0.1677E+03 0.9439E-08 0.8007E+01 0.1636E+05 0.1937E+01  6.962 0.0000 0.2000E-04 0.1000E+01
2275 0.4953E+00 0.1668E+03 0.9210E-08 0.7997E+01 0.1628E+05 0.1941E+01  6.951 0.0000 0.2000E-04 0.1000E+01
2278 0.5000E+00 0.1664E+03 0.9117E-08 0.7993E+01 0.1625E+05 0.1943E+01  6.946 0.0000 0.2000E-04 0.1000E+01
2280 0.5045E+00 0.1660E+03 0.9027E-08 0.7989E+01 0.1622E+05 0.1944E+01  6.942 0.0000 0.2000E-04 0.1000E+01
2285 0.5161E+00 0.1651E+03 0.8807E-08 0.7979E+01 0.1613E+05 0.1948E+01  6.931 0.0000 0.2000E-04 0.1000E+01
2290 0.5279E+00 0.1642E+03 0.8593E-08 0.7969E+01 0.1605E+05 0.1952E+01  6.920 0.0000 0.2000E-04 0.1000E+01
2295 0.5399E+00 0.1633E+03 0.8384E-08 0.7959E+01 0.1596E+05 0.1955E+01  6.909 0.0000 0.2000E-04 0.1000E+01
2300 0.5500E+00 0.1625E+03 0.8214E-08 0.7951E+01 0.1589E+05 0.1959E+01  6.900 0.0000 0.2000E-04 0.1000E+01
2300 0.5500E+00 0.1625E+03 0.8214E-08 0.7951E+01 0.1589E+05 0.1959E+01  6.900 0.0000 0.2000E-04 0.1000E+01
2305 0.5624E+00 0.1616E+03 0.8014E-08 0.7941E+01 0.1581E+05 0.1962E+01  6.889 0.0000 0.2000E-04 0.1000E+01
2310 0.5751E+00 0.1607E+03 0.7819E-08 0.7931E+01 0.1573E+05 0.1966E+01  6.879 0.0000 0.2000E-04 0.1000E+01
2315 0.5880E+00 0.1598E+03 0.7628E-08 0.7922E+01 0.1565E+05 0.1969E+01  6.868 0.0000 0.2000E-04 0.1000E+01
2320 0.6000E+00 0.1590E+03 0.7459E-08 0.7913E+01 0.1558E+05 0.1973E+01  6.858 0.0000 0.2000E-04 0.1000E+01
2320 0.6000E+00 0.1590E+03 0.7459E-08 0.7913E+01 0.1558E+05 0.1973E+01  6.858 0.0000 0.2000E-04 0.1000E+01
2325 0.6134E+00 0.1581E+03 0.7276E-08 0.7903E+01 0.1550E+05 0.1976E+01  6.847 0.0000 0.2000E-04 0.1000E+01
2330 0.6271E+00 0.1573E+03 0.7099E-08 0.7894E+01 0.1542E+05 0.1980E+01  6.836 0.0000 0.2000E-04 0.1000E+01
2335 0.6411E+00 0.1564E+03 0.6926E-08 0.7885E+01 0.1535E+05 0.1983E+01  6.825 0.0000 0.2000E-04 0.1000E+01
2339 0.6500E+00 0.1558E+03 0.6820E-08 0.7879E+01 0.1530E+05 0.1986E+01  6.818 0.0000 0.2000E-04 0.1000E+01
2340 0.6529E+00 0.1557E+03 0.6786E-08 0.7877E+01 0.1528E+05 0.1986E+01  6.816 0.0000 0.2000E-04 0.1000E+01
2345 0.6673E+00 0.1548E+03 0.6621E-08 0.7868E+01 0.1521E+05 0.1990E+01  6.805 0.0000 0.2000E-04 0.1000E+01
2350 0.6821E+00 0.1539E+03 0.6459E-08 0.7858E+01 0.1513E+05 0.1993E+01  6.794 0.0000 0.2000E-04 0.1000E+01
2355 0.6972E+00 0.1531E+03 0.6302E-08 0.7849E+01 0.1506E+05 0.1997E+01  6.784 0.0000 0.2000E-04 0.1000E+01
2356 0.7000E+00 0.1529E+03 0.6274E-08 0.7848E+01 0.1504E+05 0.1997E+01  6.782 0.0000 0.2000E-04 0.1000E+01
2360 0.7123E+00 0.1522E+03 0.6151E-08 0.7840E+01 0.1498E+05 0.2000E+01  6.773 0.0000 0.2000E-04 0.1000E+01
2365 0.7280E+00 0.1514E+03 0.6001E-08 0.7831E+01 0.1491E+05 0.2004E+01  6.762 0.0000 0.2000E-04 0.1000E+01
2370 0.7440E+00 0.1506E+03 0.5855E-08 0.7822E+01 0.1484E+05 0.2007E+01  6.751 0.0000 0.2000E-04 0.1000E+01
2372 0.7500E+00 0.1502E+03 0.5802E-08 0.7819E+01 0.1482E+05 0.2008E+01  6.747 0.0000 0.2000E-04 0.1000E+01
2375 0.7598E+00 0.1497E+03 0.5717E-08 0.7814E+01 0.1477E+05 0.2010E+01  6.741 0.0000 0.2000E-04 0.1000E+01
2380 0.7765E+00 0.1489E+03 0.5577E-08 0.7805E+01 0.1470E+05 0.2013E+01  6.730 0.0000 0.2000E-04 0.1000E+01
2385 0.7935E+00 0.1481E+03 0.5441E-08 0.7796E+01 0.1463E+05 0.2016E+01  6.719 0.0000 0.2000E-04 0.1000E+01
2387 0.8000E+00 0.1478E+03 0.5390E-08 0.7793E+01 0.1461E+05 0.2017E+01  6.715 0.0000 0.2000E-04 0.1000E+01
2390 0.8104E+00 0.1473E+03 0.5311E-08 0.7787E+01 0.1457E+05 0.2019E+01  6.708 0.0000 0.2000E-04 0.1000E+01
2395 0.8281E+00 0.1464E+03 0.5181E-08 0.7779E+01 0.1450E+05 0.2023E+01  6.697 0.0000 0.2000E-04 0.1000E+01
2400 0.8462E+00 0.1456E+03 0.5055E-08 0.7770E+01 0.1443E+05 0.2026E+01  6.686 0.0000 0.2000E-04 0.1000E+01
2402 0.8500E+00 0.1454E+03 0.5029E-08 0.7768E+01 0.1442E+05 0.2026E+01  6.684 0.0000 0.2000E-04 0.1000E+01
2405 0.8610E+00 0.1450E+03 0.4955E-08 0.7763E+01 0.1437E+05 0.2028E+01  6.678 0.0000 0.2000E-04 0.1000E+01
2410 0.8798E+00 0.1441E+03 0.4834E-08 0.7754E+01 0.1431E+05 0.2032E+01  6.667 0.0000 0.2000E-04 0.1000E+01
2415 0.8989E+00 0.1433E+03 0.4716E-08 0.7746E+01 0.1424E+05 0.2035E+01  6.656 0.0000 0.2000E-04 0.1000E+01
2416 0.9000E+00 0.1433E+03 0.4710E-08 0.7745E+01 0.1423E+05 0.2035E+01  6.655 0.0000 0.2000E-04 0.1000E+01
2420 0.9156E+00 0.1426E+03 0.4618E-08 0.7739E+01 0.1418E+05 0.2038E+01  6.646 0.0000 0.2000E-04 0.1000E+01
2425 0.9354E+00 0.1418E+03 0.4506E-08 0.7730E+01 0.1411E+05 0.2041E+01  6.636 0.0000 0.2000E-04 0.1000E+01
2429 0.9500E+00 0.1413E+03 0.4426E-08 0.7724E+01 0.1406E+05 0.2043E+01  6.628 0.0000 0.2000E-04 0.1000E+01
2430 0.9541E+00 0.1411E+03 0.4405E-08 0.7723E+01 0.1405E+05 0.2044E+01  6.625 0.0000 0.2000E-04 0.1000E+01
2435 0.9746E+00 0.1403E+03 0.4298E-08 0.7714E+01 0.1398E+05 0.2047E+01  6.615 0.0000 0.2000E-04 0.1000E+01
2440 0.9955E+00 0.1395E+03 0.4194E-08 0.7706E+01 0.1391E+05 0.2050E+01  6.604 0.0000 0.2000E-04 0.1000E+01
2442 0.1000E+01 0.1394E+03 0.4172E-08 0.7704E+01 0.1390E+05 0.2051E+01  6.601 0.0000 0.2000E-04 0.1000E+01
2445 0.1013E+01 0.1389E+03 0.4111E-08 0.7700E+01 0.1386E+05 0.2053E+01  6.595 0.0000 0.2000E-04 0.1000E+01
2450 0.1034E+01 0.1381E+03 0.4012E-08 0.7691E+01 0.1379E+05 0.2056E+01  6.584 0.0000 0.2000E-04 0.1000E+01
2455 0.1057E+01 0.1374E+03 0.3916E-08 0.7683E+01 0.1373E+05 0.2060E+01  6.573 0.0000 0.2000E-04 0.1000E+01
2460 0.1079E+01 0.1366E+03 0.3822E-08 0.7675E+01 0.1366E+05 0.2063E+01  6.562 0.0000 0.2000E-04 0.1000E+01
2465 0.1102E+01 0.1359E+03 0.3730E-08 0.7667E+01 0.1360E+05 0.2066E+01  6.551 0.0000 0.2000E-04 0.1000E+01
2470 0.1125E+01 0.1351E+03 0.3640E-08 0.7660E+01 0.1354E+05 0.2069E+01  6.540 0.0000 0.2000E-04 0.1000E+01
2475 0.1149E+01 0.1344E+03 0.3553E-08 0.7652E+01 0.1347E+05 0.2072E+01  6.529 0.0000 0.2000E-04 0.1000E+01
2480 0.1174E+01 0.1336E+03 0.3467E-08 0.7644E+01 0.1341E+05 0.2075E+01  6.519 0.0000 0.2000E-04 0.1000E+01
2485 0.1198E+01 0.1329E+03 0.3384E-08 0.7636E+01 0.1335E+05 0.2079E+01  6.508 0.0000 0.2000E-04 0.1000E+01
2490 0.1224E+01 0.1321E+03 0.3303E-08 0.7628E+01 0.1328E+05 0.2082E+01  6.497 0.0000 0.2000E-04 0.1000E+01
2495 0.1249E+01 0.1314E+03 0.3224E-08 0.7621E+01 0.1322E+05 0.2085E+01  6.486 0.0000 0.2000E-04 0.1000E+01
2500 0.1275E+01 0.1307E+03 0.3147E-08 0.7613E+01 0.1315E+05 0.2088E+01  6.475 0.0000 0.2000E-04 0.1000E+01
2505 0.1302E+01 0.1299E+03 0.3072E-08 0.7606E+01 0.1309E+05 0.2092E+01  6.464 0.0000 0.2000E-04 0.1000E+01
2510 0.1329E+01 0.1292E+03 0.2998E-08 0.7598E+01 0.1303E+05 0.2095E+01  6.453 0.0000 0.2000E-04 0.1000E+01
2515 0.1357E+01 0.1285E+03 0.2927E-08 0.7591E+01 0.1296E+05 0.2098E+01  6.443 0.0000 0.2000E-04 0.1000E+01
2520 0.1386E+01 0.1278E+03 0.2857E-08 0.7583E+01 0.1290E+05 0.2102E+01  6.432 0.0000 0.2000E-04 0.1000E+01
2525 0.1414E+01 0.1271E+03 0.2790E-08 0.7576E+01 0.1284E+05 0.2105E+01  6.421 0.0000 0.2000E-04 0.1000E+01
2530 0.1444E+01 0.1264E+03 0.2724E-08 0.7569E+01 0.1277E+05 0.2109E+01  6.410 0.0000 0.2000E-04 0.1000E+01
2535 0.1474E+01 0.1257E+03 0.2659E-08 0.7562E+01 0.1271E+05 0.2112E+01  6.399 0.0000 0.2000E-04 0.1000E+01
2540 0.1500E+01 0.1251E+03 0.2605E-08 0.7555E+01 0.1266E+05 0.2115E+01  6.390 0.0000 0.2000E-04 0.1000E+01
2540 0.1500E+01 0.1251E+03 0.2605E-08 0.7555E+01 0.1266E+05 0.2115E+01  6.390 0.0000 0.2000E-04 0.1000E+01
2545 0.1531E+01 0.1244E+03 0.2543E-08 0.7548E+01 0.1259E+05 0.2119E+01  6.379 0.0000 0.2000E-04 0.1000E+01
2550 0.1563E+01 0.1237E+03 0.2483E-08 0.7541E+01 0.1253E+05 0.2122E+01  6.368 0.0000 0.2000E-04 0.1000E+01
2555 0.1595E+01 0.1231E+03 0.2424E-08 0.7534E+01 0.1246E+05 0.2126E+01  6.357 0.0000 0.2000E-04 0.1000E+01
2560 0.1628E+01 0.1224E+03 0.2366E-08 0.7527E+01 0.1240E+05 0.2130E+01  6.346 0.0000 0.2000E-04 0.1000E+01
2565 0.1662E+01 0.1217E+03 0.2310E-08 0.7520E+01 0.1234E+05 0.2133E+01  6.335 0.0000 0.2000E-04 0.1000E+01
2570 0.1696E+01 0.1210E+03 0.2255E-08 0.7513E+01 0.1227E+05 0.2137E+01  6.324 0.0000 0.2000E-04 0.1000E+01
2575 0.1731E+01 0.1204E+03 0.2202E-08 0.7506E+01 0.1221E+05 0.2141E+01  6.313 0.0000 0.2000E-04 0.1000E+01
2580 0.1766E+01 0.1197E+03 0.2150E-08 0.7499E+01 0.1215E+05 0.2144E+01  6.302 0.0000 0.2000E-04 0.1000E+01
2585 0.1802E+01 0.1190E+03 0.2099E-08 0.7492E+01 0.1208E+05 0.2148E+01  6.291 0.0000 0.2000E-04 0.1000E+01
2590 0.1839E+01 0.1184E+03 0.2050E-08 0.7486E+01 0.1202E+05 0.2152E+01  6.281 0.0000 0.2000E-04 0.1000E+01
2595 0.1877E+01 0.1177E+03 0.2002E-08 0.7479E+01 0.1196E+05 0.2155E+01  6.270 0.0000 0.2000E-04 0.1000E+01
2600 0.1915E+01 0.1171E+03 0.1955E-08 0.7472E+01 0.1190E+05 0.2159E+01  6.259 0.0000 0.2000E-04 0.1000E+01
2605 0.1954E+01 0.1165E+03 0.1909E-08 0.7466E+01 0.1183E+05 0.2163E+01  6.248 0.0000 0.2000E-04 0.1000E+01
2610 0.1993E+01 0.1158E+03 0.1864E-08 0.7459E+01 0.1177E+05 0.2167E+01  6.237 0.0000 0.2000E-04 0.1000E+01
2611 0.2000E+01 0.1157E+03 0.1857E-08 0.7458E+01 0.1176E+05 0.2167E+01  6.235 0.0000 0.2000E-04 0.1000E+01
2615 0.2032E+01 0.1152E+03 0.1822E-08 0.7453E+01 0.1171E+05 0.2170E+01  6.227 0.0000 0.2000E-04 0.1000E+01
2620 0.2073E+01 0.1146E+03 0.1780E-08 0.7446E+01 0.1165E+05 0.2174E+01  6.216 0.0000 0.2000E-04 0.1000E+01
2625 0.2115E+01 0.1140E+03 0.1738E-08 0.7440E+01 0.1159E+05 0.2178E+01  6.205 0.0000 0.2000E-04 0.1000E+01
2630 0.2158E+01 0.1133E+03 0.1698E-08 0.7433E+01 0.1152E+05 0.2182E+01  6.194 0.0000 0.2000E-04 0.1000E+01
2635 0.2201E+01 0.1127E+03 0.1658E-08 0.7427E+01 0.1146E+05 0.2186E+01  6.183 0.0000 0.2000E-04 0.1000E+01
2640 0.2245E+01 0.1121E+03 0.1620E-08 0.7421E+01 0.1140E+05 0.2190E+01  6.172 0.0000 0.2000E-04 0.1000E+01
2645 0.2290E+01 0.1115E+03 0.1582E-08 0.7414E+01 0.1134E+05 0.2194E+01  6.161 0.0000 0.2000E-04 0.1000E+01
2650 0.2336E+01 0.1109E+03 0.1545E-08 0.7408E+01 0.1128E+05 0.2198E+01  6.150 0.0000 0.2000E-04 0.1000E+01
2655 0.2383E+01 0.1103E+03 0.1509E-08 0.7402E+01 0.1122E+05 0.2202E+01  6.140 0.0000 0.2000E-04 0.1000E+01
2660 0.2430E+01 0.1097E+03 0.1474E-08 0.7396E+01 0.1115E+05 0.2206E+01  6.129 0.0000 0.2000E-04 0.1000E+01
2665 0.2479E+01 0.1091E+03 0.1440E-08 0.7389E+01 0.1109E+05 0.2210E+01  6.118 0.0000 0.2000E-04 0.1000E+01
2668 0.2500E+01 0.1088E+03 0.1425E-08 0.7387E+01 0.1107E+05 0.2212E+01  6.113 0.0000 0.2000E-04 0.1000E+01
2670 0.2520E+01 0.1086E+03 0.1412E-08 0.7384E+01 0.1104E+05 0.2213E+01  6.109 0.0000 0.2000E-04 0.1000E+01
2675 0.2570E+01 0.1080E+03 0.1379E-08 0.7378E+01 0.1098E+05 0.2217E+01  6.098 0.0000 0.2000E-04 0.1000E+01
2680 0.2621E+01 0.1074E+03 0.1348E-08 0.7372E+01 0.1092E+05 0.2221E+01  6.087 0.0000 0.2000E-04 0.1000E+01
2685 0.2673E+01 0.1068E+03 0.1317E-08 0.7366E+01 0.1086E+05 0.2225E+01  6.076 0.0000 0.2000E-04 0.1000E+01
2690 0.2726E+01 0.1063E+03 0.1286E-08 0.7360E+01 0.1080E+05 0.2229E+01  6.065 0.0000 0.2000E-04 0.1000E+01
2695 0.2780E+01 0.1057E+03 0.1256E-08 0.7354E+01 0.1075E+05 0.2233E+01  6.054 0.0000 0.2000E-04 0.1000E+01
2700 0.2835E+01 0.1051E+03 0.1227E-08 0.7348E+01 0.1069E+05 0.2237E+01  6.043 0.0000 0.2000E-04 0.1000E+01
2705 0.2891E+01 0.1045E+03 0.1199E-08 0.7342E+01 0.1063E+05 0.2241E+01  6.032 0.0000 0.2000E-04 0.1000E+01
2710 0.2948E+01 0.1040E+03 0.1171E-08 0.7337E+01 0.1057E+05 0.2245E+01  6.021 0.0000 0.2000E-04 0.1000E+01
2715 0.3000E+01 0.1035E+03 0.1147E-08 0.7331E+01 0.1052E+05 0.2249E+01  6.012 0.0000 0.2000E-04 0.1000E+01
2715 0.3000E+01 0.1035E+03 0.1147E-08 0.7331E+01 0.1052E+05 0.2249E+01  6.012 0.0000 0.2000E-04 0.1000E+01
2720 0.3059E+01 0.1029E+03 0.1121E-08 0.7326E+01 0.1046E+05 0.2253E+01  6.001 0.0000 0.2000E-04 0.1000E+01
2725 0.3119E+01 0.1028E+03 0.1114E-08 0.7320E+01 0.1040E+05 0.2257E+01  5.990 0.0000 0.2000E-04 0.1000E+01
2730 0.3175E+01 0.1025E+03 0.1101E-08 0.7315E+01 0.1035E+05 0.2260E+01  5.980 0.0000 0.2000E-04 0.1000E+01
2735 0.3236E+01 0.1020E+03 0.1076E-08 0.7309E+01 0.1029E+05 0.2264E+01  5.969 0.0000 0.2000E-04 0.1000E+01
2740 0.3297E+01 0.1014E+03 0.1052E-08 0.7303E+01 0.1023E+05 0.2268E+01  5.958 0.0000 0.2000E-04 0.1000E+01
2745 0.3360E+01 0.1009E+03 0.1028E-08 0.7298E+01 0.1018E+05 0.2272E+01  5.947 0.0000 0.2000E-04 0.1000E+01
2750 0.3424E+01 0.1004E+03 0.1005E-08 0.7292E+01 0.1012E+05 0.2276E+01  5.936 0.0000 0.2000E-04 0.1000E+01
2755 0.3489E+01 0.9983E+02 0.9821E-09 0.7287E+01 0.1007E+05 0.2280E+01  5.925 0.0000 0.2000E-04 0.1000E+01
2756 0.3500E+01 0.9973E+02 0.9781E-09 0.7286E+01 0.1006E+05 0.2280E+01  5.923 0.0000 0.2000E-04 0.1000E+01
2760 0.3553E+01 0.9932E+02 0.9608E-09 0.7281E+01 0.1001E+05 0.2284E+01  5.915 0.0000 0.2000E-04 0.1000E+01
2765 0.3620E+01 0.9879E+02 0.9392E-09 0.7276E+01 0.9959E+04 0.2287E+01  5.904 0.0000 0.2000E-04 0.1000E+01
2770 0.3688E+01 0.9827E+02 0.9180E-09 0.7270E+01 0.9905E+04 0.2291E+01  5.893 0.0000 0.2000E-04 0.1000E+01
2775 0.3758E+01 0.9775E+02 0.8973E-09 0.7265E+01 0.9851E+04 0.2295E+01  5.882 0.0000 0.2000E-04 0.1000E+01
2780 0.3828E+01 0.9723E+02 0.8772E-09 0.7260E+01 0.9796E+04 0.2299E+01  5.871 0.0000 0.2000E-04 0.1000E+01
2785 0.3900E+01 0.9671E+02 0.8575E-09 0.7255E+01 0.9743E+04 0.2303E+01  5.860 0.0000 0.2000E-04 0.1000E+01
2790 0.3974E+01 0.9620E+02 0.8383E-09 0.7249E+01 0.9689E+04 0.2307E+01  5.849 0.0000 0.2000E-04 0.1000E+01
2792 0.4000E+01 0.9602E+02 0.8316E-09 0.7247E+01 0.9670E+04 0.2308E+01  5.845 0.0000 0.2000E-04 0.1000E+01
2795 0.4045E+01 0.9572E+02 0.8204E-09 0.7244E+01 0.9638E+04 0.2310E+01  5.839 0.0000 0.2000E-04 0.1000E+01
2800 0.4121E+01 0.9521E+02 0.8022E-09 0.7239E+01 0.9586E+04 0.2314E+01  5.828 0.0000 0.2000E-04 0.1000E+01
2805 0.4198E+01 0.9471E+02 0.7843E-09 0.7234E+01 0.9534E+04 0.2318E+01  5.817 0.0000 0.2000E-04 0.1000E+01
2810 0.4276E+01 0.9422E+02 0.7669E-09 0.7229E+01 0.9482E+04 0.2321E+01  5.806 0.0000 0.2000E-04 0.1000E+01
2815 0.4356E+01 0.9372E+02 0.7498E-09 0.7224E+01 0.9430E+04 0.2325E+01  5.795 0.0000 0.2000E-04 0.1000E+01
2820 0.4437E+01 0.9323E+02 0.7332E-09 0.7219E+01 0.9379E+04 0.2329E+01  5.784 0.0000 0.2000E-04 0.1000E+01
2824 0.4500E+01 0.9286E+02 0.7208E-09 0.7215E+01 0.9340E+04 0.2332E+01  5.776 0.0000 0.2000E-04 0.1000E+01
2825 0.4517E+01 0.9276E+02 0.7176E-09 0.7214E+01 0.9330E+04 0.2332E+01  5.774 0.0000 0.2000E-04 0.1000E+01
2830 0.4601E+01 0.9227E+02 0.7016E-09 0.7209E+01 0.9279E+04 0.2336E+01  5.763 0.0000 0.2000E-04 0.1000E+01
2835 0.4687E+01 0.9179E+02 0.6861E-09 0.7204E+01 0.9229E+04 0.2340E+01  5.752 0.0000 0.2000E-04 0.1000E+01
2840 0.4774E+01 0.9131E+02 0.6709E-09 0.7199E+01 0.9179E+04 0.2343E+01  5.741 0.0000 0.2000E-04 0.1000E+01
2845 0.4863E+01 0.9083E+02 0.6560E-09 0.7194E+01 0.9129E+04 0.2347E+01  5.730 0.0000 0.2000E-04 0.1000E+01
2850 0.4953E+01 0.9035E+02 0.6414E-09 0.7189E+01 0.9080E+04 0.2350E+01  5.719 0.0000 0.2000E-04 0.1000E+01
2853 0.5000E+01 0.9011E+02 0.6341E-09 0.7187E+01 0.9054E+04 0.2352E+01  5.714 0.0000 0.2000E-04 0.1000E+01
