 $INPUT
 IMODEL	=             1
 N	=           120
 MINSTP	=             0
 VEOS	=  1.000000000000000
 ILOOP	=             1
 STATIC	=   F
 FRACT	=  2.5000000000000001E-03
 SHINE	=  0.3000000000000000
 SHAVE	=  9.9999999999999995E-08
 POUT	=  5000000.000000000
 AMETH	=             2
 CMETH	=             1
 NOBOND	=             1
 TBEG	=  5.0000000000000004E-06
 TIMEF	=  10.00000000000000
 DTIMEO	=  5.0000000000000003E-02
 STEPO	=  0.5000000000000000
 LCORR	=   T
 LSTART	=   F
 MAXSTP	=          5000
 SPK	=  15.00000000000000
 STARL	=  0.0000000000000000E+00
 DIST	=  5.200000000000000
 ALB	=  0.3500000000000000
 TEFFS	=  5770.000000000000
 LCONV	=   T
 LTRANS	=   T
 LPOUT	=   F
 LFILL	=   F
 LCONT	=   T
 LBURN	=   T
 MAG	=  'O '
 GAM	=  '7X'
 MASS	=  20.89054000000000
 YHEA	=  0.2500000000000000
 YDI	=  2.0000000000000002E-05
 HB	=  1.000000000000000
 $end
 
 
 Gam,Mass,Yhe,Ydi,Dist,starl,alb=  7X  20.891   0.250 0.200E-04 0.520E+01 0.000E+00 0.350E+00
  I  Time(Gyrs) Teff        Lumin      Rad(Gcm)  Tc         Rhoc       S      Ratio  Yd         Yl


   5 0.4311E-06 0.2255E+04 0.3292E-01 0.8270E+02 0.1158E+06 0.1239E+00 14.987 0.0000 0.2000E-04 0.1000E+01
  10 0.9845E-06 0.2260E+04 0.3235E-01 0.8158E+02 0.1168E+06 0.1271E+00 14.968 0.0000 0.2000E-04 0.1000E+01
  15 0.1554E-05 0.2266E+04 0.3178E-01 0.8048E+02 0.1178E+06 0.1305E+00 14.949 0.0000 0.2000E-04 0.1000E+01
  20 0.2141E-05 0.2271E+04 0.3122E-01 0.7940E+02 0.1189E+06 0.1340E+00 14.930 0.0000 0.2000E-04 0.1000E+01
  25 0.2746E-05 0.2276E+04 0.3068E-01 0.7835E+02 0.1199E+06 0.1375E+00 14.911 0.0000 0.2000E-04 0.1000E+01
  30 0.3370E-05 0.2281E+04 0.3014E-01 0.7731E+02 0.1209E+06 0.1411E+00 14.892 0.0000 0.2000E-04 0.1000E+01
  35 0.4014E-05 0.2286E+04 0.2960E-01 0.7628E+02 0.1220E+06 0.1449E+00 14.873 0.0000 0.2000E-04 0.1000E+01
  40 0.4678E-05 0.2291E+04 0.2908E-01 0.7527E+02 0.1230E+06 0.1487E+00 14.853 0.0000 0.2000E-04 0.1000E+01
  43 0.0000E+00 0.2293E+04 0.2883E-01 0.7480E+02 0.1235E+06 0.1505E+00 14.844 0.0000 0.2000E-04 0.1000E+01
  45 0.2756E-06 0.2295E+04 0.2863E-01 0.7441E+02 0.1239E+06 0.1521E+00 14.837 0.0000 0.2000E-04 0.1000E+01
  50 0.9790E-06 0.2300E+04 0.2812E-01 0.7343E+02 0.1249E+06 0.1560E+00 14.817 0.0000 0.2000E-04 0.1000E+01
  55 0.1699E-05 0.2305E+04 0.2762E-01 0.7248E+02 0.1259E+06 0.1601E+00 14.798 0.0000 0.2000E-04 0.1000E+01
  60 0.2437E-05 0.2310E+04 0.2713E-01 0.7155E+02 0.1270E+06 0.1641E+00 14.778 0.0000 0.2000E-04 0.1000E+01
  65 0.3194E-05 0.2314E+04 0.2665E-01 0.7064E+02 0.1280E+06 0.1683E+00 14.759 0.0000 0.2000E-04 0.1000E+01
  70 0.3970E-05 0.2318E+04 0.2618E-01 0.6975E+02 0.1290E+06 0.1726E+00 14.740 0.0000 0.2000E-04 0.1000E+01
  75 0.4766E-05 0.2323E+04 0.2572E-01 0.6888E+02 0.1300E+06 0.1769E+00 14.720 0.0000 0.2000E-04 0.1000E+01
  80 0.5584E-05 0.2327E+04 0.2527E-01 0.6802E+02 0.1311E+06 0.1813E+00 14.701 0.0000 0.2000E-04 0.1000E+01
  85 0.6427E-05 0.2331E+04 0.2482E-01 0.6718E+02 0.1321E+06 0.1858E+00 14.681 0.0000 0.2000E-04 0.1000E+01
  90 0.7293E-05 0.2335E+04 0.2438E-01 0.6635E+02 0.1331E+06 0.1904E+00 14.662 0.0000 0.2000E-04 0.1000E+01
  95 0.8185E-05 0.2339E+04 0.2396E-01 0.6554E+02 0.1341E+06 0.1951E+00 14.642 0.0000 0.2000E-04 0.1000E+01
 100 0.9103E-05 0.2343E+04 0.2353E-01 0.6474E+02 0.1352E+06 0.1999E+00 14.623 0.0000 0.2000E-04 0.1000E+01
 105 0.1005E-04 0.2347E+04 0.2312E-01 0.6395E+02 0.1362E+06 0.2048E+00 14.603 0.0000 0.2000E-04 0.1000E+01
 110 0.1102E-04 0.2351E+04 0.2271E-01 0.6318E+02 0.1372E+06 0.2098E+00 14.584 0.0000 0.2000E-04 0.1000E+01
 115 0.1201E-04 0.2355E+04 0.2231E-01 0.6242E+02 0.1383E+06 0.2149E+00 14.564 0.0000 0.2000E-04 0.1000E+01
 120 0.1303E-04 0.2358E+04 0.2192E-01 0.6168E+02 0.1393E+06 0.2201E+00 14.544 0.0000 0.2000E-04 0.1000E+01
 125 0.1408E-04 0.2362E+04 0.2154E-01 0.6095E+02 0.1403E+06 0.2254E+00 14.524 0.0000 0.2000E-04 0.1000E+01
 130 0.1516E-04 0.2366E+04 0.2116E-01 0.6023E+02 0.1413E+06 0.2308E+00 14.505 0.0000 0.2000E-04 0.1000E+01
 135 0.1626E-04 0.2369E+04 0.2079E-01 0.5953E+02 0.1424E+06 0.2363E+00 14.485 0.0000 0.2000E-04 0.1000E+01
 140 0.1740E-04 0.2373E+04 0.2043E-01 0.5884E+02 0.1434E+06 0.2420E+00 14.465 0.0000 0.2000E-04 0.1000E+01
 145 0.1856E-04 0.2376E+04 0.2007E-01 0.5816E+02 0.1444E+06 0.2477E+00 14.445 0.0000 0.2000E-04 0.1000E+01
 150 0.1976E-04 0.2379E+04 0.1972E-01 0.5749E+02 0.1455E+06 0.2536E+00 14.425 0.0000 0.2000E-04 0.1000E+01
 155 0.2099E-04 0.2382E+04 0.1938E-01 0.5683E+02 0.1465E+06 0.2595E+00 14.405 0.0000 0.2000E-04 0.1000E+01
 160 0.2224E-04 0.2386E+04 0.1905E-01 0.5619E+02 0.1476E+06 0.2656E+00 14.386 0.0000 0.2000E-04 0.1000E+01
 165 0.2353E-04 0.2389E+04 0.1872E-01 0.5556E+02 0.1486E+06 0.2718E+00 14.366 0.0000 0.2000E-04 0.1000E+01
 170 0.2486E-04 0.2392E+04 0.1839E-01 0.5493E+02 0.1496E+06 0.2782E+00 14.346 0.0000 0.2000E-04 0.1000E+01
 175 0.2622E-04 0.2395E+04 0.1807E-01 0.5432E+02 0.1507E+06 0.2847E+00 14.326 0.0000 0.2000E-04 0.1000E+01
 180 0.2762E-04 0.2398E+04 0.1776E-01 0.5371E+02 0.1517E+06 0.2913E+00 14.305 0.0000 0.2000E-04 0.1000E+01
 185 0.2906E-04 0.2401E+04 0.1745E-01 0.5312E+02 0.1528E+06 0.2980E+00 14.285 0.0000 0.2000E-04 0.1000E+01
 190 0.3054E-04 0.2403E+04 0.1715E-01 0.5253E+02 0.1539E+06 0.3049E+00 14.265 0.0000 0.2000E-04 0.1000E+01
 195 0.3206E-04 0.2406E+04 0.1685E-01 0.5195E+02 0.1549E+06 0.3120E+00 14.245 0.0000 0.2000E-04 0.1000E+01
 200 0.3362E-04 0.2409E+04 0.1656E-01 0.5138E+02 0.1560E+06 0.3192E+00 14.225 0.0000 0.2000E-04 0.1000E+01
 205 0.3522E-04 0.2412E+04 0.1627E-01 0.5082E+02 0.1571E+06 0.3266E+00 14.204 0.0000 0.2000E-04 0.1000E+01
 210 0.3687E-04 0.2414E+04 0.1599E-01 0.5027E+02 0.1582E+06 0.3342E+00 14.184 0.0000 0.2000E-04 0.1000E+01
 215 0.3857E-04 0.2417E+04 0.1571E-01 0.4972E+02 0.1592E+06 0.3419E+00 14.163 0.0000 0.2000E-04 0.1000E+01
 220 0.4032E-04 0.2419E+04 0.1543E-01 0.4918E+02 0.1603E+06 0.3499E+00 14.143 0.0000 0.2000E-04 0.1000E+01
 225 0.4212E-04 0.2422E+04 0.1516E-01 0.4864E+02 0.1614E+06 0.3580E+00 14.122 0.0000 0.2000E-04 0.1000E+01
 230 0.4397E-04 0.2424E+04 0.1489E-01 0.4811E+02 0.1626E+06 0.3663E+00 14.101 0.0000 0.2000E-04 0.1000E+01
 235 0.4586E-04 0.2427E+04 0.1463E-01 0.4760E+02 0.1637E+06 0.3748E+00 14.080 0.0000 0.2000E-04 0.1000E+01
 240 0.4780E-04 0.2429E+04 0.1437E-01 0.4709E+02 0.1648E+06 0.3834E+00 14.059 0.0000 0.2000E-04 0.1000E+01
 245 0.4979E-04 0.2431E+04 0.1412E-01 0.4659E+02 0.1659E+06 0.3923E+00 14.039 0.0000 0.2000E-04 0.1000E+01
 250 0.5183E-04 0.2433E+04 0.1388E-01 0.4610E+02 0.1670E+06 0.4012E+00 14.018 0.0000 0.2000E-04 0.1000E+01
 255 0.5391E-04 0.2436E+04 0.1363E-01 0.4561E+02 0.1682E+06 0.4104E+00 13.997 0.0000 0.2000E-04 0.1000E+01
 260 0.5605E-04 0.2438E+04 0.1339E-01 0.4513E+02 0.1693E+06 0.4198E+00 13.976 0.0000 0.2000E-04 0.1000E+01
 265 0.5823E-04 0.2440E+04 0.1316E-01 0.4466E+02 0.1704E+06 0.4294E+00 13.955 0.0000 0.2000E-04 0.1000E+01
 270 0.6048E-04 0.2441E+04 0.1293E-01 0.4420E+02 0.1716E+06 0.4392E+00 13.935 0.0000 0.2000E-04 0.1000E+01
 275 0.6278E-04 0.2443E+04 0.1270E-01 0.4374E+02 0.1727E+06 0.4491E+00 13.914 0.0000 0.2000E-04 0.1000E+01
 280 0.6513E-04 0.2445E+04 0.1248E-01 0.4329E+02 0.1739E+06 0.4592E+00 13.893 0.0000 0.2000E-04 0.1000E+01
 285 0.6755E-04 0.2447E+04 0.1226E-01 0.4285E+02 0.1750E+06 0.4696E+00 13.872 0.0000 0.2000E-04 0.1000E+01
 290 0.7003E-04 0.2449E+04 0.1205E-01 0.4242E+02 0.1761E+06 0.4801E+00 13.851 0.0000 0.2000E-04 0.1000E+01
 295 0.7258E-04 0.2451E+04 0.1184E-01 0.4199E+02 0.1773E+06 0.4909E+00 13.830 0.0000 0.2000E-04 0.1000E+01
 300 0.7518E-04 0.2452E+04 0.1163E-01 0.4157E+02 0.1785E+06 0.5019E+00 13.810 0.0000 0.2000E-04 0.1000E+01
 305 0.7786E-04 0.2454E+04 0.1143E-01 0.4115E+02 0.1796E+06 0.5132E+00 13.789 0.0000 0.2000E-04 0.1000E+01
 310 0.8060E-04 0.2455E+04 0.1123E-01 0.4074E+02 0.1808E+06 0.5247E+00 13.768 0.0000 0.2000E-04 0.1000E+01
 315 0.8342E-04 0.2457E+04 0.1104E-01 0.4033E+02 0.1820E+06 0.5365E+00 13.747 0.0000 0.2000E-04 0.1000E+01
 320 0.8630E-04 0.2458E+04 0.1085E-01 0.3993E+02 0.1831E+06 0.5485E+00 13.726 0.0000 0.2000E-04 0.1000E+01
 325 0.8927E-04 0.2460E+04 0.1066E-01 0.3953E+02 0.1843E+06 0.5608E+00 13.705 0.0000 0.2000E-04 0.1000E+01
 330 0.9231E-04 0.2461E+04 0.1047E-01 0.3914E+02 0.1855E+06 0.5734E+00 13.683 0.0000 0.2000E-04 0.1000E+01
 335 0.9543E-04 0.2463E+04 0.1029E-01 0.3875E+02 0.1867E+06 0.5863E+00 13.662 0.0000 0.2000E-04 0.1000E+01
 340 0.9863E-04 0.2464E+04 0.1011E-01 0.3837E+02 0.1879E+06 0.5995E+00 13.641 0.0000 0.2000E-04 0.1000E+01
 345 0.1019E-03 0.2466E+04 0.9937E-02 0.3799E+02 0.1892E+06 0.6130E+00 13.620 0.0000 0.2000E-04 0.1000E+01
 350 0.1053E-03 0.2467E+04 0.9765E-02 0.3762E+02 0.1904E+06 0.6268E+00 13.598 0.0000 0.2000E-04 0.1000E+01
 355 0.1088E-03 0.2469E+04 0.9596E-02 0.3725E+02 0.1916E+06 0.6410E+00 13.577 0.0000 0.2000E-04 0.1000E+01
 360 0.1123E-03 0.2470E+04 0.9431E-02 0.3688E+02 0.1928E+06 0.6554E+00 13.555 0.0000 0.2000E-04 0.1000E+01
 365 0.1160E-03 0.2471E+04 0.9271E-02 0.3653E+02 0.1941E+06 0.6702E+00 13.534 0.0000 0.2000E-04 0.1000E+01
 370 0.1197E-03 0.2473E+04 0.9113E-02 0.3617E+02 0.1953E+06 0.6854E+00 13.512 0.0000 0.2000E-04 0.1000E+01
 375 0.1236E-03 0.2474E+04 0.8957E-02 0.3582E+02 0.1966E+06 0.7009E+00 13.491 0.0000 0.2000E-04 0.1000E+01
 380 0.1275E-03 0.2476E+04 0.8804E-02 0.3547E+02 0.1979E+06 0.7168E+00 13.469 0.0000 0.2000E-04 0.1000E+01
 385 0.1316E-03 0.2477E+04 0.8654E-02 0.3512E+02 0.1991E+06 0.7331E+00 13.447 0.0000 0.2000E-04 0.1000E+01
 390 0.1357E-03 0.2479E+04 0.8509E-02 0.3478E+02 0.2004E+06 0.7498E+00 13.426 0.0000 0.2000E-04 0.1000E+01
 395 0.1400E-03 0.2481E+04 0.8367E-02 0.3445E+02 0.2017E+06 0.7668E+00 13.404 0.0000 0.2000E-04 0.1000E+01
 400 0.1444E-03 0.2482E+04 0.8227E-02 0.3411E+02 0.2030E+06 0.7843E+00 13.382 0.0000 0.2000E-04 0.1000E+01
 405 0.1489E-03 0.2484E+04 0.8089E-02 0.3378E+02 0.2043E+06 0.8021E+00 13.360 0.0000 0.2000E-04 0.1000E+01
 410 0.1535E-03 0.2485E+04 0.7953E-02 0.3346E+02 0.2056E+06 0.8203E+00 13.338 0.0000 0.2000E-04 0.1000E+01
 415 0.1582E-03 0.2487E+04 0.7820E-02 0.3314E+02 0.2069E+06 0.8390E+00 13.316 0.0000 0.2000E-04 0.1000E+01
 420 0.1631E-03 0.2488E+04 0.7688E-02 0.3282E+02 0.2082E+06 0.8581E+00 13.294 0.0000 0.2000E-04 0.1000E+01
 425 0.1680E-03 0.2490E+04 0.7558E-02 0.3250E+02 0.2096E+06 0.8776E+00 13.271 0.0000 0.2000E-04 0.1000E+01
 430 0.1732E-03 0.2491E+04 0.7430E-02 0.3219E+02 0.2109E+06 0.8976E+00 13.249 0.0000 0.2000E-04 0.1000E+01
 435 0.1784E-03 0.2492E+04 0.7304E-02 0.3188E+02 0.2122E+06 0.9181E+00 13.227 0.0000 0.2000E-04 0.1000E+01
 440 0.1838E-03 0.2493E+04 0.7180E-02 0.3158E+02 0.2136E+06 0.9391E+00 13.204 0.0000 0.2000E-04 0.1000E+01
 445 0.1893E-03 0.2495E+04 0.7057E-02 0.3128E+02 0.2149E+06 0.9605E+00 13.182 0.0000 0.2000E-04 0.1000E+01
 450 0.1950E-03 0.2496E+04 0.6936E-02 0.3098E+02 0.2163E+06 0.9825E+00 13.159 0.0000 0.2000E-04 0.1000E+01
 455 0.2008E-03 0.2497E+04 0.6816E-02 0.3068E+02 0.2176E+06 0.1005E+01 13.137 0.0000 0.2000E-04 0.1000E+01
 460 0.2068E-03 0.2498E+04 0.6698E-02 0.3039E+02 0.2189E+06 0.1028E+01 13.114 0.0000 0.2000E-04 0.1000E+01
 465 0.2130E-03 0.2499E+04 0.6582E-02 0.3010E+02 0.2203E+06 0.1052E+01 13.092 0.0000 0.2000E-04 0.1000E+01
 470 0.2193E-03 0.2500E+04 0.6467E-02 0.2982E+02 0.2217E+06 0.1076E+01 13.069 0.0000 0.2000E-04 0.1000E+01
 475 0.2257E-03 0.2501E+04 0.6354E-02 0.2954E+02 0.2230E+06 0.1100E+01 13.046 0.0000 0.2000E-04 0.1000E+01
 480 0.2324E-03 0.2501E+04 0.6242E-02 0.2926E+02 0.2244E+06 0.1125E+01 13.023 0.0000 0.2000E-04 0.1000E+01
 485 0.2392E-03 0.2502E+04 0.6132E-02 0.2898E+02 0.2257E+06 0.1151E+01 13.000 0.0000 0.2000E-04 0.1000E+01
 490 0.2462E-03 0.2503E+04 0.6024E-02 0.2871E+02 0.2271E+06 0.1177E+01 12.977 0.0000 0.2000E-04 0.1000E+01
 495 0.2534E-03 0.2504E+04 0.5918E-02 0.2844E+02 0.2284E+06 0.1204E+01 12.954 0.0000 0.2000E-04 0.1000E+01
 500 0.2608E-03 0.2504E+04 0.5813E-02 0.2817E+02 0.2298E+06 0.1232E+01 12.931 0.0000 0.2000E-04 0.1000E+01
 505 0.2683E-03 0.2505E+04 0.5710E-02 0.2791E+02 0.2311E+06 0.1260E+01 12.908 0.0000 0.2000E-04 0.1000E+01
 510 0.2761E-03 0.2505E+04 0.5608E-02 0.2765E+02 0.2325E+06 0.1289E+01 12.885 0.0000 0.2000E-04 0.1000E+01
 515 0.2841E-03 0.2506E+04 0.5508E-02 0.2739E+02 0.2338E+06 0.1318E+01 12.861 0.0000 0.2000E-04 0.1000E+01
 520 0.2922E-03 0.2506E+04 0.5409E-02 0.2714E+02 0.2352E+06 0.1348E+01 12.838 0.0000 0.2000E-04 0.1000E+01
 525 0.3006E-03 0.2507E+04 0.5314E-02 0.2688E+02 0.2365E+06 0.1379E+01 12.815 0.0000 0.2000E-04 0.1000E+01
 530 0.3092E-03 0.2507E+04 0.5221E-02 0.2664E+02 0.2379E+06 0.1411E+01 12.792 0.0000 0.2000E-04 0.1000E+01
 535 0.3180E-03 0.2508E+04 0.5130E-02 0.2639E+02 0.2392E+06 0.1443E+01 12.768 0.0000 0.2000E-04 0.1000E+01
 540 0.3270E-03 0.2508E+04 0.5040E-02 0.2615E+02 0.2405E+06 0.1475E+01 12.745 0.0000 0.2000E-04 0.1000E+01
 545 0.3363E-03 0.2509E+04 0.4951E-02 0.2591E+02 0.2419E+06 0.1509E+01 12.721 0.0000 0.2000E-04 0.1000E+01
 550 0.3458E-03 0.2509E+04 0.4863E-02 0.2567E+02 0.2432E+06 0.1543E+01 12.698 0.0000 0.2000E-04 0.1000E+01
 555 0.3556E-03 0.2509E+04 0.4777E-02 0.2543E+02 0.2445E+06 0.1578E+01 12.674 0.0000 0.2000E-04 0.1000E+01
 560 0.3656E-03 0.2510E+04 0.4692E-02 0.2520E+02 0.2458E+06 0.1614E+01 12.650 0.0000 0.2000E-04 0.1000E+01
 565 0.3759E-03 0.2510E+04 0.4608E-02 0.2497E+02 0.2471E+06 0.1651E+01 12.627 0.0000 0.2000E-04 0.1000E+01
 570 0.3865E-03 0.2510E+04 0.4526E-02 0.2474E+02 0.2484E+06 0.1688E+01 12.603 0.0000 0.2000E-04 0.1000E+01
 575 0.3974E-03 0.2510E+04 0.4444E-02 0.2452E+02 0.2498E+06 0.1727E+01 12.579 0.0000 0.2000E-04 0.1000E+01
 580 0.4085E-03 0.2510E+04 0.4363E-02 0.2430E+02 0.2511E+06 0.1766E+01 12.555 0.0000 0.2000E-04 0.1000E+01
 585 0.4200E-03 0.2510E+04 0.4283E-02 0.2407E+02 0.2524E+06 0.1806E+01 12.531 0.0000 0.2000E-04 0.1000E+01
 590 0.4319E-03 0.2510E+04 0.4203E-02 0.2385E+02 0.2537E+06 0.1848E+01 12.506 0.0000 0.2000E-04 0.1000E+01
 595 0.4441E-03 0.2509E+04 0.4125E-02 0.2364E+02 0.2550E+06 0.1890E+01 12.482 0.0000 0.2000E-04 0.1000E+01
 600 0.4566E-03 0.2509E+04 0.4048E-02 0.2342E+02 0.2564E+06 0.1934E+01 12.458 0.0000 0.2000E-04 0.1000E+01
 605 0.4695E-03 0.2509E+04 0.3973E-02 0.2321E+02 0.2577E+06 0.1978E+01 12.433 0.0000 0.2000E-04 0.1000E+01
 610 0.4828E-03 0.2508E+04 0.3898E-02 0.2300E+02 0.2590E+06 0.2024E+01 12.408 0.0000 0.2000E-04 0.1000E+01
 615 0.4965E-03 0.2508E+04 0.3824E-02 0.2279E+02 0.2603E+06 0.2071E+01 12.383 0.0000 0.2000E-04 0.1000E+01
 620 0.5106E-03 0.2507E+04 0.3750E-02 0.2258E+02 0.2617E+06 0.2119E+01 12.359 0.0000 0.2000E-04 0.1000E+01
 625 0.5250E-03 0.2506E+04 0.3678E-02 0.2237E+02 0.2630E+06 0.2168E+01 12.334 0.0000 0.2000E-04 0.1000E+01
 630 0.5398E-03 0.2505E+04 0.3606E-02 0.2217E+02 0.2643E+06 0.2218E+01 12.309 0.0000 0.2000E-04 0.1000E+01
 635 0.5549E-03 0.2504E+04 0.3536E-02 0.2197E+02 0.2656E+06 0.2269E+01 12.284 0.0000 0.2000E-04 0.1000E+01
 640 0.5705E-03 0.2503E+04 0.3466E-02 0.2177E+02 0.2669E+06 0.2322E+01 12.259 0.0000 0.2000E-04 0.1000E+01
 645 0.5866E-03 0.2502E+04 0.3397E-02 0.2158E+02 0.2683E+06 0.2375E+01 12.233 0.0000 0.2000E-04 0.1000E+01
 650 0.6031E-03 0.2500E+04 0.3329E-02 0.2138E+02 0.2696E+06 0.2430E+01 12.208 0.0000 0.2000E-04 0.1000E+01
 655 0.6200E-03 0.2499E+04 0.3262E-02 0.2119E+02 0.2709E+06 0.2486E+01 12.183 0.0000 0.2000E-04 0.1000E+01
 660 0.6374E-03 0.2497E+04 0.3196E-02 0.2100E+02 0.2722E+06 0.2544E+01 12.158 0.0000 0.2000E-04 0.1000E+01
 665 0.6552E-03 0.2496E+04 0.3132E-02 0.2082E+02 0.2735E+06 0.2602E+01 12.133 0.0000 0.2000E-04 0.1000E+01
 670 0.6736E-03 0.2494E+04 0.3068E-02 0.2063E+02 0.2748E+06 0.2662E+01 12.107 0.0000 0.2000E-04 0.1000E+01
 675 0.6925E-03 0.2493E+04 0.3007E-02 0.2045E+02 0.2761E+06 0.2724E+01 12.082 0.0000 0.2000E-04 0.1000E+01
 680 0.7119E-03 0.2491E+04 0.2946E-02 0.2027E+02 0.2773E+06 0.2787E+01 12.056 0.0000 0.2000E-04 0.1000E+01
 685 0.7319E-03 0.2490E+04 0.2887E-02 0.2009E+02 0.2786E+06 0.2851E+01 12.030 0.0000 0.2000E-04 0.1000E+01
 690 0.7524E-03 0.2488E+04 0.2828E-02 0.1991E+02 0.2799E+06 0.2917E+01 12.005 0.0000 0.2000E-04 0.1000E+01
 695 0.7735E-03 0.2486E+04 0.2771E-02 0.1974E+02 0.2812E+06 0.2985E+01 11.979 0.0000 0.2000E-04 0.1000E+01
 700 0.7952E-03 0.2484E+04 0.2714E-02 0.1956E+02 0.2824E+06 0.3054E+01 11.953 0.0000 0.2000E-04 0.1000E+01
 705 0.8175E-03 0.2482E+04 0.2658E-02 0.1939E+02 0.2837E+06 0.3124E+01 11.927 0.0000 0.2000E-04 0.1000E+01
 710 0.8405E-03 0.2480E+04 0.2604E-02 0.1922E+02 0.2849E+06 0.3197E+01 11.901 0.0000 0.2000E-04 0.1000E+01
 715 0.8640E-03 0.2478E+04 0.2550E-02 0.1905E+02 0.2862E+06 0.3271E+01 11.875 0.0000 0.2000E-04 0.1000E+01
 720 0.8882E-03 0.2476E+04 0.2497E-02 0.1889E+02 0.2874E+06 0.3347E+01 11.849 0.0000 0.2000E-04 0.1000E+01
 725 0.9129E-03 0.2474E+04 0.2446E-02 0.1872E+02 0.2886E+06 0.3424E+01 11.823 0.0000 0.2000E-04 0.1000E+01
 730 0.9382E-03 0.2472E+04 0.2395E-02 0.1856E+02 0.2898E+06 0.3502E+01 11.797 0.0000 0.2000E-04 0.1000E+01
 735 0.9641E-03 0.2469E+04 0.2346E-02 0.1840E+02 0.2910E+06 0.3582E+01 11.772 0.0000 0.2000E-04 0.1000E+01
 740 0.9905E-03 0.2467E+04 0.2297E-02 0.1825E+02 0.2922E+06 0.3663E+01 11.746 0.0000 0.2000E-04 0.1000E+01
 745 0.1018E-02 0.2465E+04 0.2250E-02 0.1809E+02 0.2934E+06 0.3745E+01 11.720 0.0000 0.2000E-04 0.1000E+01
 750 0.1045E-02 0.2462E+04 0.2203E-02 0.1794E+02 0.2945E+06 0.3829E+01 11.694 0.0000 0.2000E-04 0.1000E+01
 755 0.1074E-02 0.2459E+04 0.2157E-02 0.1779E+02 0.2957E+06 0.3915E+01 11.669 0.0000 0.2000E-04 0.1000E+01
 760 0.1103E-02 0.2457E+04 0.2112E-02 0.1765E+02 0.2968E+06 0.4002E+01 11.643 0.0000 0.2000E-04 0.1000E+01
 765 0.1132E-02 0.2454E+04 0.2069E-02 0.1750E+02 0.2979E+06 0.4090E+01 11.618 0.0001 0.2000E-04 0.1000E+01
 770 0.1162E-02 0.2451E+04 0.2025E-02 0.1736E+02 0.2990E+06 0.4180E+01 11.592 0.0001 0.2000E-04 0.1000E+01
 775 0.1193E-02 0.2448E+04 0.1983E-02 0.1722E+02 0.3001E+06 0.4271E+01 11.567 0.0001 0.2000E-04 0.1000E+01
 780 0.1225E-02 0.2445E+04 0.1941E-02 0.1708E+02 0.3012E+06 0.4364E+01 11.541 0.0001 0.2000E-04 0.1000E+01
 785 0.1257E-02 0.2441E+04 0.1900E-02 0.1695E+02 0.3022E+06 0.4458E+01 11.516 0.0001 0.2000E-04 0.1000E+01
 790 0.1290E-02 0.2438E+04 0.1860E-02 0.1681E+02 0.3032E+06 0.4554E+01 11.491 0.0001 0.2000E-04 0.1000E+01
 795 0.1324E-02 0.2434E+04 0.1820E-02 0.1668E+02 0.3043E+06 0.4651E+01 11.466 0.0001 0.2000E-04 0.1000E+01
 800 0.1359E-02 0.2431E+04 0.1781E-02 0.1655E+02 0.3053E+06 0.4750E+01 11.441 0.0001 0.2000E-04 0.1000E+01
 805 0.1394E-02 0.2427E+04 0.1743E-02 0.1642E+02 0.3062E+06 0.4850E+01 11.416 0.0001 0.2000E-04 0.1000E+01
 810 0.1430E-02 0.2423E+04 0.1706E-02 0.1630E+02 0.3072E+06 0.4951E+01 11.391 0.0001 0.2000E-04 0.1000E+01
 815 0.1467E-02 0.2419E+04 0.1669E-02 0.1617E+02 0.3081E+06 0.5054E+01 11.366 0.0001 0.2000E-04 0.1000E+01
 820 0.1504E-02 0.2415E+04 0.1632E-02 0.1605E+02 0.3091E+06 0.5159E+01 11.342 0.0002 0.2000E-04 0.1000E+01
 825 0.1543E-02 0.2411E+04 0.1597E-02 0.1593E+02 0.3100E+06 0.5264E+01 11.317 0.0002 0.2000E-04 0.1000E+01
 830 0.1582E-02 0.2406E+04 0.1561E-02 0.1581E+02 0.3109E+06 0.5372E+01 11.293 0.0002 0.2000E-04 0.1000E+01
 835 0.1622E-02 0.2402E+04 0.1526E-02 0.1570E+02 0.3117E+06 0.5480E+01 11.268 0.0002 0.2000E-04 0.1000E+01
 840 0.1662E-02 0.2397E+04 0.1492E-02 0.1558E+02 0.3126E+06 0.5590E+01 11.244 0.0002 0.2000E-04 0.1000E+01
 845 0.1704E-02 0.2392E+04 0.1459E-02 0.1547E+02 0.3134E+06 0.5701E+01 11.220 0.0003 0.2000E-04 0.1000E+01
 850 0.1747E-02 0.2387E+04 0.1426E-02 0.1536E+02 0.3142E+06 0.5814E+01 11.196 0.0003 0.2000E-04 0.1000E+01
 855 0.1790E-02 0.2382E+04 0.1394E-02 0.1525E+02 0.3150E+06 0.5928E+01 11.172 0.0003 0.2000E-04 0.1000E+01
 860 0.1834E-02 0.2377E+04 0.1363E-02 0.1514E+02 0.3158E+06 0.6044E+01 11.148 0.0003 0.2000E-04 0.1000E+01
 865 0.1880E-02 0.2371E+04 0.1332E-02 0.1504E+02 0.3165E+06 0.6161E+01 11.125 0.0004 0.2000E-04 0.1000E+01
 870 0.1925E-02 0.2366E+04 0.1302E-02 0.1494E+02 0.3173E+06 0.6277E+01 11.102 0.0004 0.2000E-04 0.1000E+01
 875 0.1970E-02 0.2361E+04 0.1274E-02 0.1484E+02 0.3180E+06 0.6392E+01 11.079 0.0004 0.2000E-04 0.1000E+01
 880 0.2016E-02 0.2356E+04 0.1247E-02 0.1474E+02 0.3186E+06 0.6507E+01 11.057 0.0005 0.2000E-04 0.1000E+01
 885 0.2062E-02 0.2351E+04 0.1220E-02 0.1465E+02 0.3193E+06 0.6621E+01 11.035 0.0005 0.2000E-04 0.1000E+01
 890 0.2108E-02 0.2346E+04 0.1195E-02 0.1456E+02 0.3199E+06 0.6735E+01 11.014 0.0006 0.2000E-04 0.1000E+01
 895 0.2154E-02 0.2341E+04 0.1171E-02 0.1447E+02 0.3205E+06 0.6847E+01 10.993 0.0006 0.2000E-04 0.1000E+01
 900 0.2199E-02 0.2336E+04 0.1147E-02 0.1439E+02 0.3211E+06 0.6959E+01 10.972 0.0007 0.2000E-04 0.1000E+01
 905 0.2245E-02 0.2331E+04 0.1125E-02 0.1431E+02 0.3216E+06 0.7070E+01 10.952 0.0007 0.2000E-04 0.1000E+01
 910 0.2291E-02 0.2326E+04 0.1103E-02 0.1423E+02 0.3221E+06 0.7181E+01 10.933 0.0008 0.2000E-04 0.1000E+01
 915 0.2338E-02 0.2321E+04 0.1082E-02 0.1415E+02 0.3226E+06 0.7291E+01 10.913 0.0008 0.2000E-04 0.1000E+01
 920 0.2385E-02 0.2316E+04 0.1061E-02 0.1407E+02 0.3231E+06 0.7402E+01 10.894 0.0009 0.2000E-04 0.1000E+01
 925 0.2432E-02 0.2311E+04 0.1042E-02 0.1400E+02 0.3235E+06 0.7512E+01 10.875 0.0009 0.2000E-04 0.1000E+01
 930 0.2480E-02 0.2307E+04 0.1022E-02 0.1393E+02 0.3240E+06 0.7623E+01 10.857 0.0010 0.2000E-04 0.1000E+01
 935 0.2527E-02 0.2302E+04 0.1004E-02 0.1385E+02 0.3244E+06 0.7733E+01 10.838 0.0010 0.2000E-04 0.1000E+01
 940 0.2575E-02 0.2297E+04 0.9856E-03 0.1379E+02 0.3248E+06 0.7843E+01 10.820 0.0011 0.2000E-04 0.1000E+01
 945 0.2623E-02 0.2293E+04 0.9682E-03 0.1372E+02 0.3252E+06 0.7952E+01 10.802 0.0012 0.2000E-04 0.1000E+01
 950 0.2672E-02 0.2288E+04 0.9513E-03 0.1365E+02 0.3256E+06 0.8061E+01 10.785 0.0012 0.2000E-04 0.1000E+01
 955 0.2721E-02 0.2284E+04 0.9348E-03 0.1359E+02 0.3259E+06 0.8170E+01 10.767 0.0013 0.2000E-04 0.1000E+01
 960 0.2770E-02 0.2279E+04 0.9189E-03 0.1352E+02 0.3263E+06 0.8280E+01 10.750 0.0014 0.2000E-04 0.1000E+01
 965 0.2820E-02 0.2275E+04 0.9035E-03 0.1346E+02 0.3266E+06 0.8390E+01 10.733 0.0014 0.2000E-04 0.1000E+01
 970 0.2870E-02 0.2271E+04 0.8885E-03 0.1340E+02 0.3269E+06 0.8500E+01 10.716 0.0015 0.2000E-04 0.1000E+01
 975 0.2921E-02 0.2266E+04 0.8740E-03 0.1334E+02 0.3272E+06 0.8610E+01 10.699 0.0016 0.2000E-04 0.1000E+01
 980 0.2972E-02 0.2262E+04 0.8599E-03 0.1328E+02 0.3275E+06 0.8720E+01 10.682 0.0017 0.2000E-04 0.1000E+01
 983 0.3000E-02 0.2260E+04 0.8525E-03 0.1324E+02 0.3277E+06 0.8781E+01 10.673 0.0017 0.2000E-04 0.1000E+01
 985 0.3021E-02 0.2259E+04 0.8471E-03 0.1322E+02 0.3278E+06 0.8825E+01 10.667 0.0017 0.2000E-04 0.1000E+01
 990 0.3072E-02 0.2255E+04 0.8339E-03 0.1316E+02 0.3280E+06 0.8935E+01 10.651 0.0018 0.2000E-04 0.1000E+01
 995 0.3125E-02 0.2251E+04 0.8211E-03 0.1311E+02 0.3283E+06 0.9046E+01 10.634 0.0019 0.2000E-04 0.1000E+01
1000 0.3177E-02 0.2247E+04 0.8087E-03 0.1305E+02 0.3285E+06 0.9157E+01 10.618 0.0020 0.2000E-04 0.1000E+01
1005 0.3230E-02 0.2244E+04 0.7967E-03 0.1299E+02 0.3288E+06 0.9268E+01 10.602 0.0021 0.2000E-04 0.1000E+01
1010 0.3284E-02 0.2240E+04 0.7849E-03 0.1294E+02 0.3290E+06 0.9380E+01 10.586 0.0022 0.2000E-04 0.1000E+01
1015 0.3339E-02 0.2236E+04 0.7735E-03 0.1289E+02 0.3292E+06 0.9492E+01 10.570 0.0023 0.2000E-04 0.1000E+01
1020 0.3394E-02 0.2233E+04 0.7624E-03 0.1283E+02 0.3294E+06 0.9605E+01 10.555 0.0024 0.2000E-04 0.1000E+01
1025 0.3449E-02 0.2230E+04 0.7516E-03 0.1278E+02 0.3296E+06 0.9719E+01 10.539 0.0025 0.2000E-04 0.1000E+01
1030 0.3505E-02 0.2226E+04 0.7410E-03 0.1273E+02 0.3297E+06 0.9833E+01 10.523 0.0026 0.2000E-04 0.1000E+01
1035 0.3561E-02 0.2223E+04 0.7307E-03 0.1268E+02 0.3299E+06 0.9947E+01 10.508 0.0027 0.2000E-04 0.1000E+01
1040 0.3618E-02 0.2220E+04 0.7205E-03 0.1263E+02 0.3300E+06 0.1006E+02 10.492 0.0028 0.2000E-04 0.1000E+01
1045 0.3676E-02 0.2216E+04 0.7105E-03 0.1258E+02 0.3302E+06 0.1018E+02 10.477 0.0029 0.2000E-04 0.1000E+01
1050 0.3734E-02 0.2213E+04 0.7005E-03 0.1253E+02 0.3303E+06 0.1029E+02 10.462 0.0030 0.2000E-04 0.1000E+01
1055 0.3793E-02 0.2209E+04 0.6907E-03 0.1248E+02 0.3304E+06 0.1041E+02 10.446 0.0031 0.2000E-04 0.1000E+01
1060 0.3852E-02 0.2206E+04 0.6810E-03 0.1243E+02 0.3305E+06 0.1053E+02 10.431 0.0032 0.2000E-04 0.1000E+01
1065 0.3912E-02 0.2202E+04 0.6714E-03 0.1238E+02 0.3306E+06 0.1064E+02 10.416 0.0033 0.2000E-04 0.1000E+01
1070 0.3973E-02 0.2198E+04 0.6618E-03 0.1234E+02 0.3307E+06 0.1076E+02 10.401 0.0035 0.2000E-04 0.1000E+01
1075 0.4034E-02 0.2195E+04 0.6524E-03 0.1229E+02 0.3307E+06 0.1088E+02 10.386 0.0036 0.2000E-04 0.1000E+01
1080 0.4096E-02 0.2191E+04 0.6429E-03 0.1224E+02 0.3308E+06 0.1100E+02 10.371 0.0037 0.2000E-04 0.1000E+01
1085 0.4159E-02 0.2187E+04 0.6335E-03 0.1220E+02 0.3308E+06 0.1112E+02 10.356 0.0038 0.2000E-04 0.1000E+01
1090 0.4222E-02 0.2183E+04 0.6241E-03 0.1215E+02 0.3309E+06 0.1124E+02 10.341 0.0040 0.2000E-04 0.1000E+01
1095 0.4286E-02 0.2178E+04 0.6147E-03 0.1211E+02 0.3309E+06 0.1136E+02 10.327 0.0041 0.2000E-04 0.1000E+01
1100 0.4352E-02 0.2174E+04 0.6052E-03 0.1206E+02 0.3309E+06 0.1148E+02 10.312 0.0042 0.2000E-04 0.1000E+01
1105 0.4417E-02 0.2169E+04 0.5952E-03 0.1202E+02 0.3309E+06 0.1160E+02 10.297 0.0044 0.2000E-04 0.1000E+01
1110 0.4484E-02 0.2163E+04 0.5846E-03 0.1198E+02 0.3309E+06 0.1172E+02 10.282 0.0045 0.2000E-04 0.1000E+01
1115 0.4552E-02 0.2157E+04 0.5740E-03 0.1193E+02 0.3309E+06 0.1185E+02 10.268 0.0047 0.1999E-04 0.1000E+01
1120 0.4622E-02 0.2151E+04 0.5635E-03 0.1189E+02 0.3308E+06 0.1197E+02 10.253 0.0048 0.1999E-04 0.1000E+01
1125 0.4692E-02 0.2144E+04 0.5530E-03 0.1185E+02 0.3308E+06 0.1209E+02 10.239 0.0050 0.1999E-04 0.1000E+01
1130 0.4763E-02 0.2138E+04 0.5426E-03 0.1181E+02 0.3307E+06 0.1222E+02 10.224 0.0052 0.1999E-04 0.1000E+01
1135 0.4836E-02 0.2132E+04 0.5322E-03 0.1177E+02 0.3307E+06 0.1234E+02 10.210 0.0053 0.1999E-04 0.1000E+01
1140 0.4910E-02 0.2125E+04 0.5219E-03 0.1173E+02 0.3306E+06 0.1247E+02 10.195 0.0055 0.1999E-04 0.1000E+01
1145 0.4985E-02 0.2118E+04 0.5117E-03 0.1169E+02 0.3305E+06 0.1260E+02 10.181 0.0057 0.1999E-04 0.1000E+01
1150 0.5062E-02 0.2111E+04 0.5016E-03 0.1165E+02 0.3304E+06 0.1272E+02 10.166 0.0059 0.1999E-04 0.1000E+01
1155 0.5140E-02 0.2104E+04 0.4915E-03 0.1161E+02 0.3303E+06 0.1285E+02 10.152 0.0061 0.1999E-04 0.1000E+01
1160 0.5219E-02 0.2096E+04 0.4813E-03 0.1157E+02 0.3302E+06 0.1298E+02 10.137 0.0063 0.1999E-04 0.1000E+01
1165 0.5300E-02 0.2089E+04 0.4710E-03 0.1153E+02 0.3300E+06 0.1311E+02 10.123 0.0065 0.1999E-04 0.1000E+01
1170 0.5383E-02 0.2081E+04 0.4608E-03 0.1149E+02 0.3299E+06 0.1324E+02 10.109 0.0067 0.1999E-04 0.1000E+01
1175 0.5467E-02 0.2073E+04 0.4505E-03 0.1145E+02 0.3297E+06 0.1337E+02 10.095 0.0069 0.1999E-04 0.1000E+01
1180 0.5553E-02 0.2064E+04 0.4403E-03 0.1141E+02 0.3296E+06 0.1350E+02 10.080 0.0071 0.1999E-04 0.1000E+01
1185 0.5641E-02 0.2055E+04 0.4301E-03 0.1138E+02 0.3294E+06 0.1363E+02 10.066 0.0073 0.1999E-04 0.1000E+01
1190 0.5731E-02 0.2046E+04 0.4198E-03 0.1134E+02 0.3292E+06 0.1377E+02 10.052 0.0075 0.1999E-04 0.1000E+01
1195 0.5823E-02 0.2037E+04 0.4094E-03 0.1130E+02 0.3290E+06 0.1390E+02 10.038 0.0078 0.1999E-04 0.1000E+01
1200 0.5917E-02 0.2027E+04 0.3989E-03 0.1127E+02 0.3288E+06 0.1403E+02 10.024 0.0080 0.1999E-04 0.1000E+01
1205 0.6013E-02 0.2016E+04 0.3882E-03 0.1123E+02 0.3286E+06 0.1417E+02 10.010 0.0083 0.1999E-04 0.1000E+01
1210 0.6112E-02 0.2005E+04 0.3775E-03 0.1119E+02 0.3283E+06 0.1430E+02  9.996 0.0086 0.1999E-04 0.1000E+01
1215 0.6213E-02 0.1994E+04 0.3666E-03 0.1116E+02 0.3281E+06 0.1444E+02  9.982 0.0089 0.1999E-04 0.1000E+01
1220 0.6318E-02 0.1982E+04 0.3559E-03 0.1112E+02 0.3278E+06 0.1457E+02  9.968 0.0092 0.1999E-04 0.1000E+01
1225 0.6425E-02 0.1970E+04 0.3452E-03 0.1109E+02 0.3276E+06 0.1471E+02  9.954 0.0095 0.1999E-04 0.1000E+01
1230 0.6535E-02 0.1958E+04 0.3346E-03 0.1105E+02 0.3273E+06 0.1485E+02  9.940 0.0098 0.1999E-04 0.1000E+01
1235 0.6649E-02 0.1946E+04 0.3242E-03 0.1102E+02 0.3270E+06 0.1499E+02  9.926 0.0101 0.1999E-04 0.1000E+01
1240 0.6766E-02 0.1933E+04 0.3139E-03 0.1099E+02 0.3267E+06 0.1512E+02  9.912 0.0105 0.1999E-04 0.1000E+01
1245 0.6887E-02 0.1921E+04 0.3040E-03 0.1095E+02 0.3264E+06 0.1526E+02  9.898 0.0108 0.1999E-04 0.1000E+01
1250 0.7012E-02 0.1908E+04 0.2942E-03 0.1092E+02 0.3261E+06 0.1540E+02  9.884 0.0112 0.1999E-04 0.1000E+01
1255 0.7141E-02 0.1895E+04 0.2845E-03 0.1089E+02 0.3258E+06 0.1554E+02  9.870 0.0116 0.1999E-04 0.1000E+01
1260 0.7274E-02 0.1882E+04 0.2751E-03 0.1085E+02 0.3255E+06 0.1568E+02  9.856 0.0120 0.1999E-04 0.1000E+01
1265 0.7411E-02 0.1869E+04 0.2659E-03 0.1082E+02 0.3252E+06 0.1582E+02  9.842 0.0124 0.1999E-04 0.1000E+01
1270 0.7552E-02 0.1856E+04 0.2571E-03 0.1079E+02 0.3248E+06 0.1597E+02  9.829 0.0128 0.1998E-04 0.1000E+01
1275 0.7698E-02 0.1843E+04 0.2487E-03 0.1076E+02 0.3245E+06 0.1611E+02  9.815 0.0132 0.1998E-04 0.1000E+01
1280 0.7849E-02 0.1831E+04 0.2406E-03 0.1072E+02 0.3241E+06 0.1625E+02  9.801 0.0136 0.1998E-04 0.1000E+01
1285 0.8005E-02 0.1818E+04 0.2328E-03 0.1069E+02 0.3237E+06 0.1640E+02  9.787 0.0140 0.1998E-04 0.1000E+01
1290 0.8166E-02 0.1806E+04 0.2253E-03 0.1066E+02 0.3233E+06 0.1654E+02  9.774 0.0144 0.1998E-04 0.1000E+01
1295 0.8331E-02 0.1794E+04 0.2181E-03 0.1063E+02 0.3229E+06 0.1668E+02  9.760 0.0148 0.1998E-04 0.1000E+01
1300 0.8501E-02 0.1782E+04 0.2111E-03 0.1060E+02 0.3225E+06 0.1683E+02  9.746 0.0152 0.1998E-04 0.1000E+01
1305 0.8677E-02 0.1770E+04 0.2044E-03 0.1057E+02 0.3221E+06 0.1697E+02  9.732 0.0156 0.1998E-04 0.1000E+01
1310 0.8858E-02 0.1759E+04 0.1980E-03 0.1054E+02 0.3217E+06 0.1712E+02  9.719 0.0160 0.1998E-04 0.1000E+01
1315 0.9045E-02 0.1748E+04 0.1918E-03 0.1051E+02 0.3213E+06 0.1727E+02  9.705 0.0164 0.1998E-04 0.1000E+01
1320 0.9237E-02 0.1737E+04 0.1860E-03 0.1048E+02 0.3208E+06 0.1741E+02  9.692 0.0168 0.1998E-04 0.1000E+01
1325 0.9434E-02 0.1726E+04 0.1804E-03 0.1045E+02 0.3204E+06 0.1756E+02  9.678 0.0172 0.1998E-04 0.1000E+01
1330 0.9637E-02 0.1715E+04 0.1752E-03 0.1042E+02 0.3199E+06 0.1771E+02  9.664 0.0176 0.1998E-04 0.1000E+01
1335 0.9845E-02 0.1705E+04 0.1701E-03 0.1039E+02 0.3194E+06 0.1786E+02  9.651 0.0179 0.1998E-04 0.1000E+01
1340 0.1006E-01 0.1695E+04 0.1653E-03 0.1036E+02 0.3190E+06 0.1801E+02  9.637 0.0183 0.1998E-04 0.1000E+01
1345 0.1028E-01 0.1686E+04 0.1608E-03 0.1034E+02 0.3185E+06 0.1816E+02  9.624 0.0186 0.1998E-04 0.1000E+01
1350 0.1050E-01 0.1677E+04 0.1566E-03 0.1031E+02 0.3180E+06 0.1831E+02  9.610 0.0189 0.1997E-04 0.1000E+01
1355 0.1074E-01 0.1668E+04 0.1525E-03 0.1028E+02 0.3175E+06 0.1846E+02  9.597 0.0192 0.1997E-04 0.1000E+01
1360 0.1097E-01 0.1660E+04 0.1485E-03 0.1025E+02 0.3170E+06 0.1861E+02  9.583 0.0195 0.1997E-04 0.1000E+01
1365 0.1121E-01 0.1651E+04 0.1446E-03 0.1022E+02 0.3164E+06 0.1876E+02  9.570 0.0198 0.1997E-04 0.1000E+01
1370 0.1146E-01 0.1642E+04 0.1408E-03 0.1020E+02 0.3159E+06 0.1891E+02  9.556 0.0201 0.1997E-04 0.1000E+01
1375 0.1172E-01 0.1633E+04 0.1371E-03 0.1017E+02 0.3154E+06 0.1906E+02  9.543 0.0204 0.1997E-04 0.1000E+01
1380 0.1198E-01 0.1624E+04 0.1334E-03 0.1014E+02 0.3148E+06 0.1921E+02  9.530 0.0207 0.1997E-04 0.1000E+01
1385 0.1224E-01 0.1615E+04 0.1298E-03 0.1012E+02 0.3143E+06 0.1937E+02  9.516 0.0209 0.1997E-04 0.1000E+01
1390 0.1252E-01 0.1607E+04 0.1263E-03 0.1009E+02 0.3137E+06 0.1952E+02  9.503 0.0212 0.1997E-04 0.1000E+01
1395 0.1280E-01 0.1597E+04 0.1229E-03 0.1006E+02 0.3131E+06 0.1967E+02  9.489 0.0215 0.1997E-04 0.1000E+01
1400 0.1309E-01 0.1588E+04 0.1194E-03 0.1004E+02 0.3126E+06 0.1983E+02  9.476 0.0218 0.1997E-04 0.1000E+01
1405 0.1338E-01 0.1579E+04 0.1160E-03 0.1001E+02 0.3120E+06 0.1998E+02  9.463 0.0221 0.1997E-04 0.1000E+01
1410 0.1368E-01 0.1569E+04 0.1126E-03 0.9988E+01 0.3114E+06 0.2014E+02  9.449 0.0224 0.1997E-04 0.1000E+01
1415 0.1400E-01 0.1560E+04 0.1094E-03 0.9962E+01 0.3108E+06 0.2029E+02  9.436 0.0226 0.1996E-04 0.1000E+01
1420 0.1431E-01 0.1550E+04 0.1062E-03 0.9937E+01 0.3102E+06 0.2044E+02  9.423 0.0229 0.1996E-04 0.1000E+01
1425 0.1464E-01 0.1541E+04 0.1031E-03 0.9912E+01 0.3095E+06 0.2060E+02  9.410 0.0232 0.1996E-04 0.1000E+01
1430 0.1498E-01 0.1531E+04 0.1001E-03 0.9888E+01 0.3089E+06 0.2076E+02  9.397 0.0234 0.1996E-04 0.1000E+01
1435 0.1533E-01 0.1522E+04 0.9719E-04 0.9863E+01 0.3083E+06 0.2091E+02  9.383 0.0237 0.1996E-04 0.1000E+01
1440 0.1568E-01 0.1512E+04 0.9433E-04 0.9839E+01 0.3076E+06 0.2107E+02  9.370 0.0239 0.1996E-04 0.1000E+01
1445 0.1605E-01 0.1503E+04 0.9154E-04 0.9815E+01 0.3070E+06 0.2122E+02  9.357 0.0242 0.1996E-04 0.1000E+01
1450 0.1642E-01 0.1493E+04 0.8882E-04 0.9791E+01 0.3063E+06 0.2138E+02  9.344 0.0244 0.1996E-04 0.1000E+01
1455 0.1681E-01 0.1484E+04 0.8616E-04 0.9768E+01 0.3057E+06 0.2154E+02  9.331 0.0247 0.1996E-04 0.1000E+01
1460 0.1721E-01 0.1474E+04 0.8354E-04 0.9744E+01 0.3050E+06 0.2170E+02  9.318 0.0249 0.1996E-04 0.1000E+01
1465 0.1762E-01 0.1465E+04 0.8099E-04 0.9721E+01 0.3043E+06 0.2185E+02  9.304 0.0251 0.1996E-04 0.1000E+01
1470 0.1804E-01 0.1455E+04 0.7854E-04 0.9698E+01 0.3036E+06 0.2201E+02  9.291 0.0253 0.1995E-04 0.1000E+01
1475 0.1847E-01 0.1446E+04 0.7620E-04 0.9675E+01 0.3029E+06 0.2217E+02  9.278 0.0255 0.1995E-04 0.1000E+01
1480 0.1891E-01 0.1437E+04 0.7397E-04 0.9652E+01 0.3022E+06 0.2233E+02  9.265 0.0257 0.1995E-04 0.1000E+01
1485 0.1937E-01 0.1428E+04 0.7187E-04 0.9630E+01 0.3015E+06 0.2249E+02  9.252 0.0258 0.1995E-04 0.1000E+01
1490 0.1983E-01 0.1420E+04 0.6986E-04 0.9607E+01 0.3008E+06 0.2265E+02  9.239 0.0259 0.1995E-04 0.1000E+01
1495 0.2031E-01 0.1412E+04 0.6793E-04 0.9585E+01 0.3001E+06 0.2281E+02  9.226 0.0260 0.1995E-04 0.1000E+01
1500 0.2080E-01 0.1403E+04 0.6608E-04 0.9563E+01 0.2994E+06 0.2297E+02  9.213 0.0261 0.1995E-04 0.1000E+01
1505 0.2131E-01 0.1396E+04 0.6430E-04 0.9541E+01 0.2987E+06 0.2313E+02  9.200 0.0261 0.1995E-04 0.1000E+01
1510 0.2182E-01 0.1388E+04 0.6258E-04 0.9519E+01 0.2979E+06 0.2329E+02  9.187 0.0262 0.1995E-04 0.1000E+01
1515 0.2235E-01 0.1380E+04 0.6088E-04 0.9498E+01 0.2972E+06 0.2345E+02  9.174 0.0262 0.1995E-04 0.1000E+01
1520 0.2289E-01 0.1372E+04 0.5923E-04 0.9477E+01 0.2964E+06 0.2361E+02  9.161 0.0262 0.1995E-04 0.1000E+01
1525 0.2344E-01 0.1364E+04 0.5764E-04 0.9455E+01 0.2957E+06 0.2377E+02  9.148 0.0262 0.1994E-04 0.1000E+01
1530 0.2401E-01 0.1356E+04 0.5609E-04 0.9434E+01 0.2949E+06 0.2393E+02  9.135 0.0262 0.1994E-04 0.1000E+01
1535 0.2459E-01 0.1349E+04 0.5458E-04 0.9413E+01 0.2942E+06 0.2409E+02  9.122 0.0261 0.1994E-04 0.1000E+01
1540 0.2519E-01 0.1341E+04 0.5311E-04 0.9393E+01 0.2934E+06 0.2425E+02  9.109 0.0261 0.1994E-04 0.1000E+01
1545 0.2580E-01 0.1333E+04 0.5169E-04 0.9372E+01 0.2926E+06 0.2441E+02  9.096 0.0260 0.1994E-04 0.1000E+01
1550 0.2642E-01 0.1326E+04 0.5030E-04 0.9352E+01 0.2918E+06 0.2457E+02  9.083 0.0259 0.1994E-04 0.1000E+01
1555 0.2706E-01 0.1318E+04 0.4895E-04 0.9331E+01 0.2910E+06 0.2474E+02  9.070 0.0259 0.1994E-04 0.1000E+01
1560 0.2771E-01 0.1311E+04 0.4763E-04 0.9311E+01 0.2902E+06 0.2490E+02  9.057 0.0258 0.1994E-04 0.1000E+01
1565 0.2838E-01 0.1303E+04 0.4634E-04 0.9291E+01 0.2894E+06 0.2506E+02  9.044 0.0257 0.1994E-04 0.1000E+01
1570 0.2907E-01 0.1295E+04 0.4509E-04 0.9272E+01 0.2886E+06 0.2522E+02  9.031 0.0256 0.1994E-04 0.1000E+01
1575 0.2977E-01 0.1288E+04 0.4386E-04 0.9252E+01 0.2878E+06 0.2538E+02  9.018 0.0254 0.1994E-04 0.1000E+01
1580 0.3049E-01 0.1280E+04 0.4267E-04 0.9232E+01 0.2870E+06 0.2555E+02  9.005 0.0253 0.1993E-04 0.1000E+01
1585 0.3122E-01 0.1273E+04 0.4151E-04 0.9213E+01 0.2862E+06 0.2571E+02  8.993 0.0252 0.1993E-04 0.1000E+01
1590 0.3198E-01 0.1265E+04 0.4038E-04 0.9194E+01 0.2853E+06 0.2587E+02  8.980 0.0250 0.1993E-04 0.1000E+01
1595 0.3275E-01 0.1258E+04 0.3928E-04 0.9175E+01 0.2845E+06 0.2603E+02  8.967 0.0248 0.1993E-04 0.1000E+01
1600 0.3354E-01 0.1251E+04 0.3820E-04 0.9156E+01 0.2836E+06 0.2620E+02  8.954 0.0247 0.1993E-04 0.1000E+01
1605 0.3435E-01 0.1243E+04 0.3716E-04 0.9137E+01 0.2828E+06 0.2636E+02  8.941 0.0245 0.1993E-04 0.1000E+01
1610 0.3518E-01 0.1236E+04 0.3614E-04 0.9119E+01 0.2819E+06 0.2652E+02  8.929 0.0243 0.1993E-04 0.1000E+01
1615 0.3603E-01 0.1229E+04 0.3514E-04 0.9100E+01 0.2811E+06 0.2669E+02  8.916 0.0241 0.1993E-04 0.1000E+01
1620 0.3690E-01 0.1221E+04 0.3417E-04 0.9082E+01 0.2802E+06 0.2685E+02  8.903 0.0239 0.1993E-04 0.1000E+01
1625 0.3779E-01 0.1214E+04 0.3323E-04 0.9064E+01 0.2794E+06 0.2701E+02  8.890 0.0237 0.1993E-04 0.1000E+01
1630 0.3871E-01 0.1207E+04 0.3232E-04 0.9046E+01 0.2785E+06 0.2718E+02  8.877 0.0235 0.1993E-04 0.1000E+01
1635 0.3964E-01 0.1200E+04 0.3143E-04 0.9028E+01 0.2776E+06 0.2734E+02  8.865 0.0232 0.1993E-04 0.1000E+01
1640 0.4060E-01 0.1192E+04 0.3056E-04 0.9010E+01 0.2768E+06 0.2750E+02  8.852 0.0230 0.1992E-04 0.1000E+01
1645 0.4158E-01 0.1185E+04 0.2972E-04 0.8993E+01 0.2759E+06 0.2767E+02  8.839 0.0227 0.1992E-04 0.1000E+01
1650 0.4259E-01 0.1178E+04 0.2891E-04 0.8975E+01 0.2750E+06 0.2783E+02  8.826 0.0225 0.1992E-04 0.1000E+01
1655 0.4362E-01 0.1171E+04 0.2811E-04 0.8958E+01 0.2741E+06 0.2799E+02  8.814 0.0222 0.1992E-04 0.1000E+01
1660 0.4467E-01 0.1164E+04 0.2733E-04 0.8941E+01 0.2732E+06 0.2816E+02  8.801 0.0219 0.1992E-04 0.1000E+01
1665 0.4575E-01 0.1157E+04 0.2658E-04 0.8924E+01 0.2723E+06 0.2832E+02  8.788 0.0217 0.1992E-04 0.1000E+01
1670 0.4685E-01 0.1150E+04 0.2584E-04 0.8907E+01 0.2714E+06 0.2848E+02  8.776 0.0214 0.1992E-04 0.1000E+01
1675 0.4799E-01 0.1143E+04 0.2513E-04 0.8890E+01 0.2705E+06 0.2865E+02  8.763 0.0211 0.1992E-04 0.1000E+01
1680 0.4914E-01 0.1136E+04 0.2443E-04 0.8873E+01 0.2696E+06 0.2881E+02  8.750 0.0208 0.1992E-04 0.1000E+01
1684 0.5000E-01 0.1131E+04 0.2394E-04 0.8861E+01 0.2689E+06 0.2893E+02  8.741 0.0206 0.1992E-04 0.1000E+01
1685 0.5024E-01 0.1130E+04 0.2380E-04 0.8858E+01 0.2687E+06 0.2896E+02  8.739 0.0205 0.1992E-04 0.1000E+01
1690 0.5145E-01 0.1123E+04 0.2314E-04 0.8841E+01 0.2678E+06 0.2912E+02  8.726 0.0202 0.1992E-04 0.1000E+01
1695 0.5270E-01 0.1116E+04 0.2249E-04 0.8825E+01 0.2669E+06 0.2929E+02  8.713 0.0199 0.1992E-04 0.1000E+01
1700 0.5397E-01 0.1109E+04 0.2186E-04 0.8809E+01 0.2660E+06 0.2945E+02  8.701 0.0196 0.1992E-04 0.1000E+01
1705 0.5528E-01 0.1102E+04 0.2124E-04 0.8793E+01 0.2650E+06 0.2962E+02  8.688 0.0193 0.1992E-04 0.1000E+01
1710 0.5661E-01 0.1095E+04 0.2064E-04 0.8777E+01 0.2641E+06 0.2978E+02  8.675 0.0190 0.1992E-04 0.1000E+01
1715 0.5799E-01 0.1088E+04 0.2005E-04 0.8761E+01 0.2631E+06 0.2994E+02  8.663 0.0187 0.1991E-04 0.1000E+01
1720 0.5939E-01 0.1081E+04 0.1948E-04 0.8745E+01 0.2622E+06 0.3010E+02  8.650 0.0184 0.1991E-04 0.1000E+01
1725 0.6083E-01 0.1075E+04 0.1893E-04 0.8729E+01 0.2613E+06 0.3027E+02  8.638 0.0181 0.1991E-04 0.1000E+01
1730 0.6231E-01 0.1068E+04 0.1839E-04 0.8714E+01 0.2603E+06 0.3043E+02  8.625 0.0178 0.1991E-04 0.1000E+01
1735 0.6382E-01 0.1061E+04 0.1786E-04 0.8698E+01 0.2594E+06 0.3059E+02  8.612 0.0174 0.1991E-04 0.1000E+01
1740 0.6537E-01 0.1054E+04 0.1735E-04 0.8683E+01 0.2584E+06 0.3076E+02  8.600 0.0171 0.1991E-04 0.1000E+01
1745 0.6696E-01 0.1048E+04 0.1685E-04 0.8668E+01 0.2575E+06 0.3092E+02  8.587 0.0168 0.1991E-04 0.1000E+01
1750 0.6858E-01 0.1041E+04 0.1636E-04 0.8653E+01 0.2565E+06 0.3108E+02  8.575 0.0165 0.1991E-04 0.1000E+01
1755 0.7000E-01 0.1035E+04 0.1595E-04 0.8640E+01 0.2557E+06 0.3122E+02  8.564 0.0162 0.1991E-04 0.1000E+01
1755 0.7000E-01 0.1035E+04 0.1595E-04 0.8640E+01 0.2557E+06 0.3122E+02  8.564 0.0162 0.1991E-04 0.1000E+01
1760 0.7170E-01 0.1028E+04 0.1549E-04 0.8626E+01 0.2547E+06 0.3138E+02  8.552 0.0159 0.1991E-04 0.1000E+01
1765 0.7345E-01 0.1021E+04 0.1503E-04 0.8611E+01 0.2537E+06 0.3154E+02  8.539 0.0156 0.1991E-04 0.1000E+01
1770 0.7525E-01 0.1015E+04 0.1458E-04 0.8596E+01 0.2528E+06 0.3171E+02  8.526 0.0153 0.1991E-04 0.1000E+01
1775 0.7709E-01 0.1008E+04 0.1414E-04 0.8582E+01 0.2518E+06 0.3187E+02  8.514 0.0150 0.1991E-04 0.1000E+01
1780 0.7898E-01 0.1001E+04 0.1370E-04 0.8567E+01 0.2508E+06 0.3203E+02  8.501 0.0147 0.1991E-04 0.1000E+01
1785 0.8093E-01 0.9936E+03 0.1328E-04 0.8553E+01 0.2498E+06 0.3219E+02  8.489 0.0144 0.1991E-04 0.1000E+01
1790 0.8293E-01 0.9864E+03 0.1286E-04 0.8539E+01 0.2488E+06 0.3235E+02  8.476 0.0141 0.1991E-04 0.1000E+01
1795 0.8498E-01 0.9791E+03 0.1244E-04 0.8525E+01 0.2479E+06 0.3251E+02  8.464 0.0138 0.1991E-04 0.1000E+01
1800 0.8710E-01 0.9718E+03 0.1203E-04 0.8511E+01 0.2469E+06 0.3267E+02  8.451 0.0136 0.1991E-04 0.1000E+01
1805 0.8928E-01 0.9645E+03 0.1164E-04 0.8497E+01 0.2459E+06 0.3284E+02  8.439 0.0133 0.1991E-04 0.1000E+01
1810 0.9152E-01 0.9572E+03 0.1125E-04 0.8483E+01 0.2449E+06 0.3300E+02  8.426 0.0130 0.1991E-04 0.1000E+01
1815 0.9382E-01 0.9499E+03 0.1087E-04 0.8469E+01 0.2439E+06 0.3316E+02  8.414 0.0128 0.1991E-04 0.1000E+01
1820 0.9620E-01 0.9425E+03 0.1051E-04 0.8456E+01 0.2429E+06 0.3332E+02  8.401 0.0125 0.1991E-04 0.1000E+01
1825 0.9865E-01 0.9352E+03 0.1015E-04 0.8442E+01 0.2419E+06 0.3348E+02  8.389 0.0122 0.1991E-04 0.1000E+01
1828 0.1000E+00 0.9312E+03 0.9965E-05 0.8435E+01 0.2413E+06 0.3356E+02  8.382 0.0121 0.1991E-04 0.1000E+01
1830 0.1010E+00 0.9283E+03 0.9828E-05 0.8430E+01 0.2409E+06 0.3363E+02  8.377 0.0120 0.1990E-04 0.1000E+01
1835 0.1036E+00 0.9210E+03 0.9492E-05 0.8417E+01 0.2399E+06 0.3379E+02  8.365 0.0118 0.1990E-04 0.1000E+01
1840 0.1063E+00 0.9137E+03 0.9165E-05 0.8403E+01 0.2389E+06 0.3395E+02  8.352 0.0115 0.1990E-04 0.1000E+01
1845 0.1090E+00 0.9064E+03 0.8848E-05 0.8390E+01 0.2379E+06 0.3411E+02  8.340 0.0113 0.1990E-04 0.1000E+01
1850 0.1119E+00 0.8991E+03 0.8541E-05 0.8377E+01 0.2369E+06 0.3426E+02  8.327 0.0110 0.1990E-04 0.1000E+01
1855 0.1148E+00 0.8918E+03 0.8243E-05 0.8364E+01 0.2359E+06 0.3442E+02  8.315 0.0108 0.1990E-04 0.1000E+01
1860 0.1178E+00 0.8846E+03 0.7954E-05 0.8352E+01 0.2349E+06 0.3458E+02  8.302 0.0105 0.1990E-04 0.1000E+01
1865 0.1210E+00 0.8774E+03 0.7674E-05 0.8339E+01 0.2339E+06 0.3474E+02  8.290 0.0103 0.1990E-04 0.1000E+01
1870 0.1242E+00 0.8702E+03 0.7403E-05 0.8326E+01 0.2329E+06 0.3490E+02  8.277 0.0100 0.1990E-04 0.1000E+01
1875 0.1275E+00 0.8630E+03 0.7140E-05 0.8314E+01 0.2319E+06 0.3506E+02  8.265 0.0098 0.1990E-04 0.1000E+01
1880 0.1309E+00 0.8558E+03 0.6886E-05 0.8301E+01 0.2309E+06 0.3521E+02  8.253 0.0096 0.1990E-04 0.1000E+01
1885 0.1345E+00 0.8487E+03 0.6639E-05 0.8289E+01 0.2298E+06 0.3537E+02  8.240 0.0094 0.1990E-04 0.1000E+01
1890 0.1381E+00 0.8416E+03 0.6401E-05 0.8277E+01 0.2288E+06 0.3553E+02  8.228 0.0091 0.1990E-04 0.1000E+01
1895 0.1419E+00 0.8345E+03 0.6170E-05 0.8265E+01 0.2278E+06 0.3568E+02  8.215 0.0089 0.1990E-04 0.1000E+01
1900 0.1458E+00 0.8275E+03 0.5947E-05 0.8252E+01 0.2268E+06 0.3584E+02  8.203 0.0087 0.1990E-04 0.1000E+01
1905 0.1498E+00 0.8204E+03 0.5730E-05 0.8240E+01 0.2258E+06 0.3599E+02  8.191 0.0085 0.1990E-04 0.1000E+01
1906 0.1500E+00 0.8201E+03 0.5720E-05 0.8240E+01 0.2257E+06 0.3600E+02  8.190 0.0085 0.1990E-04 0.1000E+01
1910 0.1533E+00 0.8145E+03 0.5552E-05 0.8230E+01 0.2249E+06 0.3613E+02  8.180 0.0083 0.1990E-04 0.1000E+01
1915 0.1576E+00 0.8075E+03 0.5348E-05 0.8219E+01 0.2239E+06 0.3628E+02  8.168 0.0081 0.1990E-04 0.1000E+01
1920 0.1620E+00 0.8005E+03 0.5151E-05 0.8207E+01 0.2228E+06 0.3644E+02  8.155 0.0079 0.1990E-04 0.1000E+01
1925 0.1665E+00 0.7936E+03 0.4960E-05 0.8195E+01 0.2218E+06 0.3659E+02  8.143 0.0077 0.1990E-04 0.1000E+01
1930 0.1713E+00 0.7866E+03 0.4776E-05 0.8184E+01 0.2208E+06 0.3674E+02  8.130 0.0075 0.1990E-04 0.1000E+01
1935 0.1761E+00 0.7798E+03 0.4598E-05 0.8172E+01 0.2198E+06 0.3690E+02  8.118 0.0073 0.1990E-04 0.1000E+01
1940 0.1812E+00 0.7729E+03 0.4427E-05 0.8161E+01 0.2188E+06 0.3705E+02  8.106 0.0071 0.1990E-04 0.1000E+01
1945 0.1864E+00 0.7661E+03 0.4261E-05 0.8150E+01 0.2177E+06 0.3720E+02  8.093 0.0069 0.1990E-04 0.1000E+01
1950 0.1917E+00 0.7593E+03 0.4101E-05 0.8138E+01 0.2167E+06 0.3736E+02  8.081 0.0067 0.1990E-04 0.1000E+01
1955 0.1973E+00 0.7526E+03 0.3947E-05 0.8127E+01 0.2157E+06 0.3751E+02  8.068 0.0065 0.1990E-04 0.1000E+01
1958 0.2000E+00 0.7494E+03 0.3876E-05 0.8122E+01 0.2152E+06 0.3758E+02  8.063 0.0064 0.1990E-04 0.1000E+01
1960 0.2023E+00 0.7468E+03 0.3816E-05 0.8118E+01 0.2148E+06 0.3764E+02  8.058 0.0064 0.1990E-04 0.1000E+01
1965 0.2082E+00 0.7401E+03 0.3672E-05 0.8107E+01 0.2138E+06 0.3779E+02  8.045 0.0062 0.1990E-04 0.1000E+01
1970 0.2144E+00 0.7335E+03 0.3533E-05 0.8096E+01 0.2128E+06 0.3794E+02  8.033 0.0060 0.1990E-04 0.1000E+01
1975 0.2207E+00 0.7269E+03 0.3399E-05 0.8085E+01 0.2117E+06 0.3810E+02  8.020 0.0058 0.1990E-04 0.1000E+01
1980 0.2273E+00 0.7204E+03 0.3270E-05 0.8074E+01 0.2107E+06 0.3825E+02  8.008 0.0057 0.1990E-04 0.1000E+01
1985 0.2341E+00 0.7139E+03 0.3146E-05 0.8063E+01 0.2097E+06 0.3840E+02  7.996 0.0055 0.1990E-04 0.1000E+01
1990 0.2411E+00 0.7075E+03 0.3026E-05 0.8053E+01 0.2087E+06 0.3855E+02  7.983 0.0053 0.1990E-04 0.1000E+01
1995 0.2483E+00 0.7011E+03 0.2911E-05 0.8042E+01 0.2077E+06 0.3869E+02  7.971 0.0052 0.1990E-04 0.1000E+01
1997 0.2500E+00 0.6997E+03 0.2885E-05 0.8040E+01 0.2074E+06 0.3873E+02  7.968 0.0051 0.1990E-04 0.1000E+01
2000 0.2545E+00 0.6959E+03 0.2819E-05 0.8034E+01 0.2068E+06 0.3882E+02  7.961 0.0050 0.1990E-04 0.1000E+01
2005 0.2622E+00 0.6896E+03 0.2711E-05 0.8023E+01 0.2058E+06 0.3897E+02  7.948 0.0049 0.1990E-04 0.1000E+01
2010 0.2702E+00 0.6834E+03 0.2608E-05 0.8013E+01 0.2048E+06 0.3911E+02  7.936 0.0047 0.1990E-04 0.1000E+01
2015 0.2784E+00 0.6772E+03 0.2508E-05 0.8003E+01 0.2038E+06 0.3926E+02  7.924 0.0046 0.1990E-04 0.1000E+01
2020 0.2870E+00 0.6710E+03 0.2412E-05 0.7993E+01 0.2028E+06 0.3941E+02  7.911 0.0044 0.1990E-04 0.1000E+01
2025 0.2958E+00 0.6650E+03 0.2320E-05 0.7983E+01 0.2018E+06 0.3955E+02  7.899 0.0043 0.1990E-04 0.1000E+01
2028 0.3000E+00 0.6622E+03 0.2279E-05 0.7978E+01 0.2013E+06 0.3962E+02  7.893 0.0042 0.1990E-04 0.1000E+01
2030 0.3037E+00 0.6598E+03 0.2244E-05 0.7974E+01 0.2009E+06 0.3968E+02  7.888 0.0042 0.1990E-04 0.1000E+01
2035 0.3131E+00 0.6538E+03 0.2158E-05 0.7964E+01 0.1999E+06 0.3983E+02  7.876 0.0041 0.1990E-04 0.1000E+01
2040 0.3228E+00 0.6479E+03 0.2076E-05 0.7954E+01 0.1989E+06 0.3997E+02  7.863 0.0039 0.1990E-04 0.1000E+01
2045 0.3329E+00 0.6420E+03 0.1997E-05 0.7944E+01 0.1979E+06 0.4012E+02  7.851 0.0038 0.1990E-04 0.1000E+01
2050 0.3433E+00 0.6362E+03 0.1921E-05 0.7935E+01 0.1969E+06 0.4026E+02  7.839 0.0037 0.1990E-04 0.1000E+01
2054 0.3500E+00 0.6326E+03 0.1875E-05 0.7928E+01 0.1963E+06 0.4035E+02  7.831 0.0036 0.1990E-04 0.1000E+01
2055 0.3522E+00 0.6314E+03 0.1860E-05 0.7927E+01 0.1961E+06 0.4038E+02  7.828 0.0036 0.1990E-04 0.1000E+01
2060 0.3632E+00 0.6257E+03 0.1789E-05 0.7917E+01 0.1951E+06 0.4052E+02  7.816 0.0034 0.1990E-04 0.1000E+01
2065 0.3747E+00 0.6200E+03 0.1720E-05 0.7907E+01 0.1941E+06 0.4067E+02  7.804 0.0033 0.1990E-04 0.1000E+01
2070 0.3865E+00 0.6143E+03 0.1654E-05 0.7898E+01 0.1931E+06 0.4081E+02  7.791 0.0032 0.1990E-04 0.1000E+01
2075 0.3988E+00 0.6086E+03 0.1590E-05 0.7889E+01 0.1921E+06 0.4095E+02  7.779 0.0031 0.1990E-04 0.1000E+01
2076 0.4000E+00 0.6081E+03 0.1584E-05 0.7888E+01 0.1920E+06 0.4096E+02  7.778 0.0031 0.1990E-04 0.1000E+01
2080 0.4101E+00 0.6036E+03 0.1535E-05 0.7880E+01 0.1912E+06 0.4108E+02  7.768 0.0030 0.1990E-04 0.1000E+01
2085 0.4232E+00 0.5980E+03 0.1475E-05 0.7871E+01 0.1902E+06 0.4122E+02  7.756 0.0029 0.1990E-04 0.1000E+01
2090 0.4368E+00 0.5924E+03 0.1417E-05 0.7862E+01 0.1892E+06 0.4136E+02  7.743 0.0028 0.1990E-04 0.1000E+01
2095 0.4500E+00 0.5871E+03 0.1365E-05 0.7853E+01 0.1883E+06 0.4149E+02  7.732 0.0027 0.1990E-04 0.1000E+01
2095 0.4500E+00 0.5871E+03 0.1365E-05 0.7853E+01 0.1883E+06 0.4149E+02  7.732 0.0027 0.1990E-04 0.1000E+01
2100 0.4645E+00 0.5815E+03 0.1311E-05 0.7844E+01 0.1873E+06 0.4163E+02  7.719 0.0026 0.1990E-04 0.1000E+01
2105 0.4796E+00 0.5760E+03 0.1258E-05 0.7835E+01 0.1864E+06 0.4177E+02  7.707 0.0025 0.1990E-04 0.1000E+01
2110 0.4952E+00 0.5704E+03 0.1208E-05 0.7826E+01 0.1854E+06 0.4191E+02  7.695 0.0024 0.1990E-04 0.1000E+01
2112 0.5000E+00 0.5687E+03 0.1193E-05 0.7823E+01 0.1851E+06 0.4195E+02  7.691 0.0024 0.1990E-04 0.1000E+01
2115 0.5097E+00 0.5654E+03 0.1163E-05 0.7818E+01 0.1845E+06 0.4204E+02  7.683 0.0024 0.1990E-04 0.1000E+01
2120 0.5264E+00 0.5598E+03 0.1116E-05 0.7809E+01 0.1835E+06 0.4217E+02  7.671 0.0023 0.1990E-04 0.1000E+01
2125 0.5437E+00 0.5543E+03 0.1069E-05 0.7801E+01 0.1826E+06 0.4231E+02  7.659 0.0022 0.1990E-04 0.1000E+01
2127 0.5500E+00 0.5523E+03 0.1054E-05 0.7797E+01 0.1822E+06 0.4236E+02  7.654 0.0022 0.1990E-04 0.1000E+01
2130 0.5608E+00 0.5490E+03 0.1027E-05 0.7792E+01 0.1816E+06 0.4244E+02  7.647 0.0021 0.1990E-04 0.1000E+01
2135 0.5794E+00 0.5434E+03 0.9842E-06 0.7784E+01 0.1807E+06 0.4258E+02  7.635 0.0021 0.1990E-04 0.1000E+01
2140 0.5988E+00 0.5379E+03 0.9429E-06 0.7775E+01 0.1797E+06 0.4271E+02  7.622 0.0020 0.1990E-04 0.1000E+01
2141 0.6000E+00 0.5376E+03 0.9404E-06 0.7775E+01 0.1796E+06 0.4272E+02  7.622 0.0020 0.1990E-04 0.1000E+01
2145 0.6160E+00 0.5332E+03 0.9085E-06 0.7768E+01 0.1789E+06 0.4283E+02  7.612 0.0019 0.1990E-04 0.1000E+01
2150 0.6367E+00 0.5278E+03 0.8701E-06 0.7759E+01 0.1779E+06 0.4297E+02  7.599 0.0019 0.1990E-04 0.1000E+01
2154 0.6500E+00 0.5244E+03 0.8470E-06 0.7754E+01 0.1773E+06 0.4305E+02  7.592 0.0018 0.1990E-04 0.1000E+01
2155 0.6543E+00 0.5234E+03 0.8397E-06 0.7752E+01 0.1771E+06 0.4308E+02  7.589 0.0018 0.1990E-04 0.1000E+01
2160 0.6765E+00 0.5180E+03 0.8040E-06 0.7744E+01 0.1762E+06 0.4321E+02  7.577 0.0017 0.1990E-04 0.1000E+01
2165 0.6996E+00 0.5126E+03 0.7697E-06 0.7736E+01 0.1752E+06 0.4334E+02  7.565 0.0017 0.1990E-04 0.1000E+01
2166 0.7000E+00 0.5125E+03 0.7691E-06 0.7736E+01 0.1752E+06 0.4335E+02  7.564 0.0017 0.1990E-04 0.1000E+01
2170 0.7191E+00 0.5083E+03 0.7427E-06 0.7729E+01 0.1745E+06 0.4345E+02  7.555 0.0016 0.1990E-04 0.1000E+01
2175 0.7438E+00 0.5030E+03 0.7109E-06 0.7721E+01 0.1735E+06 0.4359E+02  7.542 0.0016 0.1990E-04 0.1000E+01
2177 0.7500E+00 0.5018E+03 0.7034E-06 0.7719E+01 0.1733E+06 0.4362E+02  7.539 0.0016 0.1990E-04 0.1000E+01
2180 0.7654E+00 0.4986E+03 0.6852E-06 0.7714E+01 0.1727E+06 0.4370E+02  7.532 0.0015 0.1990E-04 0.1000E+01
2185 0.7919E+00 0.4935E+03 0.6558E-06 0.7706E+01 0.1718E+06 0.4383E+02  7.520 0.0015 0.1990E-04 0.1000E+01
2187 0.8000E+00 0.4919E+03 0.6474E-06 0.7704E+01 0.1715E+06 0.4387E+02  7.516 0.0014 0.1990E-04 0.1000E+01
2190 0.8166E+00 0.4889E+03 0.6306E-06 0.7699E+01 0.1709E+06 0.4395E+02  7.508 0.0014 0.1990E-04 0.1000E+01
2195 0.8451E+00 0.4838E+03 0.6037E-06 0.7691E+01 0.1700E+06 0.4408E+02  7.496 0.0014 0.1990E-04 0.1000E+01
2196 0.8500E+00 0.4830E+03 0.5993E-06 0.7690E+01 0.1698E+06 0.4410E+02  7.494 0.0014 0.1990E-04 0.1000E+01
2200 0.8738E+00 0.4790E+03 0.5789E-06 0.7683E+01 0.1691E+06 0.4420E+02  7.484 0.0013 0.1990E-04 0.1000E+01
2205 0.9000E+00 0.4748E+03 0.5579E-06 0.7677E+01 0.1683E+06 0.4432E+02  7.474 0.0013 0.1990E-04 0.1000E+01
2205 0.9000E+00 0.4748E+03 0.5579E-06 0.7677E+01 0.1683E+06 0.4432E+02  7.474 0.0013 0.1990E-04 0.1000E+01
2210 0.9317E+00 0.4700E+03 0.5344E-06 0.7669E+01 0.1674E+06 0.4445E+02  7.461 0.0012 0.1990E-04 0.1000E+01
2213 0.9500E+00 0.4673E+03 0.5217E-06 0.7664E+01 0.1669E+06 0.4452E+02  7.454 0.0012 0.1990E-04 0.1000E+01
2215 0.9633E+00 0.4654E+03 0.5129E-06 0.7661E+01 0.1665E+06 0.4457E+02  7.450 0.0012 0.1990E-04 0.1000E+01
2220 0.9975E+00 0.4607E+03 0.4914E-06 0.7654E+01 0.1656E+06 0.4470E+02  7.437 0.0011 0.1990E-04 0.1000E+01
2221 0.1000E+01 0.4603E+03 0.4899E-06 0.7653E+01 0.1655E+06 0.4471E+02  7.436 0.0011 0.1990E-04 0.1000E+01
2225 0.1028E+01 0.4566E+03 0.4734E-06 0.7647E+01 0.1648E+06 0.4481E+02  7.427 0.0011 0.1990E-04 0.1000E+01
2230 0.1065E+01 0.4520E+03 0.4537E-06 0.7639E+01 0.1639E+06 0.4494E+02  7.414 0.0010 0.1990E-04 0.1000E+01
2235 0.1103E+01 0.4474E+03 0.4348E-06 0.7632E+01 0.1629E+06 0.4506E+02  7.402 0.0010 0.1990E-04 0.1000E+01
2240 0.1142E+01 0.4429E+03 0.4167E-06 0.7624E+01 0.1620E+06 0.4519E+02  7.390 0.0009 0.1990E-04 0.1000E+01
2245 0.1183E+01 0.4385E+03 0.3994E-06 0.7617E+01 0.1611E+06 0.4532E+02  7.377 0.0009 0.1990E-04 0.1000E+01
2250 0.1226E+01 0.4341E+03 0.3829E-06 0.7610E+01 0.1602E+06 0.4544E+02  7.365 0.0009 0.1990E-04 0.1000E+01
2255 0.1270E+01 0.4297E+03 0.3670E-06 0.7602E+01 0.1593E+06 0.4557E+02  7.353 0.0008 0.1990E-04 0.1000E+01
2260 0.1315E+01 0.4254E+03 0.3518E-06 0.7595E+01 0.1584E+06 0.4569E+02  7.340 0.0008 0.1990E-04 0.1000E+01
2265 0.1363E+01 0.4211E+03 0.3373E-06 0.7588E+01 0.1575E+06 0.4582E+02  7.328 0.0007 0.1990E-04 0.1000E+01
2270 0.1412E+01 0.4169E+03 0.3234E-06 0.7581E+01 0.1566E+06 0.4594E+02  7.316 0.0007 0.1990E-04 0.1000E+01
2275 0.1463E+01 0.4128E+03 0.3101E-06 0.7574E+01 0.1557E+06 0.4606E+02  7.303 0.0006 0.1990E-04 0.1000E+01
2279 0.1500E+01 0.4098E+03 0.3009E-06 0.7569E+01 0.1551E+06 0.4615E+02  7.295 0.0006 0.1990E-04 0.1000E+01
2280 0.1511E+01 0.4090E+03 0.2984E-06 0.7567E+01 0.1549E+06 0.4617E+02  7.292 0.0006 0.1990E-04 0.1000E+01
2285 0.1565E+01 0.4049E+03 0.2861E-06 0.7560E+01 0.1541E+06 0.4630E+02  7.280 0.0005 0.1990E-04 0.1000E+01
2290 0.1622E+01 0.4008E+03 0.2742E-06 0.7553E+01 0.1532E+06 0.4642E+02  7.268 0.0005 0.1990E-04 0.1000E+01
2295 0.1681E+01 0.3968E+03 0.2629E-06 0.7546E+01 0.1523E+06 0.4654E+02  7.255 0.0005 0.1990E-04 0.1000E+01
2300 0.1741E+01 0.3928E+03 0.2520E-06 0.7539E+01 0.1514E+06 0.4666E+02  7.243 0.0004 0.1990E-04 0.1000E+01
2305 0.1805E+01 0.3889E+03 0.2416E-06 0.7533E+01 0.1506E+06 0.4678E+02  7.231 0.0004 0.1990E-04 0.1000E+01
2310 0.1870E+01 0.3849E+03 0.2316E-06 0.7526E+01 0.1497E+06 0.4690E+02  7.218 0.0003 0.1990E-04 0.1000E+01
2315 0.1938E+01 0.3811E+03 0.2220E-06 0.7519E+01 0.1488E+06 0.4702E+02  7.206 0.0002 0.1990E-04 0.1000E+01
2320 0.2000E+01 0.3777E+03 0.2138E-06 0.7513E+01 0.1481E+06 0.4712E+02  7.195 0.0002 0.1990E-04 0.1000E+01
2320 0.2000E+01 0.3777E+03 0.2138E-06 0.7513E+01 0.1481E+06 0.4712E+02  7.195 0.0002 0.1990E-04 0.1000E+01
2325 0.2073E+01 0.3738E+03 0.2049E-06 0.7506E+01 0.1472E+06 0.4724E+02  7.183 0.0002 0.1990E-04 0.1000E+01
2330 0.2148E+01 0.3700E+03 0.1964E-06 0.7500E+01 0.1464E+06 0.4735E+02  7.171 0.0002 0.1990E-04 0.1000E+01
2335 0.2226E+01 0.3663E+03 0.1882E-06 0.7493E+01 0.1455E+06 0.4747E+02  7.159 0.0001 0.1990E-04 0.1000E+01
2340 0.2307E+01 0.3625E+03 0.1803E-06 0.7487E+01 0.1447E+06 0.4759E+02  7.146 0.0001 0.1990E-04 0.1000E+01
2345 0.2392E+01 0.3588E+03 0.1728E-06 0.7480E+01 0.1438E+06 0.4770E+02  7.134 0.0001 0.1990E-04 0.1000E+01
2350 0.2479E+01 0.3552E+03 0.1656E-06 0.7474E+01 0.1430E+06 0.4782E+02  7.122 0.0001 0.1990E-04 0.1000E+01
2352 0.2500E+01 0.3543E+03 0.1639E-06 0.7472E+01 0.1428E+06 0.4785E+02  7.119 0.0001 0.1990E-04 0.1000E+01
2355 0.2554E+01 0.3522E+03 0.1598E-06 0.7469E+01 0.1423E+06 0.4791E+02  7.112 0.0001 0.1990E-04 0.1000E+01
2360 0.2647E+01 0.3486E+03 0.1531E-06 0.7462E+01 0.1415E+06 0.4803E+02  7.099 0.0001 0.1990E-04 0.1000E+01
2365 0.2744E+01 0.3450E+03 0.1467E-06 0.7456E+01 0.1407E+06 0.4814E+02  7.087 0.0001 0.1990E-04 0.1000E+01
2370 0.2845E+01 0.3415E+03 0.1405E-06 0.7450E+01 0.1399E+06 0.4825E+02  7.075 0.0001 0.1990E-04 0.1000E+01
2375 0.2949E+01 0.3380E+03 0.1346E-06 0.7444E+01 0.1390E+06 0.4837E+02  7.063 0.0001 0.1990E-04 0.1000E+01
2378 0.3000E+01 0.3363E+03 0.1319E-06 0.7441E+01 0.1387E+06 0.4842E+02  7.057 0.0001 0.1990E-04 0.1000E+01
2380 0.3043E+01 0.3349E+03 0.1297E-06 0.7438E+01 0.1383E+06 0.4846E+02  7.052 0.0001 0.1990E-04 0.1000E+01
2385 0.3155E+01 0.3315E+03 0.1242E-06 0.7432E+01 0.1375E+06 0.4857E+02  7.040 0.0001 0.1990E-04 0.1000E+01
2390 0.3271E+01 0.3281E+03 0.1190E-06 0.7426E+01 0.1367E+06 0.4869E+02  7.028 0.0001 0.1990E-04 0.1000E+01
2395 0.3391E+01 0.3247E+03 0.1140E-06 0.7420E+01 0.1359E+06 0.4880E+02  7.015 0.0001 0.1990E-04 0.1000E+01
2400 0.3500E+01 0.3218E+03 0.1097E-06 0.7415E+01 0.1352E+06 0.4889E+02  7.005 0.0001 0.1990E-04 0.1000E+01
2400 0.3500E+01 0.3218E+03 0.1097E-06 0.7415E+01 0.1352E+06 0.4889E+02  7.005 0.0001 0.1990E-04 0.1000E+01
2405 0.3629E+01 0.3184E+03 0.1051E-06 0.7409E+01 0.1344E+06 0.4900E+02  6.992 0.0001 0.1990E-04 0.1000E+01
2410 0.3763E+01 0.3151E+03 0.1007E-06 0.7403E+01 0.1336E+06 0.4911E+02  6.980 0.0001 0.1990E-04 0.1000E+01
2415 0.3901E+01 0.3119E+03 0.9641E-07 0.7397E+01 0.1329E+06 0.4922E+02  6.968 0.0001 0.1990E-04 0.1000E+01
2419 0.4000E+01 0.3096E+03 0.9358E-07 0.7393E+01 0.1323E+06 0.4929E+02  6.960 0.0001 0.1990E-04 0.1000E+01
2420 0.4029E+01 0.3090E+03 0.9277E-07 0.7392E+01 0.1322E+06 0.4931E+02  6.957 0.0001 0.1990E-04 0.1000E+01
2425 0.4178E+01 0.3058E+03 0.8887E-07 0.7386E+01 0.1314E+06 0.4942E+02  6.945 0.0001 0.1990E-04 0.1000E+01
2430 0.4332E+01 0.3026E+03 0.8511E-07 0.7381E+01 0.1306E+06 0.4953E+02  6.933 0.0001 0.1990E-04 0.1000E+01
2435 0.4492E+01 0.2995E+03 0.8152E-07 0.7375E+01 0.1298E+06 0.4963E+02  6.921 0.0001 0.1990E-04 0.1000E+01
2436 0.4500E+01 0.2994E+03 0.8134E-07 0.7375E+01 0.1298E+06 0.4964E+02  6.920 0.0001 0.1990E-04 0.1000E+01
2440 0.4632E+01 0.2969E+03 0.7858E-07 0.7370E+01 0.1292E+06 0.4972E+02  6.910 0.0001 0.1990E-04 0.1000E+01
2445 0.4803E+01 0.2938E+03 0.7526E-07 0.7364E+01 0.1284E+06 0.4983E+02  6.898 0.0000 0.1990E-04 0.1000E+01
2450 0.4980E+01 0.2908E+03 0.7208E-07 0.7359E+01 0.1277E+06 0.4993E+02  6.886 0.0000 0.1990E-04 0.1000E+01
2451 0.5000E+01 0.2904E+03 0.7174E-07 0.7358E+01 0.1276E+06 0.4994E+02  6.885 0.0000 0.1990E-04 0.1000E+01
2455 0.5147E+01 0.2880E+03 0.6930E-07 0.7354E+01 0.1270E+06 0.5003E+02  6.875 0.0000 0.1990E-04 0.1000E+01
2460 0.5337E+01 0.2850E+03 0.6636E-07 0.7348E+01 0.1262E+06 0.5013E+02  6.863 0.0000 0.1990E-04 0.1000E+01
2465 0.5500E+01 0.2826E+03 0.6404E-07 0.7344E+01 0.1256E+06 0.5022E+02  6.853 0.0000 0.1990E-04 0.1000E+01
2465 0.5500E+01 0.2826E+03 0.6404E-07 0.7344E+01 0.1256E+06 0.5022E+02  6.853 0.0000 0.1990E-04 0.1000E+01
2470 0.5703E+01 0.2796E+03 0.6133E-07 0.7338E+01 0.1249E+06 0.5032E+02  6.841 0.0000 0.1990E-04 0.1000E+01
2475 0.5915E+01 0.2767E+03 0.5875E-07 0.7333E+01 0.1241E+06 0.5042E+02  6.829 0.0000 0.1990E-04 0.1000E+01
2477 0.6000E+01 0.2756E+03 0.5776E-07 0.7331E+01 0.1238E+06 0.5046E+02  6.824 0.0000 0.1990E-04 0.1000E+01
2480 0.6132E+01 0.2739E+03 0.5628E-07 0.7328E+01 0.1234E+06 0.5052E+02  6.817 0.0000 0.1990E-04 0.1000E+01
2485 0.6360E+01 0.2711E+03 0.5391E-07 0.7323E+01 0.1227E+06 0.5062E+02  6.805 0.0000 0.1990E-04 0.1000E+01
2488 0.6500E+01 0.2694E+03 0.5254E-07 0.7319E+01 0.1222E+06 0.5068E+02  6.797 0.0000 0.1990E-04 0.1000E+01
2490 0.6595E+01 0.2683E+03 0.5164E-07 0.7317E+01 0.1219E+06 0.5072E+02  6.793 0.0000 0.1990E-04 0.1000E+01
2495 0.6840E+01 0.2655E+03 0.4946E-07 0.7312E+01 0.1212E+06 0.5082E+02  6.781 0.0000 0.1990E-04 0.1000E+01
2499 0.7000E+01 0.2637E+03 0.4813E-07 0.7309E+01 0.1207E+06 0.5089E+02  6.773 0.0000 0.1990E-04 0.1000E+01
2500 0.7051E+01 0.2632E+03 0.4772E-07 0.7308E+01 0.1206E+06 0.5091E+02  6.770 0.0000 0.1990E-04 0.1000E+01
2505 0.7312E+01 0.2605E+03 0.4572E-07 0.7303E+01 0.1199E+06 0.5101E+02  6.758 0.0000 0.1990E-04 0.1000E+01
2509 0.7500E+01 0.2586E+03 0.4437E-07 0.7299E+01 0.1194E+06 0.5107E+02  6.750 0.0000 0.1990E-04 0.1000E+01
2510 0.7554E+01 0.2581E+03 0.4399E-07 0.7298E+01 0.1192E+06 0.5109E+02  6.748 0.0000 0.1990E-04 0.1000E+01
2515 0.7834E+01 0.2554E+03 0.4216E-07 0.7293E+01 0.1185E+06 0.5119E+02  6.736 0.0000 0.1990E-04 0.1000E+01
2518 0.8000E+01 0.2539E+03 0.4113E-07 0.7290E+01 0.1181E+06 0.5125E+02  6.729 0.0000 0.1990E-04 0.1000E+01
2520 0.8117E+01 0.2528E+03 0.4043E-07 0.7288E+01 0.1178E+06 0.5129E+02  6.724 0.0000 0.1990E-04 0.1000E+01
2525 0.8417E+01 0.2503E+03 0.3876E-07 0.7283E+01 0.1171E+06 0.5138E+02  6.712 0.0000 0.1990E-04 0.1000E+01
2527 0.8500E+01 0.2496E+03 0.3831E-07 0.7282E+01 0.1169E+06 0.5141E+02  6.709 0.0000 0.1990E-04 0.1000E+01
2530 0.8686E+01 0.2480E+03 0.3735E-07 0.7279E+01 0.1165E+06 0.5147E+02  6.701 0.0000 0.1990E-04 0.1000E+01
2535 0.9000E+01 0.2456E+03 0.3584E-07 0.7274E+01 0.1158E+06 0.5156E+02  6.690 0.0000 0.1990E-04 0.1000E+01
2535 0.9000E+01 0.2456E+03 0.3584E-07 0.7274E+01 0.1158E+06 0.5156E+02  6.690 0.0000 0.1990E-04 0.1000E+01
2540 0.9331E+01 0.2431E+03 0.3437E-07 0.7269E+01 0.1151E+06 0.5166E+02  6.678 0.0000 0.1990E-04 0.1000E+01
2543 0.9500E+01 0.2419E+03 0.3366E-07 0.7267E+01 0.1148E+06 0.5170E+02  6.672 0.0000 0.1990E-04 0.1000E+01
2545 0.9638E+01 0.2409E+03 0.3310E-07 0.7265E+01 0.1145E+06 0.5174E+02  6.667 0.0000 0.1990E-04 0.1000E+01
2550 0.9992E+01 0.2385E+03 0.3175E-07 0.7260E+01 0.1138E+06 0.5184E+02  6.655 0.0000 0.1990E-04 0.1000E+01
2551 0.1000E+02 0.2384E+03 0.3172E-07 0.7260E+01 0.1138E+06 0.5184E+02  6.655 0.0000 0.1990E-04 0.1000E+01
